000000000000000000000000000000000000000000000000000000000000011010000110001000001111001010110010
000000000000000000000000000000000000000000000000000000000000011101111011010111110010110101110010
000000000000000000000000000000000000000000000000000000000000010110111111010101101101001010000001
000000000000000000000000000000000000000000000000000000000000010010110001111101101010000000111101
000000000000000000000000000000000000000000000000000000000000010010111000111000000101100101001001
000000000000000000000000000000000000000000000000000000000000100111101001001000101110001111101000
000000000000000000000000000000000000000000000000000000000000010101000100011110001001000110111000
000000000000000000000000000000000000000000000000000000000000111101011011111000000101000111001101
000000000000000000000000000000000000000000000000000000000000111011100110111100000100011101110110
000000000000000000000000000000000000000000000000000000000000001010001101000010001001111100110001
000000000000000000000000000000000000000000000000000000000000100101011110110101010101101000101101
000000000000000000000000000000000000000000000000000000000000011001111111010110000010101100011100
000000000000000000000000000000000000000000000000000000000000010011100101111100010010110101010101
000000000000000000000000000000000000000000000000000000000000000001100110011110100111011000000011
000000000000000000000000000000000000000000000000000000000000001011011100111001110101000110000100
000000000000000000000000000000000000000000000000000000000000001000110101011011101001111000111111
000000000000000000000000000000000000000000000000000000000000101010011101010101110101101001100111
000000000000000000000000000000000000000000000000000000000000001010010011100100001011100110111100
000000000000000000000000000000000000000000000000000000000000001110111110110110010111101101000110
000000000000000000000000000000000000000000000000000000000000000001000010000101001101011000111000
000000000000000000000000000000000000000000000000000000000000001000011000011110001101001010110000
000000000000000000000000000000000000000000000000000000000000101000001110111111100001100101111000
000000000000000000000000000000000000000000000000000000000000100110010111001001100100100110111011
000000000000000000000000000000000000000000000000000000000000110000011101110011101100110111010110
000000000000000000000000000000000000000000000000000000000000101110100110011111011110101011011100
000000000000000000000000000000000000000000000000000000000000101010100110001000111011000100111001
000000000000000000000000000000000000000000000000000000000000111010001010111010101001110110011110
000000000000000000000000000000000000000000000000000000000000100101010100101011011000010011101100
000000000000000000000000000000000000000000000000000000000000001101101010111101010000111010101111
000000000000000000000000000000000000000000000000000000000000100010011010111011011110001110011100
000000000000000000000000000000000000000000000000000000000000010001011001101111010000010100101111
000000000000000000000000000000000000000000000000000000000000101000101100100011100100111111110011
000000000000000000000000000000000000000000000000000000000000100100101000111010110100011111000000
000000000000000000000000000000000000000000000000000000000000100000111101100111001101101110011110
000000000000000000000000000000000000000000000000000000000000111101110001001010011010011010000100
000000000000000000000000000000000000000000000000000000000000011010101011011011011101011000100110
000000000000000000000000000000000000000000000000000000000000010101101000011110110000111100010110
000000000000000000000000000000000000000000000000000000000000010100110111111001000110110001001000
000000000000000000000000000000000000000000000000000000000000100101010011011101101110011100000101
000000000000000000000000000000000000000000000000000000000000100110000010111000101111110000100000
000000000000000000000000000000000000000000000000000000000000101011001100011001010111110110101101
000000000000000000000000000000000000000000000000000000000000100011011101001111010101110001000010
000000000000000000000000000000000000000000000000000000000000111101101110101110011011010011111000
000000000000000000000000000000000000000000000000000000000000101011111000011100110100110001101100
000000000000000000000000000000000000000000000000000000000000101010010101101010100001101011111010
000000000000000000000000000000000000000000000000000000000000000010000001111100111101000011011111
000000000000000000000000000000000000000000000000000000000000110001011010111101000101100111101010
000000000000000000000000000000000000000000000000000000000000101101001000010000011101100101110001
000000000000000000000000000000000000000000000000000000000000101001010100011101011001000101000011
000000000000000000000000000000000000000000000000000000000000011001111100000111001011111000011111
000000000000000000000000000000000000000000000000000000000000001110011110001111101000010111110111
000000000000000000000000000000000000000000000000000000000000110111100000001101010000110111110100
000000000000000000000000000000000000000000000000000000000000001001110010000100011110001011111011
000000000000000000000000000000000000000000000000000000000000010010111000101110010110101111001010
000000000000000000000000000000000000000000000000000000000000110001100001011100111010001101110011
000000000000000000000000000000000000000000000000000000000000000011010101001001110000000000001111
000000000000000000000000000000000000000000000000000000000000111011000001100010000101101111000110
000000000000000000000000000000000000000000000000000000000000111111001110111101100001111000000111
000000000000000000000000000000000000000000000000000000000000111100000110001010011010010001000110
000000000000000000000000000000000000000000000000000000000000110111111101000011101000110100011110
000000000000000000000000000000000000000000000000000000000000001101010111100101111000011100011110
000000000000000000000000000000000000000000000000000000000000001010000111011001101111110001110100
000000000000000000000000000000000000000000000000000000000000111101111110111000101000010010000010
000000000000000000000000000000000000000000000000000000000000100110011000101110000101100000110101
000000000000000000000000000000000000000000000000000000000000000110001101111110101000101001001101
000000000000000000000000000000000000000000000000000000000000111000010001011100001110010100100100
000000000000000000000000000000000000000000000000000000000000110001001101001001010011110110001001
000000000000000000000000000000000000000000000000000000000000000000101101011010000101101111110000
000000000000000000000000000000000000000000000000000000000000010001111111100100101001000111001010
000000000000000000000000000000000000000000000000000000000000110111111111100110100100001111100001
000000000000000000000000000000000000000000000000000000000000100111011010000111000000010010000101
000000000000000000000000000000000000000000000000000000000000111010010101111010110000011010110001
000000000000000000000000000000000000000000000000000000000000110101000100001110001000001011001011
000000000000000000000000000000000000000000000000000000000000001011001001011101100010100110001101
000000000000000000000000000000000000000000000000000000000000100110101000011101001000001000000001
000000000000000000000000000000000000000000000000000000000000100100110001111011000110110100010001
000000000000000000000000000000000000000000000000000000000000011111111101110000100100110100000000
000000000000000000000000000000000000000000000000000000000000010100001000001000000001100101101101
000000000000000000000000000000000000000000000000000000000000110111110001010110011011100011000110
000000000000000000000000000000000000000000000000000000000000010011011000011001000010100110100100
000000000000000000000000000000000000000000000000000000000000110001111110010101101000110000101000
000000000000000000000000000000000000000000000000000000000000100000111111100001000111110110010110
000000000000000000000000000000000000000000000000000000000000001101101010001001010110111110000001
000000000000000000000000000000000000000000000000000000000000001111000101111000001110111001011100
000000000000000000000000000000000000000000000000000000000000101111011001010101001100001100010001
000000000000000000000000000000000000000000000000000000000000011100000000110100100011110000000001
000000000000000000000000000000000000000000000000000000000000010001010001101010110110111000000101
000000000000000000000000000000000000000000000000000000000000000000111001011010111000001100010110
000000000000000000000000000000000000000000000000000000000000011001100100011000001010101110100011
000000000000000000000000000000000000000000000000000000000000001111110000001111110111000010001011
000000000000000000000000000000000000000000000000000000000000000000110110110011011100011110001011
000000000000000000000000000000000000000000000000000000000000011110111011001011101000111011011101
000000000000000000000000000000000000000000000000000000000000101101101010101101000011101101001100
000000000000000000000000000000000000000000000000000000000000100110011110010000011101101011001100
000000000000000000000000000000000000000000000000000000000000101101110011001100101011111111111001
000000000000000000000000000000000000000000000000000000000000010000011110011110010111010101001111
000000000000000000000000000000000000000000000000000000000000111010111110111001000100001100110011
000000000000000000000000000000000000000000000000000000000000001100000011110100110011010010101001
000000000000000000000000000000000000000000000000000000000000010111100010111011100101001110001100
000000000000000000000000000000000000000000000000000000000000111011000000000111000011110100110011
000000000000000000000000000000000000000000000000000000000000110110010111111111101001000101101001
000000000000000000000000000000000000000000000000000000000000110111100001010100100011111101100001
000000000000000000000000000000000000000000000000000000000000010110110010101110111110000101100010
000000000000000000000000000000000000000000000000000000000000111000110101010010100100100010000000
000000000000000000000000000000000000000000000000000000000000111011110011001110001011011111011101
000000000000000000000000000000000000000000000000000000000000110100011101100101011001101000110001
000000000000000000000000000000000000000000000000000000000000100011011100110001111010110011011101
000000000000000000000000000000000000000000000000000000000000111111101001011011001101000111100011
000000000000000000000000000000000000000000000000000000000000001100001100111001011000000010111111
000000000000000000000000000000000000000000000000000000000000001000111101111000111110011110110010
000000000000000000000000000000000000000000000000000000000000110010010000011111010101010011101110
000000000000000000000000000000000000000000000000000000000000000110101010110011010001110101011110
000000000000000000000000000000000000000000000000000000000000111111110100100111110010010110110011
000000000000000000000000000000000000000000000000000000000000001000011110011010101010011000011101
000000000000000000000000000000000000000000000000000000000000010000011100000111111010000111111101
000000000000000000000000000000000000000000000000000000000000011110111100100001011010011010000001
000000000000000000000000000000000000000000000000000000000000100001010001000010100011000100110110
000000000000000000000000000000000000000000000000000000000000010101100001001100101011111101001010
000000000000000000000000000000000000000000000000000000000000000011101111110010101010011100011111
000000000000000000000000000000000000000000000000000000000000110111011111001010000010110101111000
000000000000000000000000000000000000000000000000000000000000001101011011100100010100100000001110
000000000000000000000000000000000000000000000000000000000000011010111000101111011010000101111101
000000000000000000000000000000000000000000000000000000000000100010010100111101010110100101101001
000000000000000000000000000000000000000000000000000000000000100010011010110110110111100011111100
000000000000000000000000000000000000000000000000000000000000000101110001100101010001010110010111
000000000000000000000000000000000000000000000000000000000000111000100111101110011001000111011110
000000000000000000000000000000000000000000000000000000000000001011101100001111011011001110010110
000000000000000000000000000000000000000000000000000000000000001011111100000100100000111111101101
000000000000000000000000000000000000000000000000000000000000001011011010011010110111100100011010
000000000000000000000000000000000000000000000000000000000000010011111110011000110111111110000001
000000000000000000000000000000000000000000000000000000000000010010011011111000011001000110101011
000000000000000000000000000000000000000000000000000000000000010101111111110000010111001011010000
000000000000000000000000000000000000000000000000000000000000000011000110111110101111100110001111
000000000000000000000000000000000000000000000000000000000000010011111011010000011110110000001011
000000000000000000000000000000000000000000000000000000000000001100010110001011110001110111101110
000000000000000000000000000000000000000000000000000000000000111001000110000001001101011000001011
000000000000000000000000000000000000000000000000000000000000010111101101000100000010111110000010
000000000000000000000000000000000000000000000000000000000000101011111111000110001101100111101001
000000000000000000000000000000000000000000000000000000000000011110001001000011100011101000010000
000000000000000000000000000000000000000000000000000000000000011101110010101101110100100000010010
000000000000000000000000000000000000000000000000000000000000100010001110111100110001100111010110
000000000000000000000000000000000000000000000000000000000000000001010100100011011110010100001101
000000000000000000000000000000000000000000000000000000000000110000111000001001100010001000011011
000000000000000000000000000000000000000000000000000000000000111000011010110011110110100100000011
000000000000000000000000000000000000000000000000000000000000001000001110111000101011101111101100
000000000000000000000000000000000000000000000000000000000000101000111101101010110010000010100100
000000000000000000000000000000000000000000000000000000000000010110011001101111110001000010011100
000000000000000000000000000000000000000000000000000000000000110100111111101110001011100101000110
000000000000000000000000000000000000000000000000000000000000010111110101100011111101101010111110
000000000000000000000000000000000000000000000000000000000000010011011110111110011011101111101111
000000000000000000000000000000000000000000000000000000000000100001000100000010010101011011001010
000000000000000000000000000000000000000000000000000000000000010011101010011000000011010101110101
000000000000000000000000000000000000000000000000000000000000101101011000000011101011111100011010
000000000000000000000000000000000000000000000000000000000000011100001110001110011001100101110101
000000000000000000000000000000000000000000000000000000000000101111010101000100101000000101000111
000000000000000000000000000000000000000000000000000000000000101100010001110010101000001010111000
000000000000000000000000000000000000000000000000000000000000110100101011001110111011101100100101
000000000000000000000000000000000000000000000000000000000000001010000001010101110011001100101011
000000000000000000000000000000000000000000000000000000000000001010100001010101101011000111100000
000000000000000000000000000000000000000000000000000000000000111010010101010010100111110101011000
000000000000000000000000000000000000000000000000000000000000100111100011110100010010111000100110
000000000000000000000000000000000000000000000000000000000000000111100100101000000110010111000110
000000000000000000000000000000000000000000000000000000000000000001111110000110100001010010011111
000000000000000000000000000000000000000000000000000000000000100100101000111010101011010100100010
000000000000000000000000000000000000000000000000000000000000010011001010100010001100111000011110
000000000000000000000000000000000000000000000000000000000000111001111010001100111001101001010111
000000000000000000000000000000000000000000000000000000000000101000110001010110011100010110001000
000000000000000000000000000000000000000000000000000000000000111000001010001010001010101001110011
000000000000000000000000000000000000000000000000000000000000010001100101001010001110111111001000
000000000000000000000000000000000000000000000000000000000000011111101011000111001000100001110111
000000000000000000000000000000000000000000000000000000000000101101011111010010110100011001100000
000000000000000000000000000000000000000000000000000000000000101000101100101110101001000111111010
000000000000000000000000000000000000000000000000000000000000001110101001111101001011001001111011
000000000000000000000000000000000000000000000000000000000000101111001110010111001100011010010100
000000000000000000000000000000000000000000000000000000000000001011111011001010101100111010110101
000000000000000000000000000000000000000000000000000000000000001101000011011100111000011001001100
000000000000000000000000000000000000000000000000000000000000010101100001011011000010111100011001
000000000000000000000000000000000000000000000000000000000000100011011100010011110100101100110001
000000000000000000000000000000000000000000000000000000000000011000000101001111011111100000111110
000000000000000000000000000000000000000000000000000000000000011001010100101101011101011100101001
000000000000000000000000000000000000000000000000000000000000101010110111111000111001011000010011
000000000000000000000000000000000000000000000000000000000000000100011001110010010100000010101101
000000000000000000000000000000000000000000000000000000000000111100111011011010011011001100100110
000000000000000000000000000000000000000000000000000000000000100100111010000100001000100001101010
000000000000000000000000000000000000000000000000000000000000111111000101101110110011010101011011
000000000000000000000000000000000000000000000000000000000000001000100100111111001000110000111110
000000000000000000000000000000000000000000000000000000000000100110111111111110010110011001111010
000000000000000000000000000000000000000000000000000000000000101111110011011010100000010001100000
000000000000000000000000000000000000000000000000000000000000101111110111100101110000000000010100
000000000000000000000000000000000000000000000000000000000000111000110001011100111011111000011001
000000000000000000000000000000000000000000000000000000000000000011000101100110011001001101011011
000000000000000000000000000000000000000000000000000000000000000101101001111001010110110001011111
000000000000000000000000000000000000000000000000000000000000001011111010100101111100010110001111
000000000000000000000000000000000000000000000000000000000000110101011001101101111011000001011010
000000000000000000000000000000000000000000000000000000000000110100000110110110001000110011000101
000000000000000000000000000000000000000000000000000000000000111111101110101111111100110111101011
000000000000000000000000000000000000000000000000000000000000100100010001100001011011110101110000
000000000000000000000000000000000000000000000000000000000000001100100000000000111111111101001110
000000000000000000000000000000000000000000000000000000000000111011001010010010010000000101011010
000000000000000000000000000000000000000000000000000000000000101010011000111111110100100000100110
