000000000000000000000000000000000000000000000000000000000000000011000111100010010001010101110001
000000000000000000000000000000000000000000000000000000000000110010111101110000111000100010110111
000000000000000000000000000000000000000000000000000000000000010100010111010000001111110011000101
000000000000000000000000000000000000000000000000000000000000000111111001011111010100111100111010
000000000000000000000000000000000000000000000000000000000000001001110101110000001011011010101110
000000000000000000000000000000000000000000000000000000000000110101110110111111000010010100000100
000000000000000000000000000000000000000000000000000000000000101000101100100100111001000111010110
000000000000000000000000000000000000000000000000000000000000010001010111010110110100011000000111
000000000000000000000000000000000000000000000000000000000000000110001111110001100010011100111100
000000000000000000000000000000000000000000000000000000000000011101001000011010111011101010110111
000000000000000000000000000000000000000000000000000000000000000111100010011100110011010111100110
000000000000000000000000000000000000000000000000000000000000110010111011001011111001010110010111
000000000000000000000000000000000000000000000000000000000000011001111000010111000101001101100111
000000000000000000000000000000000000000000000000000000000000100010100001010101111100111110101001
000000000000000000000000000000000000000000000000000000000000101111000111000110000001001001000111
000000000000000000000000000000000000000000000000000000000000000000000110101011010100101010001000
000000000000000000000000000000000000000000000000000000000000001111001111000001011011000100111001
000000000000000000000000000000000000000000000000000000000000100010110111110011011100001011111100
000000000000000000000000000000000000000000000000000000000000001100001111111000001011000111111011
000000000000000000000000000000000000000000000000000000000000100110101001100011111101000000111001
000000000000000000000000000000000000000000000000000000000000010100111010010100011010000101000100
000000000000000000000000000000000000000000000000000000000000010001011111010111010000011100011010
000000000000000000000000000000000000000000000000000000000000011001110001101001110111000001001011
000000000000000000000000000000000000000000000000000000000000100100010110010101101110111101000101
000000000000000000000000000000000000000000000000000000000000011010101101100111111001110110001111
000000000000000000000000000000000000000000000000000000000000001101111111111000110100010011100001
000000000000000000000000000000000000000000000000000000000000001100011111101101100001101111110111
000000000000000000000000000000000000000000000000000000000000111100011010100000001001110101100010
000000000000000000000000000000000000000000000000000000000000011100000011011101000101000100010011
000000000000000000000000000000000000000000000000000000000000010100001110011001110100101100111011
000000000000000000000000000000000000000000000000000000000000010010110110101111100001000110000010
000000000000000000000000000000000000000000000000000000000000001011001101000000011000001101111101
000000000000000000000000000000000000000000000000000000000000101101101110110000001110011010010111
000000000000000000000000000000000000000000000000000000000000000101000110001001111000000110100001
000000000000000000000000000000000000000000000000000000000000110011101110100011011011010001111000
000000000000000000000000000000000000000000000000000000000000101110011100101100000111111100100010
000000000000000000000000000000000000000000000000000000000000011100100110010111110110010010111100
000000000000000000000000000000000000000000000000000000000000000000110100111000011011110011110111
000000000000000000000000000000000000000000000000000000000000100101001011010011010011110101110100
000000000000000000000000000000000000000000000000000000000000111110010000111111111011101010010101
000000000000000000000000000000000000000000000000000000000000110010111000001011011001101001111111
000000000000000000000000000000000000000000000000000000000000111011101111001101011010010111100001
000000000000000000000000000000000000000000000000000000000000100111001100110111110100011010011101
000000000000000000000000000000000000000000000000000000000000100000111101001000110011001111110111
000000000000000000000000000000000000000000000000000000000000111111001101111101010100000111010010
000000000000000000000000000000000000000000000000000000000000000110000001011100000011000001101011
000000000000000000000000000000000000000000000000000000000000110010110111110011000010000111100001
000000000000000000000000000000000000000000000000000000000000010111101101000101100000001101111010
000000000000000000000000000000000000000000000000000000000000110001010110100110110000101010100001
000000000000000000000000000000000000000000000000000000000000110000011101111111010000111011001100
000000000000000000000000000000000000000000000000000000000000101110110010100101011001011111001000
000000000000000000000000000000000000000000000000000000000000100000111000011111111001110110010100
000000000000000000000000000000000000000000000000000000000000101100010010101110011000000101000000
000000000000000000000000000000000000000000000000000000000000010101100011101100110011000111101100
000000000000000000000000000000000000000000000000000000000000100110001000101010101001011100001011
000000000000000000000000000000000000000000000000000000000000101010100111110011101010100011111101
000000000000000000000000000000000000000000000000000000000000000100100010110100100111011010001101
000000000000000000000000000000000000000000000000000000000000100001110100111001001100001001010000
000000000000000000000000000000000000000000000000000000000000001111010011100111101101010001010110
000000000000000000000000000000000000000000000000000000000000011010110011101100100000001111100000
000000000000000000000000000000000000000000000000000000000000101001100111000101111000000010110000
000000000000000000000000000000000000000000000000000000000000111111000010101111100111110101001011
000000000000000000000000000000000000000000000000000000000000111110111011010101101110010001000000
000000000000000000000000000000000000000000000000000000000000011101000111110000010000100111111010
000000000000000000000000000000000000000000000000000000000000010100111101111010110010100100101100
000000000000000000000000000000000000000000000000000000000000010100110101000110001101101101100100
000000000000000000000000000000000000000000000000000000000000001011111100001001011110001100110011
000000000000000000000000000000000000000000000000000000000000110001111011101011001110011001010110
000000000000000000000000000000000000000000000000000000000000110101011000111111100000011010010011
000000000000000000000000000000000000000000000000000000000000001001011100100000100101100000000100
000000000000000000000000000000000000000000000000000000000000101101111001010101011011101000111000
000000000000000000000000000000000000000000000000000000000000110010001010001000111100000011011101
000000000000000000000000000000000000000000000000000000000000000110010011001000010101010110010100
000000000000000000000000000000000000000000000000000000000000110011010100010101011000011000100110
000000000000000000000000000000000000000000000000000000000000100000010011111110001010000010011010
000000000000000000000000000000000000000000000000000000000000111001110010110100111010001000010011
000000000000000000000000000000000000000000000000000000000000101100101101010110100011101001111101
000000000000000000000000000000000000000000000000000000000000000111010101101111100001001110010111
000000000000000000000000000000000000000000000000000000000000101110110111000000101100010100100110
000000000000000000000000000000000000000000000000000000000000111010001101001100111110100010111010
000000000000000000000000000000000000000000000000000000000000101010001110001111100101110011000101
000000000000000000000000000000000000000000000000000000000000011000100100101110101110111110111011
000000000000000000000000000000000000000000000000000000000000011111000100101101011010110110010011
000000000000000000000000000000000000000000000000000000000000100110110010110000110001011001001001
000000000000000000000000000000000000000000000000000000000000110100011101001010100001100101000111
000000000000000000000000000000000000000000000000000000000000111111010000100001111101011011110110
000000000000000000000000000000000000000000000000000000000000010011101001010000110110010001011000
000000000000000000000000000000000000000000000000000000000000100111000101110001111110110100001010
000000000000000000000000000000000000000000000000000000000000000010001010110000111111101100011010
000000000000000000000000000000000000000000000000000000000000010111101011000100011111100011010000
000000000000000000000000000000000000000000000000000000000000100100011010111001100101011110010100
000000000000000000000000000000000000000000000000000000000000011010001010101000000100010001110011
000000000000000000000000000000000000000000000000000000000000101101000100001100010111010100100000
000000000000000000000000000000000000000000000000000000000000011101011001000110110000001001100010
000000000000000000000000000000000000000000000000000000000000100101001101011111110011111101110000
000000000000000000000000000000000000000000000000000000000000010100010011110010101001111010110001
000000000000000000000000000000000000000000000000000000000000001010011111111100000000000110010001
000000000000000000000000000000000000000000000000000000000000110110101011010101111010011000010110
000000000000000000000000000000000000000000000000000000000000111001010000011001101000000010110010
000000000000000000000000000000000000000000000000000000000000000010110111011010010101111011110101
000000000000000000000000000000000000000000000000000000000000101111001001100101000100000111111110
000000000000000000000000000000000000000000000000000000000000010101110001011011000100101000001111
000000000000000000000000000000000000000000000000000000000000110110110011110011111111000110001001
000000000000000000000000000000000000000000000000000000000000000101001011111101000110000110111110
000000000000000000000000000000000000000000000000000000000000010000110110110111011101110111101111
000000000000000000000000000000000000000000000000000000000000011111111000101000101100000011000000
000000000000000000000000000000000000000000000000000000000000010010010101110101110111001001011010
000000000000000000000000000000000000000000000000000000000000000110110110100001001111011001100010
000000000000000000000000000000000000000000000000000000000000110100001000101011001100010011011001
000000000000000000000000000000000000000000000000000000000000100011111001010110000001100011010011
000000000000000000000000000000000000000000000000000000000000101101011100111101100111010010100110
000000000000000000000000000000000000000000000000000000000000010111010000000000011111101011010100
000000000000000000000000000000000000000000000000000000000000101100000010100100101001000100110011
000000000000000000000000000000000000000000000000000000000000010111110101000110101001111011100100
000000000000000000000000000000000000000000000000000000000000000111101101110111101000010100100000
000000000000000000000000000000000000000000000000000000000000011000010111110110000000001110101100
000000000000000000000000000000000000000000000000000000000000101101000010100000110111111100011000
000000000000000000000000000000000000000000000000000000000000000000111101001101010110101100110110
000000000000000000000000000000000000000000000000000000000000110100011111000000010101101111101011
000000000000000000000000000000000000000000000000000000000000000010000110101001111010001010100100
000000000000000000000000000000000000000000000000000000000000000110110010010010000111001011011010
000000000000000000000000000000000000000000000000000000000000101001111111011000010000000001101000
000000000000000000000000000000000000000000000000000000000000111100100010010110011001100100100000
000000000000000000000000000000000000000000000000000000000000011011111000000001111011011110101110
000000000000000000000000000000000000000000000000000000000000011111110111111101010011000000000111
000000000000000000000000000000000000000000000000000000000000101000111010101110001011000100000000
000000000000000000000000000000000000000000000000000000000000101000111000011010101010001100001101
000000000000000000000000000000000000000000000000000000000000111000110110101111100110010000111000
000000000000000000000000000000000000000000000000000000000000110111000011110001110100101000000111
000000000000000000000000000000000000000000000000000000000000001010010111000111111000011010111011
000000000000000000000000000000000000000000000000000000000000011001101011111011101010110011001001
000000000000000000000000000000000000000000000000000000000000111111101010001110011111101100100001
000000000000000000000000000000000000000000000000000000000000001010001000010011100100011100110100
000000000000000000000000000000000000000000000000000000000000011100000000110010001001000010010111
000000000000000000000000000000000000000000000000000000000000000011111000111110100110001110010001
000000000000000000000000000000000000000000000000000000000000000000111000001000100010111101001001
000000000000000000000000000000000000000000000000000000000000110000110111101010100100011111100101
000000000000000000000000000000000000000000000000000000000000101110000111010111100010000011001110
000000000000000000000000000000000000000000000000000000000000111001000000100110110001100001100100
000000000000000000000000000000000000000000000000000000000000001010001000001111101010010110010011
000000000000000000000000000000000000000000000000000000000000010100110001011101010101000101101010
000000000000000000000000000000000000000000000000000000000000111000100001110101101011101111001000
000000000000000000000000000000000000000000000000000000000000001101010100010101011111000111011100
000000000000000000000000000000000000000000000000000000000000011001011011011101110100101010000100
000000000000000000000000000000000000000000000000000000000000100101010001101111011011111110010100
000000000000000000000000000000000000000000000000000000000000000101110010000110111110011110000101
000000000000000000000000000000000000000000000000000000000000001100010110001010101111011110001100
000000000000000000000000000000000000000000000000000000000000101110111100011100000010010001000111
000000000000000000000000000000000000000000000000000000000000010011011110001101010010100011000101
000000000000000000000000000000000000000000000000000000000000110101001100101001111100101100110000
000000000000000000000000000000000000000000000000000000000000111010011001000101100010011100110100
000000000000000000000000000000000000000000000000000000000000010000011001110110001011100011010011
000000000000000000000000000000000000000000000000000000000000101000110010111000100111110011110010
000000000000000000000000000000000000000000000000000000000000011110001010011110001011001010101100
000000000000000000000000000000000000000000000000000000000000111101001011111101001011010100111010
000000000000000000000000000000000000000000000000000000000000101001111110110010010100111000010001
000000000000000000000000000000000000000000000000000000000000001111011000010110100011110010111111
000000000000000000000000000000000000000000000000000000000000001110001101010000010110010111011100
000000000000000000000000000000000000000000000000000000000000011010010111111100011011000100101111
000000000000000000000000000000000000000000000000000000000000000001010100101000000110110100111001
000000000000000000000000000000000000000000000000000000000000101001001111100110101110110111111101
000000000000000000000000000000000000000000000000000000000000000110010100000011010101000001001101
000000000000000000000000000000000000000000000000000000000000010111001100101010111101001110110101
000000000000000000000000000000000000000000000000000000000000100100111100111111011000111110110011
000000000000000000000000000000000000000000000000000000000000101100011000110011100011011010111111
000000000000000000000000000000000000000000000000000000000000110001010011001111011111111001001010
000000000000000000000000000000000000000000000000000000000000001110001000010110000010000000110111
000000000000000000000000000000000000000000000000000000000000111101110001101000010110100011110001
000000000000000000000000000000000000000000000000000000000000010100010111010001110101100110110010
000000000000000000000000000000000000000000000000000000000000111001101111010110010101100110100100
000000000000000000000000000000000000000000000000000000000000110011100011110111101011100100111011
000000000000000000000000000000000000000000000000000000000000010111111011001010001110101110000001
000000000000000000000000000000000000000000000000000000000000001000010001100001010100010110100001
000000000000000000000000000000000000000000000000000000000000100101100110001011000001100011000101
000000000000000000000000000000000000000000000000000000000000111011101001101100010111110101001110
000000000000000000000000000000000000000000000000000000000000110001000000000100011000000011001110
000000000000000000000000000000000000000000000000000000000000110101011111011100011010000000110011
000000000000000000000000000000000000000000000000000000000000001011011000010100000111111011010001
000000000000000000000000000000000000000000000000000000000000001011100000101100101101100000111011
000000000000000000000000000000000000000000000000000000000000100010101011000101111111110100101111
000000000000000000000000000000000000000000000000000000000000100011010010011101110010100101000000
000000000000000000000000000000000000000000000000000000000000101000110011001000111111011001000111
000000000000000000000000000000000000000000000000000000000000000001110011111100101101001110000011
000000000000000000000000000000000000000000000000000000000000100100100111101101111101000101000010
000000000000000000000000000000000000000000000000000000000000110110010000010111110111101111100111
000000000000000000000000000000000000000000000000000000000000100100111000011111011100110000001011
000000000000000000000000000000000000000000000000000000000000110110111010011110000111010011011010
000000000000000000000000000000000000000000000000000000000000101010010000110000110111010000101001
000000000000000000000000000000000000000000000000000000000000000100111010011001001100001101001001
000000000000000000000000000000000000000000000000000000000000011001010101111101100110001000010111
000000000000000000000000000000000000000000000000000000000000010111011000001011010101100100001001
000000000000000000000000000000000000000000000000000000000000101011100101010000110001110010110101
000000000000000000000000000000000000000000000000000000000000011110010110001011110000011011111101
000000000000000000000000000000000000000000000000000000000000110100000011101010001011101100110100
000000000000000000000000000000000000000000000000000000000000110110000011011001000110110110001010
000000000000000000000000000000000000000000000000000000000000101111111010000100010110100111101110
000000000000000000000000000000000000000000000000000000000000100100000001100001100001111111111101
000000000000000000000000000000000000000000000000000000000000011101010000110011100000001100011011
000000000000000000000000000000000000000000000000000000000000011111111011011110000011010000100101
000000000000000000000000000000000000000000000000000000000000110010101000100001110010011111001111
