011000001001100100110000010111001011000000000000000000000000000000000000000000000000000000000000
000011111100110001111101110000011111000000000000000000000000000000000000000000000000000000000000
100100111110111100111101100001101111000000000000000000000000000000000000000000000000000000000000
010000101010101000010010000000111011000000000000000000000000000000000000000000000000000000000000
110001011111110001000111100100001000000000000000000000000000000000000000000000000000000000000000
100100010000010010000110111111000001000000000000000000000000000000000000000000000000000000000000
100110110101110010110011110111011010000000000000000000000000000000000000000000000000000000000000
110001101011000000111101110101010110000000000000000000000000000000000000000000000000000000000000
110011001111110100011111001110110101000000000000000000000000000000000000000000000000000000000000
101001000000101111111010000010000010000000000000000000000000000000000000000000000000000000000000
110010001100110110101111110111001110000000000000000000000000000000000000000000000000000000000000
001011011110010000001001011001000010000000000000000000000000000000000000000000000000000000000000
100101111100101010101110110000010110000000000000000000000000000000000000000000000000000000000000
111001111100111101011000110010110000000000000000000000000000000000000000000000000000000000000000
011011011100111011000101011010100100000000000000000000000000000000000000000000000000000000000000
001011101100110000110111110100100111000000000000000000000000000000000000000000000000000000000000
011110111001011010011001011010110010000000000000000000000000000000000000000000000000000000000000
001001000000000111111000100100110110000000000000000000000000000000000000000000000000000000000000
001110011001011101101000101100000000000000000000000000000000000000000000000000000000000000000000
011011000010010111010011011111000010000000000000000000000000000000000000000000000000000000000000
000001110000011111111010100010110101000000000000000000000000000000000000000000000000000000000000
110000101110010100001001010011111000000000000000000000000000000000000000000000000000000000000000
001110000100011001100110100101110110000000000000000000000000000000000000000000000000000000000000
010000010100000110010111000001100000000000000000000000000000000000000000000000000000000000000000
001111001111010000111101000101110000000000000000000000000000000000000000000000000000000000000000
100111100001101011000011110010010111000000000000000000000000000000000000000000000000000000000000
111101110100011010011101110000000000000000000000000000000000000000000000000000000000000000000000
110001101001011000000100100111000011000000000000000000000000000000000000000000000000000000000000
110011100110101101011000000001101000000000000000000000000000000000000000000000000000000000000000
010110101011011001011000101111111001000000000000000000000000000000000000000000000000000000000000
111101000001010001010011100001110111000000000000000000000000000000000000000000000000000000000000
010101011101001001100000001100110110000000000000000000000000000000000000000000000000000000000000
110000000111000010011110101011001010000000000000000000000000000000000000000000000000000000000000
111001010111010010010110110000100110000000000000000000000000000000000000000000000000000000000000
100110011110011010111101001110001110000000000000000000000000000000000000000000000000000000000000
000110011100000010000011011111001010000000000000000000000000000000000000000000000000000000000000
010110011110000100001001001110000010000000000000000000000000000000000000000000000000000000000000
110100010001111100010100111111110100000000000000000000000000000000000000000000000000000000000000
011101101011101100000010110010011100000000000000000000000000000000000000000000000000000000000000
010100111010100001111111010110100000000000000000000000000000000000000000000000000000000000000000
101110000100110101011000011111100101000000000000000000000000000000000000000000000000000000000000
010010000000010110100010011101111111000000000000000000000000000000000000000000000000000000000000
110110100011100010100001000010100111000000000000000000000000000000000000000000000000000000000000
110110000101111100100100110010101101000000000000000000000000000000000000000000000000000000000000
010100101011110101111010100001001110000000000000000000000000000000000000000000000000000000000000
110111111101010100011000111011010000000000000000000000000000000000000000000000000000000000000000
110010011100111011010111101000001101000000000000000000000000000000000000000000000000000000000000
111110111010000110101011000011001100000000000000000000000000000000000000000000000000000000000000
001100001110011101111010001010111010000000000000000000000000000000000000000000000000000000000000
000101100100101011100001010100000100000000000000000000000000000000000000000000000000000000000000
111100110110110000010110101100110100000000000000000000000000000000000000000000000000000000000000
110110101000111000010011101010000110000000000000000000000000000000000000000000000000000000000000
001001111000000111000010010001001100000000000000000000000000000000000000000000000000000000000000
111111001111100011111011110010010100000000000000000000000000000000000000000000000000000000000000
110110001011110011111101000101001100000000000000000000000000000000000000000000000000000000000000
111110101000110011000110001111011000000000000000000000000000000000000000000000000000000000000000
110000101100100010011101111101101011000000000000000000000000000000000000000000000000000000000000
000100101100100111011101001110101100000000000000000000000000000000000000000000000000000000000000
110111101011111000010101000011111001000000000000000000000000000000000000000000000000000000000000
000111111100100001001110101000000111000000000000000000000000000000000000000000000000000000000000
100011011011010100110111110000000001000000000000000000000000000000000000000000000000000000000000
010110000100001100001001101101010001000000000000000000000000000000000000000000000000000000000000
001101001111010010100101001101010100000000000000000000000000000000000000000000000000000000000000
101101101001110111010100101011111110000000000000000000000000000000000000000000000000000000000000
011001001111010011111101011110100010000000000000000000000000000000000000000000000000000000000000
111011011101110010100111011011110110000000000000000000000000000000000000000000000000000000000000
110000110010101100001000011011111110000000000000000000000000000000000000000000000000000000000000
011100011101011001001100000010111101000000000000000000000000000000000000000000000000000000000000
000000000001011000100100101110110101000000000000000000000000000000000000000000000000000000000000
001001110110100001010011101010010101000000000000000000000000000000000000000000000000000000000000
001101111111001010011011010101110111000000000000000000000000000000000000000000000000000000000000
101111111011101110011110000010011101000000000000000000000000000000000000000000000000000000000000
001001010010000011010111111111111001000000000000000000000000000000000000000000000000000000000000
111101010100111000110111110000001110000000000000000000000000000000000000000000000000000000000000
011111101110101110111000101110101110000000000000000000000000000000000000000000000000000000000000
001110111011100010111101000101011011000000000000000000000000000000000000000000000000000000000000
111100100101101111101011111100110110000000000000000000000000000000000000000000000000000000000000
110000111100100010010011110001011111000000000000000000000000000000000000000000000000000000000000
011001110101011010010110111011010011000000000000000000000000000000000000000000000000000000000000
110101011000111001111111010001011101000000000000000000000000000000000000000000000000000000000000
110011000111001000110010010011111000000000000000000000000000000000000000000000000000000000000000
000011100110010110000111111000000101000000000000000000000000000000000000000000000000000000000000
001001111111011000001100000110011101000000000000000000000000000000000000000000000000000000000000
100101101100100001011001100100101110000000000000000000000000000000000000000000000000000000000000
110011001101100010010111111111000100000000000000000000000000000000000000000000000000000000000000
100100011010111001000010111010101111000000000000000000000000000000000000000000000000000000000000
100111111100111010110100101101000111000000000000000000000000000000000000000000000000000000000000
100101001111011110111001001100001101000000000000000000000000000000000000000000000000000000000000
100011000110000001010111101101110111000000000000000000000000000000000000000000000000000000000000
010011110011111101101010010011110111000000000000000000000000000000000000000000000000000000000000
000000011100100011001110110100110001000000000000000000000000000000000000000000000000000000000000
100111100011100001101100001001011000000000000000000000000000000000000000000000000000000000000000
001001100101011111110010111011011001000000000000000000000000000000000000000000000000000000000000
100110101001010111101111000111011010000000000000000000000000000000000000000000000000000000000000
110011100010011001110101100000110011000000000000000000000000000000000000000000000000000000000000
001111110011001001110110001100100101000000000000000000000000000000000000000000000000000000000000
100000100000101010110110011110001100000000000000000000000000000000000000000000000000000000000000
100001110101100000111000010011011111000000000000000000000000000000000000000000000000000000000000
000111111100010100101011010110110011000000000000000000000000000000000000000000000000000000000000
111110110000001111111001001011100110000000000000000000000000000000000000000000000000000000000000
010101111100010000111111001001110111000000000000000000000000000000000000000000000000000000000000
000111111000101101101110100000111000000000000000000000000000000000000000000000000000000000000000
111101000001000001111011011110000111000000000000000000000000000000000000000000000000000000000000
111000110001010011101011000010100000000000000000000000000000000000000000000000000000000000000000
010011001010010001011110001101001101000000000000000000000000000000000000000000000000000000000000
001011001111010000100100101010010100000000000000000000000000000000000000000000000000000000000000
111111000000101110110001111000111000000000000000000000000000000000000000000000000000000000000000
110101011011001110001100110110010111000000000000000000000000000000000000000000000000000000000000
110000010001101011110110011010010111000000000000000000000000000000000000000000000000000000000000
100110101100000100011011011001101001000000000000000000000000000000000000000000000000000000000000
101101001010100111100100111110100010000000000000000000000000000000000000000000000000000000000000
000000100001001101100010011000111010000000000000000000000000000000000000000000000000000000000000
100010011010100100000001110110001100000000000000000000000000000000000000000000000000000000000000
100001110000101101111001011010010001000000000000000000000000000000000000000000000000000000000000
101010100101010010011110100001011011000000000000000000000000000000000000000000000000000000000000
111111110101110100100110001101000000000000000000000000000000000000000000000000000000000000000000
011010001101000110001011010011111011000000000000000000000000000000000000000000000000000000000000
001111011100100110001110101100111100000000000000000000000000000000000000000000000000000000000000
101110111100111000110010000101011010000000000000000000000000000000000000000000000000000000000000
100001011000000010110110000110001010000000000000000000000000000000000000000000000000000000000000
001010110000111110111101111111110010000000000000000000000000000000000000000000000000000000000000
011001101001100001110000111100011011000000000000000000000000000000000000000000000000000000000000
000110001011100001111000101100000001000000000000000000000000000000000000000000000000000000000000
001111001110011011011010001001000010000000000000000000000000000000000000000000000000000000000000
010000000110101110001100110110011110000000000000000000000000000000000000000000000000000000000000
010100001101100111011000010000011011000000000000000000000000000000000000000000000000000000000000
101100000101100110100010110000100110000000000000000000000000000000000000000000000000000000000000
011110100000110011110111110110010000000000000000000000000000000000000000000000000000000000000000
001111110100011101011000010011110000000000000000000000000000000000000000000000000000000000000000
100111110001101001111101111001111110000000000000000000000000000000000000000000000000000000000000
111000000011100101010110001010010110000000000000000000000000000000000000000000000000000000000000
110101001111110000110110001101011010000000000000000000000000000000000000000000000000000000000000
000111011100000001011101001010011111000000000000000000000000000000000000000000000000000000000000
110011010101101101111010000010001010000000000000000000000000000000000000000000000000000000000000
001101001110101101111001010101100010000000000000000000000000000000000000000000000000000000000000
000101110101100110001110100100101100000000000000000000000000000000000000000000000000000000000000
100000110100110111001101011001110111000000000000000000000000000000000000000000000000000000000000
100010100000011011100010010000011110000000000000000000000000000000000000000000000000000000000000
111110001001000000000011111110111110000000000000000000000000000000000000000000000000000000000000
011010100001000101001111111000101000000000000000000000000000000000000000000000000000000000000000
110100101110111110010110011111001010000000000000000000000000000000000000000000000000000000000000
001010001010110111100011110101001110000000000000000000000000000000000000000000000000000000000000
000001101111001110110110010011110110000000000000000000000000000000000000000000000000000000000000
011111010000010011000110111000111000000000000000000000000000000000000000000000000000000000000000
111111100110001111000111010011101111000000000000000000000000000000000000000000000000000000000000
000111011010110110100100001111101011000000000000000000000000000000000000000000000000000000000000
110010110110100100101101110100111110000000000000000000000000000000000000000000000000000000000000
000111100111100001011001111000011010000000000000000000000000000000000000000000000000000000000000
010011101000101101001101001011101010000000000000000000000000000000000000000000000000000000000000
011000110101110001111100010100001001000000000000000000000000000000000000000000000000000000000000
110001010000000101011110110111011011000000000000000000000000000000000000000000000000000000000000
111011100101010111000100010101111111000000000000000000000000000000000000000000000000000000000000
100011101001111111010101011100111010000000000000000000000000000000000000000000000000000000000000
110100001011001111010111010110111100000000000000000000000000000000000000000000000000000000000000
000110001100101101011110000110100000000000000000000000000000000000000000000000000000000000000000
010010011100000011110001100101100111000000000000000000000000000000000000000000000000000000000000
100111010101001100001110001111011100000000000000000000000000000000000000000000000000000000000000
110110011101111100001000011010100110000000000000000000000000000000000000000000000000000000000000
111000101011111010010001101100111010000000000000000000000000000000000000000000000000000000000000
001100100100011100000100110000111011000000000000000000000000000000000000000000000000000000000000
001000100011011110110010100000111001000000000000000000000000000000000000000000000000000000000000
000101001001101011011110010100101011000000000000000000000000000000000000000000000000000000000000
101000101100010101000100000111010100000000000000000000000000000000000000000000000000000000000000
011110011101110110011010001011101110000000000000000000000000000000000000000000000000000000000000
001001111111011111001100000001100110000000000000000000000000000000000000000000000000000000000000
001000111101100001111000010100111010000000000000000000000000000000000000000000000000000000000000
001001011000010101111101010010110100000000000000000000000000000000000000000000000000000000000000
010101011000001100011111111111010111000000000000000000000000000000000000000000000000000000000000
101111101111001100010101010000111011000000000000000000000000000000000000000000000000000000000000
110000001011000111011110011110011111000000000000000000000000000000000000000000000000000000000000
100101101110000011100111111000011001000000000000000000000000000000000000000000000000000000000000
000100111001000100001000101010001010000000000000000000000000000000000000000000000000000000000000
000011000110110110011011000111010111000000000000000000000000000000000000000000000000000000000000
110110101110100100101000101010001110000000000000000000000000000000000000000000000000000000000000
010010001011101001100011011000001000000000000000000000000000000000000000000000000000000000000000
001100000010010011101011111001011111000000000000000000000000000000000000000000000000000000000000
111011111101011110111111010000110111000000000000000000000000000000000000000000000000000000000000
010001001100101101000001101111101000000000000000000000000000000000000000000000000000000000000000
011101111011100010000110101011101110000000000000000000000000000000000000000000000000000000000000
010110100111010011101100001011010001000000000000000000000000000000000000000000000000000000000000
000111100000111010010000111000000011000000000000000000000000000000000000000000000000000000000000
101001011011101000011111001110111011000000000000000000000000000000000000000000000000000000000000
111100001110110111001101110000001111000000000000000000000000000000000000000000000000000000000000
011010000011001100001101110100000000000000000000000000000000000000000000000000000000000000000000
010001111101100101011111000001011110000000000000000000000000000000000000000000000000000000000000
011000110001011110111011111111111111000000000000000000000000000000000000000000000000000000000000
100110100100100101010100100001100111000000000000000000000000000000000000000000000000000000000000
000101100000101011010100000111100000000000000000000000000000000000000000000000000000000000000000
010011111001101010101000110011001011000000000000000000000000000000000000000000000000000000000000
000011100101111000001110101111100001000000000000000000000000000000000000000000000000000000000000
100110001001000010100101000110111000000000000000000000000000000000000000000000000000000000000000
110001100000111111101110001010011100000000000000000000000000000000000000000000000000000000000000
110111101000111010101000011011001101000000000000000000000000000000000000000000000000000000000000
000011100101111110111001010011000101000000000000000000000000000000000000000000000000000000000000
111111100101111001001011010110101000000000000000000000000000000000000000000000000000000000000000
101011000011101011000010011101101101000000000000000000000000000000000000000000000000000000000000
110000110000101001001100110110100111000000000000000000000000000000000000000000000000000000000000
011101110110000111111001110110001111000000000000000000000000000000000000000000000000000000000000
011101011011000011111111110001111000000000000000000000000000000000000000000000000000000000000000
101110001011100000011000011110100111000000000000000000000000000000000000000000000000000000000000
000111010100011000110011011101000101000000000000000000000000000000000000000000000000000000000000
010110100101000100101101111101101100000000000000000000000000000000000000000000000000000000000000
001011100101111011101000101000101110000000000000000000000000000000000000000000000000000000000000
001101110101000101000001000011011101000000000000000000000000000000000000000000000000000000000000
011010111011011000000100100100000111000000000000000000000000000000000000000000000000000000000000
011000110001111110010010111111000000000000000000000000000000000000000000000000000000000000000000
100010111101110110010010010101110010000000000000000000000000000000000000000000000000000000000000
010111000011100110100110001101001000000000000000000000000000000000000000000000000000000000000000
010101010101111111101101101101001101000000000000000000000000000000000000000000000000000000000000
101110100011010001011000100010100001000000000000000000000000000000000000000000000000000000000000
110100100001110010101000001111001100000000000000000000000000000000000000000000000000000000000000
101100100100010010100111110111010001000000000000000000000000000000000000000000000000000000000000
000110011100100110110100011110101010000000000000000000000000000000000000000000000000000000000000
001111101000010100110010011001111101000000000000000000000000000000000000000000000000000000000000
011100011010001110110010000101100111000000000000000000000000000000000000000000000000000000000000
110011100001111110101100111010100101000000000000000000000000000000000000000000000000000000000000
000111001001011111010110100011000111000000000000000000000000000000000000000000000000000000000000
000011111110100110001100011001011110000000000000000000000000000000000000000000000000000000000000
000011100000011100111001111101001101000000000000000000000000000000000000000000000000000000000000
100101010011100101101001001010011000000000000000000000000000000000000000000000000000000000000000
000001110010010010111011101110001111000000000000000000000000000000000000000000000000000000000000
110000110100001100111001110001111101000000000000000000000000000000000000000000000000000000000000
101110011011010001101000011000101001000000000000000000000000000000000000000000000000000000000000
001001101011011000100100100000011110000000000000000000000000000000000000000000000000000000000000
001000000110110011101011110011011001000000000000000000000000000000000000000000000000000000000000
110011100011001110111100000110011001000000000000000000000000000000000000000000000000000000000000
011000001000100011010000101101001001000000000000000000000000000000000000000000000000000000000000
101101010011010011000111101000101001000000000000000000000000000000000000000000000000000000000000
001101011010000010000001100111111010000000000000000000000000000000000000000000000000000000000000
011111001111101010000001010111111001000000000000000000000000000000000000000000000000000000000000
101010110000111010011010101110111001000000000000000000000000000000000000000000000000000000000000
110100010100100000000101101000010010000000000000000000000000000000000000000000000000000000000000
110111010111000010001010101001111101000000000000000000000000000000000000000000000000000000000000
110110101000100111011011000101011111000000000000000000000000000000000000000000000000000000000000
110110010111101111110011111111101100000000000000000000000000000000000000000000000000000000000000
110011110001100100101001111001101011000000000000000000000000000000000000000000000000000000000000
111101101100000110011101110101101011000000000000000000000000000000000000000000000000000000000000
110010000100011000010101110111000111000000000000000000000000000000000000000000000000000000000000
110101000010100010011001001111111111000000000000000000000000000000000000000000000000000000000000
100100100011011110001111101110011011000000000000000000000000000000000000000000000000000000000000
111110000110100100011000111010000001000000000000000000000000000000000000000000000000000000000000
011101101101100011101101000110111100000000000000000000000000000000000000000000000000000000000000
111100011001100001101101001001011011000000000000000000000000000000000000000000000000000000000000
111111110111110100011101100110010011000000000000000000000000000000000000000000000000000000000000
101101101001000011000101011010011011000000000000000000000000000000000000000000000000000000000000
001000100001010100101000111001000110000000000000000000000000000000000000000000000000000000000000
001010011001010000010011011101010000000000000000000000000000000000000000000000000000000000000000
010100110010011000101111100110011100000000000000000000000000000000000000000000000000000000000000
010111100110111100100111101011111110000000000000000000000000000000000000000000000000000000000000
101101010010011001011010101111001001000000000000000000000000000000000000000000000000000000000000
100011111011110101010100110000110110000000000000000000000000000000000000000000000000000000000000
011101111100011111101001111111101011000000000000000000000000000000000000000000000000000000000000
011000101111011011000100011110011010000000000000000000000000000000000000000000000000000000000000
011100011010111110110010111111110011000000000000000000000000000000000000000000000000000000000000
110111101011010101000110001000010110000000000000000000000000000000000000000000000000000000000000
000100111001100100111001100000110011000000000000000000000000000000000000000000000000000000000000
100110101000000111000001111110001011000000000000000000000000000000000000000000000000000000000000
110100010111010000100010011101001110000000000000000000000000000000000000000000000000000000000000
111010110111101000101000100100111111000000000000000000000000000000000000000000000000000000000000
000101000000111111110001101111001111000000000000000000000000000000000000000000000000000000000000
000010010011100011000001101111011100000000000000000000000000000000000000000000000000000000000000
001000001111101010000001001010010111000000000000000000000000000000000000000000000000000000000000
010111011000111100100011001010101011000000000000000000000000000000000000000000000000000000000000
010000101011001100111110100101010011000000000000000000000000000000000000000000000000000000000000
111001101100101011100000010010011000000000000000000000000000000000000000000000000000000000000000
111110111101011101010100101011100101000000000000000000000000000000000000000000000000000000000000
100110110011100001101101100111110111000000000000000000000000000000000000000000000000000000000000
010010001011000100100100010011110100000000000000000000000000000000000000000000000000000000000000
100000101011000110111110011101111100000000000000000000000000000000000000000000000000000000000000
111010010110111011100000010011000110000000000000000000000000000000000000000000000000000000000000
101111111100011001100000010011111001000000000000000000000000000000000000000000000000000000000000
111011010111000100011101110011010110000000000000000000000000000000000000000000000000000000000000
100001100001101010001011000011011111000000000000000000000000000000000000000000000000000000000000
001100100001010010110011011010010110000000000000000000000000000000000000000000000000000000000000
111100001100101001101111100001110001000000000000000000000000000000000000000000000000000000000000
010000000000000101000111011100000010000000000000000000000000000000000000000000000000000000000000
010010001001101000100011101010101011000000000000000000000000000000000000000000000000000000000000
101010010001011011101101111110110010000000000000000000000000000000000000000000000000000000000000
101110101100101111101001000001000011000000000000000000000000000000000000000000000000000000000000
111100011110110111100010101101011101000000000000000000000000000000000000000000000000000000000000
111101101100101110101011101000100111000000000000000000000000000000000000000000000000000000000000
110010100000001111011010010100000010000000000000000000000000000000000000000000000000000000000000
111110101001001101111001100001001111000000000000000000000000000000000000000000000000000000000000
101011111001111110101110011001101100000000000000000000000000000000000000000000000000000000000000
011000000111100101110001110010111101000000000000000000000000000000000000000000000000000000000000
110010111011011001000110001001101001000000000000000000000000000000000000000000000000000000000000
100010000001001111001110001000101101000000000000000000000000000000000000000000000000000000000000
100011000101001011111011001111111001000000000000000000000000000000000000000000000000000000000000
011001011010101010010101010111101110000000000000000000000000000000000000000000000000000000000000
001101110000011000001000100111011011000000000000000000000000000000000000000000000000000000000000
101110010111110100111101011010001000000000000000000000000000000000000000000000000000000000000000
110011111000110101010001100011101100000000000000000000000000000000000000000000000000000000000000
101110110011100100101000001110100111000000000000000000000000000000000000000000000000000000000000
100011111101100101011010011000110111000000000000000000000000000000000000000000000000000000000000
100000111000001011000011111100001111000000000000000000000000000000000000000000000000000000000000
110110000111111111011100010000001010000000000000000000000000000000000000000000000000000000000000
000111101001000101000110110110000101000000000000000000000000000000000000000000000000000000000000
110110110000101111110111111000111101000000000000000000000000000000000000000000000000000000000000
100010100111100011101100111010111001000000000000000000000000000000000000000000000000000000000000
011101011101010001001000101010000110000000000000000000000000000000000000000000000000000000000000
