111101111110100110001010011000000001000000000000000000000000000000000000000000000000000000000000
010010101101111011110101101110010000000000000000000000000000000000000000000000000000000000000000
001011110111101010010100101010101111000000000000000000000000000000000000000000000000000000000000
010010101010111000001100010001100010000000000000000000000000000000000000000000000000000000000000
100110000101001000101010101011001110000000000000000000000000000000000000000000000000000000000000
100000100100000001011100111001111110000000000000000000000000000000000000000000000000000000000000
101111101000111000011100011100111100000000000000000000000000000000000000000000000000000000000000
000000101011101101001110001100101110000000000000000000000000000000000000000000000000000000000000
111100101100111010100010010000111101000000000000000000000000000000000000000000000000000000000000
011010110000101101111111011101111110000000000000000000000000000000000000000000000000000000000000
000101100111010101100111001111011011000000000000000000000000000000000000000000000000000000000000
001011000001110100110011100100100011000000000000000000000000000000000000000000000000000000000000
111100001000110000110101010100001101000000000000000000000000000000000000000000000000000000000000
100100000010000100000001111111110001000000000000000000000000000000000000000000000000000000000000
010010100011111111000111110110000110000000000000000000000000000000000000000000000000000000000000
100001011101111010010000101110101111000000000000000000000000000000000000000000000000000000000000
010000101000011110110011000111000001000000000000000000000000000000000000000000000000000000000000
101100000111100100010110110000000010000000000000000000000000000000000000000000000000000000000000
011011001110100110001111101100100000000000000000000000000000000000000000000000000000000000000000
011101010111110100010110111110101110000000000000000000000000000000000000000000000000000000000000
011000101010100110110111001100110111000000000000000000000000000000000000000000000000000000000000
111010101111010111101011001101111010000000000000000000000000000000000000000000000000000000000000
011110100100101011111110000100010111000000000000000000000000000000000000000000000000000000000000
011000011000000110110010011011000111000000000000000000000000000000000000000000000000000000000000
111101000000010101100000000100000010000000000000000000000000000000000000000000000000000000000000
100100111111010110110101011011010110000000000000000000000000000000000000000000000000000000000000
001111110100110110010001100001001100000000000000000000000000000000000000000000000000000000000000
101110001101000011111010101000110110000000000000000000000000000000000000000000000000000000000000
101110110001000000001101101101001100000000000000000000000000000000000000000000000000000000000000
010110100001001100001101111100000110000000000000000000000000000000000000000000000000000000000000
110111001101111010101001101000011100000000000000000000000000000000000000000000000000000000000000
110111100101011010111000001010010111000000000000000000000000000000000000000000000000000000000000
011101000001001001010001100011001111000000000000000000000000000000000000000000000000000000000000
110010001000010101001000110010100111000000000000000000000000000000000000000000000000000000000000
111100110110101101010000111010110010000000000000000000000000000000000000000000000000000000000000
100011101011011101101111011010000111000000000000000000000000000000000000000000000000000000000000
111010011110100110000101000111010110000000000000000000000000000000000000000000000000000000000000
100011110110100001011101101000100010000000000000000000000000000000000000000000000000000000000000
111001010000000100110110010101100111000000000000000000000000000000000000000000000000000000000000
000111100110101100111010100011110101000000000000000000000000000000000000000000000000000000000000
101100111110010001111001110111001100000000000000000000000000000000000000000000000000000000000000
111001010010011011001010101001011110000000000000000000000000000000000000000000000000000000000000
111001000111110001010010010101111000000000000000000000000000000000000000000000000000000000000000
001100011101000110110001101001001100000000000000000000000000000000000000000000000000000000000000
010010011000010110110100010010011100000000000000000000000000000000000000000000000000000000000000
010100100111100011000110100101101000000000000000000000000000000000000000000000000000000000000000
011111110010001111001010100100100100000000000000000000000000000000000000000000000000000000000000
011001111101011101100111011010000100000000000000000000000000000000000000000000000000000000000000
110011110100001010110101001111010001000000000000000000000000000000000000000000000000000000000000
000111000100100000101010001110011110000000000000000000000000000000000000000000000000000000000000
111111100011101010000000110010101100000000000000000000000000000000000000000000000000000000000000
001111110101110111101101000100000011000000000000000000000000000000000000000000000000000000000000
011111010011010101101101100101010001000000000000000000000000000000000000000000000000000000000000
011000010011111100000001001001000100000000000000000000000000000000000000000000000000000000000000
100111010100000000100100100100011000000000000000000000000000000000000000000000000000000000000000
001001010011100101100000011110000111000000000000000000000000000000000000000000000000000000000000
011001100111111011111100110011101100000000000000000000000000000000000000000000000000000000000000
010110110011111010001011001110100101000000000000000000000000000000000000000000000000000000000000
111100100100001000011000111101110000000000000000000000000000000000000000000000000000000000000000
010001111001110001101011110011110000000000000000000000000000000000000000000000000000000000000000
011010110011111010110010111001001111000000000000000000000000000000000000000000000000000000000000
001100010100110010000011110101111101000000000000000000000000000000000000000000000000000000000000
100010101110101010000010011101101100000000000000000000000000000000000000000000000000000000000000
111001011000001101111011111011011100000000000000000000000000000000000000000000000000000000000000
001000111011010111010111111110001100000000000000000000000000000000000000000000000000000000000000
011011101010011110100001011101000010000000000000000000000000000000000000000000000000000000000000
010111000010001101010011111010111000000000000000000000000000000000000000000000000000000000000000
101101100100000101110001110001010100000000000000000000000000000000000000000000000000000000000000
000010011110000001100100101001110010000000000000000000000000000000000000000000000000000000000000
000011011010110110100100101110011011000000000000000000000000000000000000000000000000000000000000
111001100001110111011110000011011011000000000000000000000000000000000000000000000000000000000000
101111000010000111110111010100011111000000000000000000000000000000000000000000000000000000000000
111001100010011000000011011000011101000000000000000000000000000000000000000000000000000000000000
011000101010010010101110100011110111000000000000000000000000000000000000000000000000000000000000
010010011001111100100011111000000101000000000000000000000000000000000000000000000000000000000000
000011101111100101010011101101011000000000000000000000000000000000000000000000000000000000000000
010010110000001100010001110101011100000000000000000000000000000000000000000000000000000000000000
100101001110110101111111101101100001000000000000000000000000000000000000000000000000000000000000
100011000000011000110000100010101001000000000000000000000000000000000000000000000000000000000000
101011101000011010110000110010010100000000000000000000000000000000000000000000000000000000000000
001110100100011010010000010011101010000000000000000000000000000000000000000000000000000000000000
100111100110100000011100110001000010000000000000000000000000000000000000000000000000000000000000
111111010011110010100010010010001001000000000000000000000000000000000000000000000000000000000000
101100101101000011001001101010101100000000000000000000000000000000000000000000000000000000000000
010001010010010110010100101000000100000000000000000000000000000000000000000000000000000000000000
111101111001111001011000110011110001000000000000000000000000000000000000000000000000000000000000
101101110111110011000111101111000100000000000000000000000000000000000000000000000000000000000000
011111111101010001111101001100010100000000000000000000000000000000000000000000000000000000000000
111010011111011110010000110001001000000000000000000000000000000000000000000000000000000000000000
000010001110011101100110001000001011000000000000000000000000000000000000000000000000000000000000
110111110100001011101101111010000100000000000000000000000000000000000000000000000000000000000000
011101101100111010101100010000110000000000000000000000000000000000000000000000000000000000000000
111101110101001011110111011000000001000000000000000000000000000000000000000000000000000000000000
110010010000111001101110000010001111000000000000000000000000000000000000000000000000000000000000
100000010001001111010000001010000111000000000000000000000000000000000000000000000000000000000000
001110001110101000010110111110110010000000000000000000000000000000000000000000000000000000000000
101000110011010101010111111101101110000000000000000000000000000000000000000000000000000000000000
100001110110101001111010010000001010000000000000000000000000000000000000000000000000000000000000
001101001001100101010011110010000110000000000000000000000000000000000000000000000000000000000000
011110110110110111010010111001100111000000000000000000000000000000000000000000000000000000000000
101010000110110010001100111110100000000000000000000000000000000000000000000000000000000000000000
111100001011000000101001110110100000000000000000000000000000000000000000000000000000000000000000
100101100010100010010110010000100000000000000000000000000000000000000000000000000000000000000000
010001101001100111001100111110110010000000000000000000000000000000000000000000000000000000000000
100110111010010111111111001101011000000000000000000000000000000000000000000000000000000000000000
001101110000100000000000101010100110000000000000000000000000000000000000000000000000000000000000
000111001100001101100010100011010110000000000000000000000000000000000000000000000000000000000000
101110101000000000001011011101100100000000000000000000000000000000000000000000000000000000000000
000110101000101100010011011000000100000000000000000000000000000000000000000000000000000000000000
101110110001110001100110000101111000000000000000000000000000000000000000000000000000000000000000
001001000100000111100000101101011011000000000000000000000000000000000000000000000000000000000000
010101111100111110111000110010010111000000000000000000000000000000000000000000000000000000000000
101010000001000011111101111100101000000000000000000000000000000000000000000000000000000000000000
010010011001111010001000001000001011000000000000000000000000000000000000000000000000000000000000
101011111111000110101000010111011011000000000000000000000000000000000000000000000000000000000000
111100011100001100110011001001100101000000000000000000000000000000000000000000000000000000000000
010100010000001010100010111101111000000000000000000000000000000000000000000000000000000000000000
001000011111011000111101101100011001000000000000000000000000000000000000000000000000000000000000
101001011010101110101010100011111010000000000000000000000000000000000000000000000000000000000000
110111100001000101111011001000000010000000000000000000000000000000000000000000000000000000000000
011000000100110011100011001010011011000000000000000000000000000000000000000000000000000000000000
010101110010011001111111011001001001000000000000000000000000000000000000000000000000000000000000
101000001110101000111010000011110100000000000000000000000000000000000000000000000000000000000000
010000011100111001011011011111010100000000000000000000000000000000000000000000000000000000000000
100000111000110101010010111011100011000000000000000000000000000000000000000000000000000000000000
110000100010110111101000101010100100000000000000000000000000000000000000000000000000000000000000
011011000111100110000111101010110110000000000000000000000000000000000000000000000000000000000000
010101011101000011101010110100000000000000000000000000000000000000000000000000000000000000000000
001101100110111111010100011011100011000000000000000000000000000000000000000000000000000000000000
000010001100010101101101000100111011000000000000000000000000000000000000000000000000000000000000
001110010001111110000001110011111110000000000000000000000000000000000000000000000000000000000000
100011001011000010001110011011011010000000000000000000000000000000000000000000000000000000000000
001100000110111100000101011000010100000000000000000000000000000000000000000000000000000000000000
001010001011100110011000111100001010000000000000000000000000000000000000000000000000000000000000
011101100010011010110101011100000000000000000000000000000000000000000000000000000000000000000000
110000011111011100111010111010101110000000000000000000000000000000000000000000000000000000000000
110001111100101111100110101001011101000000000000000000000000000000000000000000000000000000000000
111000101101011010010101100011100010000000000000000000000000000000000000000000000000000000000000
010110111011010011011010111100010011000000000000000000000000000000000000000000000000000000000000
010010001000111000000001101010100110000000000000000000000000000000000000000000000000000000000000
100001111000011110100001110111111100000000000000000000000000000000000000000000000000000000000000
111101011011101111110100001101101101000000000000000000000000000000000000000000000000000000000000
000001100110000010010110111100100110000000000000000000000000000000000000000000000000000000000000
011111110110000110011110000001100100000000000000000000000000000000000000000000000000000000000000
011111111010111010100011100010000111000000000000000000000000000000000000000000000000000000000000
001000001111010011101110111011011011000000000000000000000000000000000000000000000000000000000000
010101010001100111011101111010000101000000000000000000000000000000000000000000000000000000000000
101000000101001000000110001110111011000000000000000000000000000000000000000000000000000000000000
100101101001011000111101000011101010000000000000000000000000000000000000000000000000000000000000
100111011011110101000000100000011001000000000000000000000000000000000000000000000000000000000000
010111111000010011100011011111001110000000000000000000000000000000000000000000000000000000000000
001101111100111111100111000101001111000000000000000000000000000000000000000000000000000000000000
111000000101011001100110100001101000000000000000000000000000000000000000000000000000000000000000
110101111100101010010010110110011110000000000000000000000000000000000000000000000000000000000000
001000110000010100000000111101110011000000000000000000000000000000000000000000000000000000000000
000010011100000010110101111011110000000000000000000000000000000000000000000000000000000000000000
110110101111000011001100101011111111000000000000000000000000000000000000000000000000000000000000
010001101101011111101101100101011001000000000000000000000000000000000000000000000000000000000000
001110111111101001010110101111010100000000000000000000000000000000000000000000000000000000000000
101111000000101000111011110101000010000000000000000000000000000000000000000000000000000000000000
111110101110010011100001011110011001000000000000000000000000000000000000000000000000000000000000
111011111100101110010011100100001101000000000000000000000000000000000000000000000000000000000000
010010110010000110011001011000000111000000000000000000000000000000000000000000000000000000000000
010111011110000110000011000001111001000000000000000000000000000000000000000000000000000000000000
111000000101011001111111101001110110000000000000000000000000000000000000000000000000000000000000
100001111101100110101110100011110000000000000000000000000000000000000000000000000000000000000000
101010110010010011111101110110000010000000000000000000000000000000000000000000000000000000000000
011010110010110110111111110010001111000000000000000000000000000000000000000000000000000000000000
111111111100100111100001011011010110000000000000000000000000000000000000000000000000000000000000
100001010010000001010110000111101010000000000000000000000000000000000000000000000000000000000000
001101111001010000000010111011100110000000000000000000000000000000000000000000000000000000000000
110000110001001001010001111101000101000000000000000000000000000000000000000000000000000000000000
111011011011010111110110001100001110000000000000000000000000000000000000000000000000000000000000
110010000010011100001010111110011100000000000000000000000000000000000000000000000000000000000000
100100010111010010011111011001100000000000000000000000000000000000000000000000000000000000000000
101101001011010000111010011101110110000000000000000000000000000000000000000000000000000000000000
110111010110010100100100011000101001000000000000000000000000000000000000000000000000000000000000
010010101011100110110000001100110000000000000000000000000000000000000000000000000000000000000000
010101111001011100001101100100011110000000000000000000000000000000000000000000000000000000000000
101111101001000010111110100101110000000000000000000000000000000000000000000000000000000000000000
110110010000010111100011010101100110000000000000000000000000000000000000000000000000000000000000
100101111100100100110111001101001111000000000000000000000000000000000000000000000000000000000000
110000110001000111100111010111100100000000000000000000000000000000000000000000000000000000000000
001011000101101010111110110101000100000000000000000000000000000000000000000000000000000000000000
111000001011011111001000000110010110000000000000000000000000000000000000000000000000000000000000
101001011100111001010100010110001010000000000000000000000000000000000000000000000000000000000000
111001111010100010101001110101100001000000000000000000000000000000000000000000000000000000000000
010101101110111010000100101110011111000000000000000000000000000000000000000000000000000000000000
111110111011001010011101111011001110000000000000000000000000000000000000000000000000000000000000
000001101001010111101011011000001011000000000000000000000000000000000000000000000000000000000000
110100010001011001110011000010100001000000000000000000000000000000000000000000000000000000000000
001101010000110111111101011101100100000000000000000000000000000000000000000000000000000000000000
001001110010010101010111011000110111000000000000000000000000000000000000000000000000000000000000
111010101010010000100001011111000101000000000000000000000000000000000000000000000000000000000000
001111100110010000000010101101101010000000000000000000000000000000000000000000000000000000000000
001010010110001100001110101110000111000000000000000000000000000000000000000000000000000000000000
000011100000010100011111010001111010000000000000000000000000000000000000000000000000000000000000
010000100000010010000011100000011010000000000000000000000000000000000000000000000000000000000000
001111100000010010011110101000001011000000000000000000000000000000000000000000000000000000000000
010010011000010001001110101110110101000000000000000000000000000000000000000000000000000000000000
101001100001101100000100010000001000000000000000000000000000000000000000000000000000000000000000
001110100000000101110100001001100101000000000000000000000000000000000000000000000000000000000000
100111110111111000000101011011010110000000000000000000000000000000000000000000000000000000000000
001100111111000110000100100101000000000000000000000000000000000000000000000000000000000000000000
100100001110010111001111111111100001000000000000000000000000000000000000000000000000000000000000
100000011000111100000100101011101111000000000000000000000000000000000000000000000000000000000000
100110111001001000110011000010011100000000000000000000000000000000000000000000000000000000000000
000110101001110010101000111111100101000000000000000000000000000000000000000000000000000000000000
110111010011010011001110100110100010000000000000000000000000000000000000000000000000000000000000
101010101010101101101100111000001000000000000000000000000000000000000000000000000000000000000000
101101101011101100001001001110101101000000000000000000000000000000000000000000000000000000000000
011100010011010001101101100011010101000000000000000000000000000000000000000000000000000000000000
010100000010110111110111011110010011000000000000000000000000000000000000000000000000000000000000
110001111001100001100111011010100010000000000000000000000000000000000000000000000000000000000000
000110101000000111010001100000100101000000000000000000000000000000000000000000000000000000000000
011010100000001111011110110011011101000000000000000000000000000000000000000000000000000000000000
010100010100111010100110101000011101000000000000000000000000000000000000000000000000000000000000
001000011001101010111000001011111001000000000000000000000000000000000000000000000000000000000000
101011101111000000111100110011111110000000000000000000000000000000000000000000000000000000000000
010001010010001011111001010001011011000000000000000000000000000000000000000000000000000000000000
000001101100100100101100000100110011000000000000000000000000000000000000000000000000000000000000
011000010110011000101100100101010001000000000000000000000000000000000000000000000000000000000000
110011001110011001100111001111011000000000000000000000000000000000000000000000000000000000000000
101101101011100100111001000010110010000000000000000000000000000000000000000000000000000000000000
110000000001001011011101111011111000000000000000000000000000000000000000000000000000000000000000
011000011100010001100110100101101100000000000000000000000000000000000000000000000000000000000000
001111000000000001000100110001101100000000000000000000000000000000000000000000000000000000000000
101001001010000100100001000000100111000000000000000000000000000000000000000000000000000000000000
110011011001100101011010111101000011000000000000000000000000000000000000000000000000000000000000
111010100110010100000010100100001000000000000000000000000000000000000000000000000000000000000000
010011000110111001011010110111101111000000000000000000000000000000000000000000000000000000000000
001100110100101001000100110111010011000000000000000000000000000000000000000000000000000000000000
100101101111001000011011100101100100000000000000000000000000000000000000000000000000000000000000
111110000111110101011111101100111010000000000000000000000000000000000000000000000000000000000000
101001111000111000100000000001100011000000000000000000000000000000000000000000000000000000000000
010100100011010001000101101010000101000000000000000000000000000000000000000000000000000000000000
111010111011001111111101010000010100000000000000000000000000000000000000000000000000000000000000
010011110100100011010111011100101010000000000000000000000000000000000000000000000000000000000000
001001110101000000100110111110100101000000000000000000000000000000000000000000000000000000000000
001010100010110111000110111111111011000000000000000000000000000000000000000000000000000000000000
101010100100000000000111100101110101000000000000000000000000000000000000000000000000000000000000
000001001110101110011011001111111010000000000000000000000000000000000000000000000000000000000000
111101100011111111001100001001011100000000000000000000000000000000000000000000000000000000000000
010111000101000110010000010100000111000000000000000000000000000000000000000000000000000000000000
010110100011010100100111110101100111000000000000000000000000000000000000000000000000000000000000
000110001101110111101001011100101100000000000000000000000000000000000000000000000000000000000000
000001110100100000001011100010111000000000000000000000000000000000000000000000000000000000000000
011111001000010000101100100101001000000000000000000000000000000000000000000000000000000000000000
100100100110111001000111010100101010000000000000000000000000000000000000000000000000000000000000
111110011010101101000100001000110010000000000000000000000000000000000000000000000000000000000000
000001011101000101101011011010010100000000000000000000000000000000000000000000000000000000000000
110000101011001011000101100100010011000000000000000000000000000000000000000000000000000000000000
111011111100101001110011100011110110000000000000000000000000000000000000000000000000000000000000
010100001110101000100000101011110010000000000000000000000000000000000000000000000000000000000000
110100010010100100110011010111000111000000000000000000000000000000000000000000000000000000000000
011101011001100101110010111111111000000000000000000000000000000000000000000000000000000000000000
111000100001000000110000101011010110000000000000000000000000000000000000000000000000000000000000
010110010110011101011001011110110100000000000000000000000000000000000000000000000000000000000000
001011101001110001110100111111110011000000000000000000000000000000000000000000000000000000000000
110110111001010011111111001110010101000000000000000000000000000000000000000000000000000000000000
100101001110011110011111001110010100000000000000000000000000000000000000000000000000000000000000
110000000010010001011101100100110101000000000000000000000000000000000000000000000000000000000000
101110000100000100000110111101010111000000000000000000000000000000000000000000000000000000000000
000111101010101011111100100111010111000000000000000000000000000000000000000000000000000000000000
110101100001111110010011011110011011000000000000000000000000000000000000000000000000000000000000
101011010010110001010010010011111001000000000000000000000000000000000000000000000000000000000000
010100011010110011000110100110111001000000000000000000000000000000000000000000000000000000000000
001011010111101000111110000000100010000000000000000000000000000000000000000000000000000000000000
011000100110010010000111000101110011000000000000000000000000000000000000000000000000000000000000
011100010110010001101110101100100000000000000000000000000000000000000000000000000000000000000000
011010011101001001011111011001110001000000000000000000000000000000000000000000000000000000000000
010110111100011000010011101000101111000000000000000000000000000000000000000000000000000000000000
110111011100101110110101100000010111000000000000000000000000000000000000000000000000000000000000
001011100000010101111011100111001001000000000000000000000000000000000000000000000000000000000000
001101110101100010101011100010111101000000000000000000000000000000000000000000000000000000000000
100010011101111110111011111001001110000000000000000000000000000000000000000000000000000000000000
100101100100010011011101111001100100000000000000000000000000000000000000000000000000000000000000
110010111000100100011000100001100101000000000000000000000000000000000000000000000000000000000000
111011111010111000011100001011001000000000000000000000000000000000000000000000000000000000000000
000101011100001010111010100111110011000000000000000000000000000000000000000000000000000000000000
000001000110100011100111000101100101000000000000000000000000000000000000000000000000000000000000
000100110001011110101010010000110110000000000000000000000000000000000000000000000000000000000000
000011010111000101101100110010100001000000000000000000000000000000000000000000000000000000000000
111110011010111101000100000000100100000000000000000000000000000000000000000000000000000000000000
110101111110001000101001010011100001000000000000000000000000000000000000000000000000000000000000
110111000010011100000100001001100100000000000000000000000000000000000000000000000000000000000000
100111010001010110111111000000111100000000000000000000000000000000000000000000000000000000000000
000100010100010111010111000001110010000000000000000000000000000000000000000000000000000000000000
010100110100011101010100101100000100000000000000000000000000000000000000000000000000000000000000
100001000110101010110111011001100110000000000000000000000000000000000000000000000000000000000000
110111010001001100011100100110001011000000000000000000000000000000000000000000000000000000000000
010000110011101000001010011001100100000000000000000000000000000000000000000000000000000000000000
011011011000001000001001000010110101000000000000000000000000000000000000000000000000000000000000
011011001111000100001110101111000001000000000000000000000000000000000000000000000000000000000000
111011100100111101110010010001101101000000000000000000000000000000000000000000000000000000000000
111000101111001110110000011000001100000000000000000000000000000000000000000000000000000000000000
001111100101001010100010101000001001000000000000000000000000000000000000000000000000000000000000
101111010001010010011011100000110001000000000000000000000000000000000000000000000000000000000000
101100000101100010001000011111101100000000000000000000000000000000000000000000000000000000000000
101010101110010000110011101001101011000000000000000000000000000000000000000000000000000000000000
