101010011101100000100111011101010100000000000000000000000000000000000000000000000000000000000000
110110100001001100001001010111101011000000000000000000000000000000000000000000000000000000000000
001101000110110010101111000100010011000000000000000000000000000000000000000000000000000000000000
011100011100011001001111110011011010000000000000000000000000000000000000000000000000000000000000
011101000111100110001001000111111011000000000000000000000000000000000000000000000000000000000000
100110101010100110001001111010010001000000000000000000000000000000000000000000000000000000000000
011101100111011000001011101000110101000000000000000000000000000000000000000000000000000000000000
111100001010010000101111000110100011000000000000000000000000000000000000000000000000000000000000
010110110001111011101011110110110011000000000000000000000000000000000000000000000000000000000000
110011010100100110000010110110101010000000000000000000000000000000000000000000000000000000000000
110101111011001111011000111011100101000000000000000000000000000000000000000000000000000000000000
100011100111100001101100000100111111000000000000000000000000000000000000000000000000000000000000
100110011010101000011101011110011011000000000000000000000000000000000000000000000000000000000000
101110010000111101101011001100110001000000000000000000000000000000000000000000000000000000000000
010111000111101111001001100111000100000000000000000000000000000000000000000000000000000000000000
000001011010010110101000001011000111000000000000000000000000000000000000000000000000000000000000
111011100010101110111100101000001110000000000000000000000000000000000000000000000000000000000000
000111100110110100000000011000001001000000000000000000000000000000000000000000000000000000000000
010110111110000100100110011111001101000000000000000000000000000000000000000000000000000000000000
001001101111100010001010110111110010000000000000000000000000000000000000000000000000000000000000
101110010010100100010010101001000100000000000000000000000000000000000000000000000000000000000000
101001101111001011101100001000111011000000000000000000000000000000000000000000000000000000000000
001111110110000111010101011011000001000000000000000000000000000000000000000000000000000000000000
000010111010000010111010011001001011000000000000000000000000000000000000000000000000000000000000
010110100111001111101010101000111010000000000000000000000000000000000000000000000000000000000000
001000100000100001100000010111101001000000000000000000000000000000000000000000000000000000000000
011000110001111111101011010011001100000000000000000000000000000000000000000000000000000000000000
101001100100010010001011101101100111000000000000000000000000000000000000000000000000000000000000
001101101011110000001101011011101111000000000000000000000000000000000000000000000000000000000000
010110110100000000101110111110001110000000000000000000000000000000000000000000000000000000000000
111010011000001011001110111001010000000000000000000000000000000000000000000000000000000000000000
011001001110110000000011101110001101000000000000000000000000000000000000000000000000000000000000
100000100110011000111010101000110111000000000000000000000000000000000000000000000000000000000000
011001110011101101011110010100010001000000000000000000000000000000000000000000000000000000000000
011010111110000001101010111110100111000000000000000000000000000000000000000000000000000000000000
011010001110101110111111101011011010000000000000000000000000000000000000000000000000000000000000
001001111010001000100000001010100110000000000000000000000000000000000000000000000000000000000000
011101001110100111100000111110110010000000000000000000000000000000000000000000000000000000000000
100000001110101011111000110001010111000000000000000000000000000000000000000000000000000000000000
010010010110101001101110011111011001000000000000000000000000000000000000000000000000000000000000
111000110000001000110110011111001101000000000000000000000000000000000000000000000000000000000000
110010011101100101011000100010000111000000000000000000000000000000000000000000000000000000000000
111101100110100001111000001000101000000000000000000000000000000000000000000000000000000000000000
001000101111100100110010100101100001000000000000000000000000000000000000000000000000000000000000
011000011100110001101111111001011001000000000000000000000000000000000000000000000000000000000000
011001010100100101111010100001010010000000000000000000000000000000000000000000000000000000000000
011111101000110111100100111101100100000000000000000000000000000000000000000000000000000000000000
111001011010011010100011001101110101000000000000000000000000000000000000000000000000000000000000
111010111111101111111000110000111011000000000000000000000000000000000000000000000000000000000000
001000110101101011001010001011111000000000000000000000000000000000000000000000000000000000000000
110001000011111100100010000111100101000000000000000000000000000000000000000000000000000000000000
001000011010110011011011111011000111000000000000000000000000000000000000000000000000000000000000
101010010011001011001101111101100110000000000000000000000000000000000000000000000000000000000000
011000000110110110010101000111010101000000000000000000000000000000000000000000000000000000000000
100110111101001000001001000010001011000000000000000000000000000000000000000000000000000000000000
110100100111001001101100111000101001000000000000000000000000000000000000000000000000000000000000
110110110110011011100000010011111111000000000000000000000000000000000000000000000000000000000000
000010111110001000100100001101111010000000000000000000000000000000000000000000000000000000000000
100000010000011010000100001101111010000000000000000000000000000000000000000000000000000000000000
101101100010101101101101010111101011000000000000000000000000000000000000000000000000000000000000
101110100000111110001010110111100111000000000000000000000000000000000000000000000000000000000000
001111111111110101011111001010100011000000000000000000000000000000000000000000000000000000000000
111001101001000000100110110111100110000000000000000000000000000000000000000000000000000000000000
110100111000011100010011110000101110000000000000000000000000000000000000000000000000000000000000
101110110101011100100110110111000101000000000000000000000000000000000000000000000000000000000000
010111100010011010011110001111000000000000000000000000000000000000000000000000000000000000000000
101101001100001011010001011111011001000000000000000000000000000000000000000000000000000000000000
011100000111011110000011000011111001000000000000000000000000000000000000000000000000000000000000
001010010000101010111001001011010011000000000000000000000000000000000000000000000000000000000000
101101010010100011100111001001001110000000000000000000000000000000000000000000000000000000000000
101101000000000010111011011011110101000000000000000000000000000000000000000000000000000000000000
001100110010011011101111011011001011000000000000000000000000000000000000000000000000000000000000
101001001010000110010110101100011111000000000000000000000000000000000000000000000000000000000000
100001010000000000010100001001000001000000000000000000000000000000000000000000000000000000000000
001001110111110011111001011110111100000000000000000000000000000000000000000000000000000000000000
011010111000011111011010011010000010000000000000000000000000000000000000000000000000000000000000
110011110000001100100000111100101110000000000000000000000000000000000000000000000000000000000000
000101100110000101000101111001111000000000000000000000000000000000000000000000000000000000000000
000000110001110110111100010101001111000000000000000000000000000000000000000000000000000000000000
100111100111100001001100111000010110000000000000000000000000000000000000000000000000000000000000
001100001110110101010100110101011111000000000000000000000000000000000000000000000000000000000000
110000011100110000111101010011011010000000000000000000000000000000000000000000000000000000000000
011101110111000111100010100111110001000000000000000000000000000000000000000000000000000000000000
011101000111101100001010001110001010000000000000000000000000000000000000000000000000000000000000
011000001111110110101000001011111111000000000000000000000000000000000000000000000000000000000000
100111111101101101001110101000100010000000000000000000000000000000000000000000000000000000000000
101010001010001001100011000101011010000000000000000000000000000000000000000000000000000000000000
101110010000001011000011100100101100000000000000000000000000000000000000000000000000000000000000
100001110010011111010011010000000100000000000000000000000000000000000000000000000000000000000000
101101011010000011010110011000100110000000000000000000000000000000000000000000000000000000000000
011000001100011101100001110111111000000000000000000000000000000000000000000000000000000000000000
101010000100110101010101011011101100000000000000000000000000000000000000000000000000000000000000
011011101000100101111111000001110011000000000000000000000000000000000000000000000000000000000000
000110000011010100110011111000001110000000000000000000000000000000000000000000000000000000000000
000110011101000111110000101110010111000000000000000000000000000000000000000000000000000000000000
010110000100000000010111001000110101000000000000000000000000000000000000000000000000000000000000
001000100111110011101101000010001011000000000000000000000000000000000000000000000000000000000000
001011100011110001101000000001011100000000000000000000000000000000000000000000000000000000000000
101111100011111101000101001101111001000000000000000000000000000000000000000000000000000000000000
110011011110101010110101010000101001000000000000000000000000000000000000000000000000000000000000
001000000010011111010111111111001000000000000000000000000000000000000000000000000000000000000000
000101000111101001100000001011110000000000000000000000000000000000000000000000000000000000000000
110110100000110001001010011000010001000000000000000000000000000000000000000000000000000000000000
111101111110000100000101111100100111000000000000000000000000000000000000000000000000000000000000
000010100000001111001011111110001110000000000000000000000000000000000000000000000000000000000000
010000100001100101001010000011010111000000000000000000000000000000000000000000000000000000000000
000110100001011000101111100110111001000000000000000000000000000000000000000000000000000000000000
100100100110000000000111010101010011000000000000000000000000000000000000000000000000000000000000
100101011010111011011001100110111001000000000000000000000000000000000000000000000000000000000000
010110010110011011001000011110010001000000000000000000000000000000000000000000000000000000000000
111001000001010101010111010001011101000000000000000000000000000000000000000000000000000000000000
000111111001011100011100001110000101000000000000000000000000000000000000000000000000000000000000
111010110101000100101101111111110101000000000000000000000000000000000000000000000000000000000000
111000110111101100011000101000100110000000000000000000000000000000000000000000000000000000000000
100110101110110011000011001011011001000000000000000000000000000000000000000000000000000000000000
101110000011010001111110010111000011000000000000000000000000000000000000000000000000000000000000
101000100111010100011011001001101011000000000000000000000000000000000000000000000000000000000000
101001110110000100111100111110100000000000000000000000000000000000000000000000000000000000000000
001101000000001101000111011011011101000000000000000000000000000000000000000000000000000000000000
101010010000001000100001101001101000000000000000000000000000000000000000000000000000000000000000
011000000110001100010011011000000011000000000000000000000000000000000000000000000000000000000000
010110100100101100011110001000110001000000000000000000000000000000000000000000000000000000000000
101100100100101100101110011000000111000000000000000000000000000000000000000000000000000000000000
011110000100000111011101110110110000000000000000000000000000000000000000000000000000000000000000
001101110001111111010101000010100110000000000000000000000000000000000000000000000000000000000000
010011110100010111101100011111101001000000000000000000000000000000000000000000000000000000000000
110100011001011000101001001011100111000000000000000000000000000000000000000000000000000000000000
110110101010001010011110011000111001000000000000000000000000000000000000000000000000000000000000
010111001000001100100000101111011001000000000000000000000000000000000000000000000000000000000000
010000011101111101110100000101101010000000000000000000000000000000000000000000000000000000000000
101101111101101001100010110000101000000000000000000000000000000000000000000000000000000000000000
100010100111000000010011011111000010000000000000000000000000000000000000000000000000000000000000
011101011011011110000010111000011110000000000000000000000000000000000000000000000000000000000000
011111011100110101110111000010001000000000000000000000000000000000000000000000000000000000000000
001011110001101000110101000011111110000000000000000000000000000000000000000000000000000000000000
111101011110100010110110000101001000000000000000000000000000000000000000000000000000000000000000
101110100001100001100011010101001001000000000000000000000000000000000000000000000000000000000000
000001110010011101101110100100011000000000000000000000000000000000000000000000000000000000000000
011111000101010101111000010010011101000000000000000000000000000000000000000000000000000000000000
000100001010000010010101001000000011000000000000000000000000000000000000000000000000000000000000
101111110001110101010000011010101010000000000000000000000000000000000000000000000000000000000000
101010101000001111110101101001011110000000000000000000000000000000000000000000000000000000000000
011111011110011010101111001111000101000000000000000000000000000000000000000000000000000000000000
011111111010110010000010100011101011000000000000000000000000000000000000000000000000000000000000
011100001010000101110011111010110011000000000000000000000000000000000000000000000000000000000000
000111011001100001000110111110100010000000000000000000000000000000000000000000000000000000000000
110011011110100101010011010001000110000000000000000000000000000000000000000000000000000000000000
101001101110010101000111001110010000000000000000000000000000000000000000000000000000000000000000
100011110101110010011100000000011100000000000000000000000000000000000000000000000000000000000000
000100110000001001000100111010111100000000000000000000000000000000000000000000000000000000000000
100111100111111000011111010000100011000000000000000000000000000000000000000000000000000000000000
101010110100111110101011110000110100000000000000000000000000000000000000000000000000000000000000
111000001011000110111100101000011111000000000000000000000000000000000000000000000000000000000000
110101111000110010111000101001000000000000000000000000000000000000000000000000000000000000000000
100011001111100100100010110100111000000000000000000000000000000000000000000000000000000000000000
010011011001111111000010100110000011000000000000000000000000000000000000000000000000000000000000
101000101111110000101110011011000110000000000000000000000000000000000000000000000000000000000000
001011010000110010011000100101101100000000000000000000000000000000000000000000000000000000000000
011011111111000011111101100101110011000000000000000000000000000000000000000000000000000000000000
101101001100010111101100100000111001000000000000000000000000000000000000000000000000000000000000
000010110001100100011111100010001010000000000000000000000000000000000000000000000000000000000000
010010100010100101100011001111010100000000000000000000000000000000000000000000000000000000000000
001101101001101111000111111101010110000000000000000000000000000000000000000000000000000000000000
111100110011100010011110001011000000000000000000000000000000000000000000000000000000000000000000
010001111111111101001011101101101011000000000000000000000000000000000000000000000000000000000000
010111011011001010011101110101101000000000000000000000000000000000000000000000000000000000000000
101011000110100000001100001000110011000000000000000000000000000000000000000000000000000000000000
111100010000100010001001100001100010000000000000000000000000000000000000000000000000000000000000
100110100110001000111110101100101111000000000000000000000000000000000000000000000000000000000000
001100111011001010111100100001000010000000000000000000000000000000000000000000000000000000000000
100000000111010010000011011111011111000000000000000000000000000000000000000000000000000000000000
000010100111001100001100011010000101000000000000000000000000000000000000000000000000000000000000
000001011001000000010011010111000110000000000000000000000000000000000000000000000000000000000000
110000001100001010011000010111010001000000000000000000000000000000000000000000000000000000000000
100010100101111001010011000101101000000000000000000000000000000000000000000000000000000000000000
010001010011101111110011111010001110000000000000000000000000000000000000000000000000000000000000
100100101010011111100011010011101101000000000000000000000000000000000000000000000000000000000000
010111101001000100100000011011011110000000000000000000000000000000000000000000000000000000000000
110111011111111111000101011111111110000000000000000000000000000000000000000000000000000000000000
011001000100110101000111011001111100000000000000000000000000000000000000000000000000000000000000
110010111010011100110110100101111110000000000000000000000000000000000000000000000000000000000000
100110100011010001001100011110111111000000000000000000000000000000000000000000000000000000000000
110001010010011001011000001000110011000000000000000000000000000000000000000000000000000000000000
000110000101111011010110111010001000000000000000000000000000000000000000000000000000000000000000
001010101101100000001000110111100010000000000000000000000000000000000000000000000000000000000000
100110001001011101010000100111111111000000000000000000000000000000000000000000000000000000000000
000111010001010111011100101001111111000000000000000000000000000000000000000000000000000000000000
100100011000111110001110101100101001000000000000000000000000000000000000000000000000000000000000
001110101110010011010110001010111000000000000000000000000000000000000000000000000000000000000000
100010111101000011011000110100100101000000000000000000000000000000000000000000000000000000000000
101000110111011111000011001001110010000000000000000000000000000000000000000000000000000000000000
100111101111111010100110100001101010000000000000000000000000000000000000000000000000000000000000
111011100010001001000100110101000101000000000000000000000000000000000000000000000000000000000000
111110111111000100110100111010000000000000000000000000000000000000000000000000000000000000000000
100000001001010001111101110011100001000000000000000000000000000000000000000000000000000000000000
101100101010010010101000000111110100000000000000000000000000000000000000000000000000000000000000
001110000101101100010010011010011010000000000000000000000000000000000000000000000000000000000000
000011001011011110011101000100101101000000000000000000000000000000000000000000000000000000000000
000010100101101111110000010000001011000000000000000000000000000000000000000000000000000000000000
100101010101101111111111000011101100000000000000000000000000000000000000000000000000000000000000
101001111110011110011001110101110110000000000000000000000000000000000000000000000000000000000000
111101100101110010110101001000001010000000000000000000000000000000000000000000000000000000000000
011100011110100101111010011001001111000000000000000000000000000000000000000000000000000000000000
010110010101101001011101011110100100000000000000000000000000000000000000000000000000000000000000
100111100010010001110101100110000110000000000000000000000000000000000000000000000000000000000000
011010011101110101100101000110011010000000000000000000000000000000000000000000000000000000000000
111110011010000001101110010000111001000000000000000000000000000000000000000000000000000000000000
100010001111110000101110001101010000000000000000000000000000000000000000000000000000000000000000
010111111111001111101001111100001110000000000000000000000000000000000000000000000000000000000000
111000000111000111100101110101111111000000000000000000000000000000000000000000000000000000000000
100011000000001010110101110011001101000000000000000000000000000000000000000000000000000000000000
001011010100001100111101010011000010000000000000000000000000000000000000000000000000000000000000
000101011110011000111010010100110111000000000000000000000000000000000000000000000000000000000000
011001100110101011001110000100011000000000000000000000000000000000000000000000000000000000000000
011001001000001101000100101010111011000000000000000000000000000000000000000000000000000000000000
000111001001111101111001010111111011000000000000000000000000000000000000000000000000000000000000
100000110100010001100000111101100011000000000000000000000000000000000000000000000000000000000000
010100000101000010001100110011001011000000000000000000000000000000000000000000000000000000000000
001000111110010010001110001001110000000000000000000000000000000000000000000000000000000000000000
100100100100101100010010110000001000000000000000000000000000000000000000000000000000000000000000
000001000000011001101111000011111001000000000000000000000000000000000000000000000000000000000000
100001011110110011100101000110001111000000000000000000000000000000000000000000000000000000000000
011111001100110000010111101000010010000000000000000000000000000000000000000000000000000000000000
110100000001110101111110000101011111000000000000000000000000000000000000000000000000000000000000
110011110010110100010101100110111110000000000000000000000000000000000000000000000000000000000000
101100011001001100110110111111111010000000000000000000000000000000000000000000000000000000000000
111000100011100011000111011101111110000000000000000000000000000000000000000000000000000000000000
010101010101011100001110010110001100000000000000000000000000000000000000000000000000000000000000
000100010011011101010110000111011111000000000000000000000000000000000000000000000000000000000000
111101011010101001010101001010101111000000000000000000000000000000000000000000000000000000000000
101101000001010100001000001011110111000000000000000000000000000000000000000000000000000000000000
110100100001000101110010101111110101000000000000000000000000000000000000000000000000000000000000
110011000010111010000111100110110000000000000000000000000000000000000000000000000000000000000000
110101011010000010011000110000110010000000000000000000000000000000000000000000000000000000000000
000011111011010111101101110100001101000000000000000000000000000000000000000000000000000000000000
001001010110001111101111000100000100000000000000000000000000000000000000000000000000000000000000
111010010100001011110000000001001001000000000000000000000000000000000000000000000000000000000000
110001000000000000100000100001010001000000000000000000000000000000000000000000000000000000000000
011001101011010111010111101111110111000000000000000000000000000000000000000000000000000000000000
111001000010001101011001000001001110000000000000000000000000000000000000000000000000000000000000
110100110010010110101000001010000100000000000000000000000000000000000000000000000000000000000000
011100110111011100101010000100001110000000000000000000000000000000000000000000000000000000000000
000111001111101000100100110010001000000000000000000000000000000000000000000000000000000000000000
101101101000011100100000101101000001000000000000000000000000000000000000000000000000000000000000
100010001001110010010011101100100011000000000000000000000000000000000000000000000000000000000000
101000000101010100101001111010011101000000000000000000000000000000000000000000000000000000000000
000110100111011111000111001001100001000000000000000000000000000000000000000000000000000000000000
110111001010111000101001001001100100000000000000000000000000000000000000000000000000000000000000
000000011011100011000101110100001001000000000000000000000000000000000000000000000000000000000000
011110100101010111111011010011111001000000000000000000000000000000000000000000000000000000000000
110010110011001101001100011100000001000000000000000000000000000000000000000000000000000000000000
111001110100101011001111010010101100000000000000000000000000000000000000000000000000000000000000
101001100001011010100101010000110101000000000000000000000000000000000000000000000000000000000000
011111000001111010010001111110101100000000000000000000000000000000000000000000000000000000000000
010001101101001011010010001001111111000000000000000000000000000000000000000000000000000000000000
010110001000000110100011010001111110000000000000000000000000000000000000000000000000000000000000
001000010110000011011010011001101111000000000000000000000000000000000000000000000000000000000000
011011010011000111100000100101001010000000000000000000000000000000000000000000000000000000000000
101001011111000110010110101010110010000000000000000000000000000000000000000000000000000000000000
000000010000001011111101000000110110000000000000000000000000000000000000000000000000000000000000
011101001000011010101111111110101010000000000000000000000000000000000000000000000000000000000000
101010010110010000001100101000000001000000000000000000000000000000000000000000000000000000000000
101010011011000000100101010101001000000000000000000000000000000000000000000000000000000000000000
111001001111000100010011000010110101000000000000000000000000000000000000000000000000000000000000
010101010000111011110010100001111110000000000000000000000000000000000000000000000000000000000000
111101010001101101110000011010111010000000000000000000000000000000000000000000000000000000000000
111001000100111101010100101111101010000000000000000000000000000000000000000000000000000000000000
111110101101110110110001010010100101000000000000000000000000000000000000000000000000000000000000
100001010111010001010101110001011100000000000000000000000000000000000000000000000000000000000000
001100011111100000001101001111101100000000000000000000000000000000000000000000000000000000000000
100000010010001110001100001001101111000000000000000000000000000000000000000000000000000000000000
100010011110101011110111011001110000000000000000000000000000000000000000000000000000000000000000
010000100111110111010100010100010010000000000000000000000000000000000000000000000000000000000000
100001011000000001110101101101100100000000000000000000000000000000000000000000000000000000000000
010101101010100110111101011001010111000000000000000000000000000000000000000000000000000000000000
111010100101101011011010101111100100000000000000000000000000000000000000000000000000000000000000
110100111000110001111110001111111110000000000000000000000000000000000000000000000000000000000000
010101110001100100101001010111111001000000000000000000000000000000000000000000000000000000000000
000100000010101000100101001111101000000000000000000000000000000000000000000000000000000000000000
011111010110001100110000011001100101000000000000000000000000000000000000000000000000000000000000
011000011011011111100011001000100000000000000000000000000000000000000000000000000000000000000000
100100011001111110000100101111101101000000000000000000000000000000000000000000000000000000000000
000100011000011011001100000001110100000000000000000000000000000000000000000000000000000000000000
001110100111010101111000101011101000000000000000000000000000000000000000000000000000000000000000
111001000100100111100110001000100101000000000000000000000000000000000000000000000000000000000000
111000001110111000000100111001011011000000000000000000000000000000000000000000000000000000000000
101110000110101001100110010110110010000000000000000000000000000000000000000000000000000000000000
110101010100011111111111010000100001000000000000000000000000000000000000000000000000000000000000
011011101010110011111011111010101110000000000000000000000000000000000000000000000000000000000000
000100100001000110110000101010101110000000000000000000000000000000000000000000000000000000000000
101011000000101100110110100000001010000000000000000000000000000000000000000000000000000000000000
101001010001111010011001011001110100000000000000000000000000000000000000000000000000000000000000
111110001110100101011101111010010001000000000000000000000000000000000000000000000000000000000000
001011111111010100100001010010101011000000000000000000000000000000000000000000000000000000000000
101010111100011110011110101000101101000000000000000000000000000000000000000000000000000000000000
000110001010001000000010011000111010000000000000000000000000000000000000000000000000000000000000
111111011011011000001111000111110110000000000000000000000000000000000000000000000000000000000000
100000111111001100000110000000101011000000000000000000000000000000000000000000000000000000000000
100010000110101100000111000111010011000000000000000000000000000000000000000000000000000000000000
110010011011111001110100001101111110000000000000000000000000000000000000000000000000000000000000
