000111000010101111110001000101010110000000000000000000000000000000000000000000000000000000000000
110110101001101101101111101010000001000000000000000000000000000000000000000000000000000000000000
011101000110101000001111101101010110000000000000000000000000000000000000000000000000000000000000
100000111000000110011011010100010001000000000000000000000000000000000000000000000000000000000000
100100100111011110000001000101000011000000000000000000000000000000000000000000000000000000000000
001111100001111000010111011110011101000000000000000000000000000000000000000000000000000000000000
000111010010000110111001010101001000000000000000000000000000000000000000000000000000000000000000
100001001010111010110111001101001111000000000000000000000000000000000000000000000000000000000000
000000111011011111110111010101100011000000000000000000000000000000000000000000000000000000000000
110111111101110000011110111010001001000000000000000000000000000000000000000000000000000000000000
110011010001001100000101111110000111000000000000000000000000000000000000000000000000000000000000
100100000010101110001111000101011101000000000000000000000000000000000000000000000000000000000000
010000100001010001000110111000010100000000000000000000000000000000000000000000000000000000000000
100101010010000111101001001111011111000000000000000000000000000000000000000000000000000000000000
011100110100111101001111100010101110000000000000000000000000000000000000000000000000000000000000
000101111000110110010100001000111000000000000000000000000000000000000000000000000000000000000000
100001011001101000010001011001011001000000000000000000000000000000000000000000000000000000000000
011011101110101010001110010101110111000000000000000000000000000000000000000000000000000000000000
111010101110101001101111101011001110000000000000000000000000000000000000000000000000000000000000
110001010011110100111110010111101111000000000000000000000000000000000000000000000000000000000000
101000000001111111010011111111110100000000000000000000000000000000000000000000000000000000000000
111100101010110000100000100001000001000000000000000000000000000000000000000000000000000000000000
000110000010111111100100000101111100000000000000000000000000000000000000000000000000000000000000
000001000100100001110110010100000101000000000000000000000000000000000000000000000000000000000000
100100001101000110111100010010101111000000000000000000000000000000000000000000000000000000000000
111100111001100100110110010111010011000000000000000000000000000000000000000000000000000000000000
010101011000000011001101110101010101000000000000000000000000000000000000000000000000000000000000
110011011001010010001100101100010101000000000000000000000000000000000000000000000000000000000000
100110100011100101101001011010000110000000000000000000000000000000000000000000000000000000000000
110010010001000010110101101000011110000000000000000000000000000000000000000000000000000000000000
101100001010001100110100110100011001000000000000000000000000000000000000000000000000000000000000
100010000110001100110011000001101110000000000000000000000000000000000000000000000000000000000000
111100011110111101100101011111101110000000000000000000000000000000000000000000000000000000000000
000111000111001100000011111111101100000000000000000000000000000000000000000000000000000000000000
011111000100111000011100011011001011000000000000000000000000000000000000000000000000000000000000
011101011010101010000010011100111110000000000000000000000000000000000000000000000000000000000000
100010110101111110010110010110000110000000000000000000000000000000000000000000000000000000000000
001101101001011111011010100011111010000000000000000000000000000000000000000000000000000000000000
101001011010101001011111101011000000000000000000000000000000000000000000000000000000000000000000
100110101001011101000110000011111011000000000000000000000000000000000000000000000000000000000000
010000111010001100000000000000110011000000000000000000000000000000000000000000000000000000000000
000110001001001110111001110101010101000000000000000000000000000000000000000000000000000000000000
100110000101010010100001100100111001000000000000000000000000000000000000000000000000000000000000
001000010011110101001110011101011111000000000000000000000000000000000000000000000000000000000000
110111000110100001111010000100001001000000000000000000000000000000000000000000000000000000000000
011001111000001001001110110010101001000000000000000000000000000000000000000000000000000000000000
010001110000010001000101101011001010000000000000000000000000000000000000000000000000000000000000
100010001010111111100001110110011111000000000000000000000000000000000000000000000000000000000000
010110111000011011011001100010001110000000000000000000000000000000000000000000000000000000000000
010000110100110011011101111001100010000000000000000000000000000000000000000000000000000000000000
000010101001111000010001110100010101000000000000000000000000000000000000000000000000000000000000
100000101100011111001000011110101000000000000000000000000000000000000000000000000000000000000000
110101000111011100001100011000100101000000000000000000000000000000000000000000000000000000000000
110011011110000110111100101000011011000000000000000000000000000000000000000000000000000000000000
001100110111000011000000011100010110000000000000000000000000000000000000000000000000000000000000
000010000001000111111101111110110010000000000000000000000000000000000000000000000000000000000000
000010001100111010111000000110011000000000000000000000000000000000000000000000000000000000000000
100001110111101100101100111100101111000000000000000000000000000000000000000000000000000000000000
101001100110110000011100101110001111000000000000000000000000000000000000000000000000000000000000
010101011111011011110010110000001100000000000000000000000000000000000000000000000000000000000000
000101111101100011001000111000101000000000000000000000000000000000000000000000000000000000000000
101001010001000001101110011001001101000000000000000000000000000000000000000000000000000000000000
101111000010001011010000000010110110000000000000000000000000000000000000000000000000000000000000
101011100100011100000100111110010110000000000000000000000000000000000000000000000000000000000000
111100101000100111001010011101011111000000000000000000000000000000000000000000000000000000000000
111011001101000100110011110100011010000000000000000000000000000000000000000000000000000000000000
011000000001010000000000101110000100000000000000000000000000000000000000000000000000000000000000
010101111001000010010011101111001010000000000000000000000000000000000000000000000000000000000000
011110111101100011010001011001011101000000000000000000000000000000000000000000000000000000000000
001001101000000010111011111000101111000000000000000000000000000000000000000000000000000000000000
101101101000011011100111011010111011000000000000000000000000000000000000000000000000000000000000
011111011000001111010100110100110001000000000000000000000000000000000000000000000000000000000000
000100011100110010100100101001000000000000000000000000000000000000000000000000000000000000000000
101001011001001011111101001001011000000000000000000000000000000000000000000000000000000000000000
100100010101000111010111011010100010000000000000000000000000000000000000000000000000000000000000
110110101010011001011100111011110110000000000000000000000000000000000000000000000000000000000000
011011010101000011010011010101000101000000000000000000000000000000000000000000000000000000000000
011100100111000100111110010001001001000000000000000000000000000000000000000000000000000000000000
010100000100110110010111100101001000000000000000000000000000000000000000000000000000000000000000
101010111110101111001000110110011101000000000000000000000000000000000000000000000000000000000000
011001110010111011111011000001110110000000000000000000000000000000000000000000000000000000000000
000000001101001111110000001111011111000000000000000000000000000000000000000000000000000000000000
111001010110111011111111100011000101000000000000000000000000000000000000000000000000000000000000
100011111011101010101001101001000001000000000000000000000000000000000000000000000000000000000000
001010101001001111110111000111111111000000000000000000000000000000000000000000000000000000000000
010100100000100100110101111010010001000000000000000000000000000000000000000000000000000000000000
111101000110110000100110000001000011000000000000000000000000000000000000000000000000000000000000
101000010000011001011011011000110011000000000000000000000000000000000000000000000000000000000000
011010111111111110001101101101110110000000000000000000000000000000000000000000000000000000000000
011101000011011100110111110001110101000000000000000000000000000000000000000000000000000000000000
011001010100100110111110010111001011000000000000000000000000000000000000000000000000000000000000
101110001000010110110100100100000011000000000000000000000000000000000000000000000000000000000000
001101010101110011011001111100110001000000000000000000000000000000000000000000000000000000000000
101100111011010101000100101101001110000000000000000000000000000000000000000000000000000000000000
110110011101010001101011011011110110000000000000000000000000000000000000000000000000000000000000
001011011101100110110001011111010010000000000000000000000000000000000000000000000000000000000000
100111111010011010010011110101000110000000000000000000000000000000000000000000000000000000000000
000001010001010001101101000010101100000000000000000000000000000000000000000000000000000000000000
100101001010010111010000101010001010000000000000000000000000000000000000000000000000000000000000
110001000010010101111101000001001100000000000000000000000000000000000000000000000000000000000000
100011011001110010110111011110001110000000000000000000000000000000000000000000000000000000000000
011110111111101001110100000111001001000000000000000000000000000000000000000000000000000000000000
100110011000011111100010011000001101000000000000000000000000000000000000000000000000000000000000
011110111110011001010010100010111010000000000000000000000000000000000000000000000000000000000000
100000101100001011011100011000110000000000000000000000000000000000000000000000000000000000000000
000100110100100111100010110110111001000000000000000000000000000000000000000000000000000000000000
000100110011100000100110101001010110000000000000000000000000000000000000000000000000000000000000
110011101001001011100100010111001001000000000000000000000000000000000000000000000000000000000000
110101010001100010001011101000101001000000000000000000000000000000000000000000000000000000000000
001111111011110010000001101100110101000000000000000000000000000000000000000000000000000000000000
100111100111011110101101011000000111000000000000000000000000000000000000000000000000000000000000
110110010011100101110100000001000010000000000000000000000000000000000000000000000000000000000000
011111110000101010011101111100101011000000000000000000000000000000000000000000000000000000000000
001101111110010111110010000001111111000000000000000000000000000000000000000000000000000000000000
100001100111011100111101100010011110000000000000000000000000000000000000000000000000000000000000
000110100011011111001111000001110000000000000000000000000000000000000000000000000000000000000000
011101110100110110110111001101010110000000000000000000000000000000000000000000000000000000000000
110010101101000100011100100010001000000000000000000000000000000000000000000000000000000000000000
110000100110101100001011011100011001000000000000000000000000000000000000000000000000000000000000
000111101001100001110000101001011111000000000000000000000000000000000000000000000000000000000000
101111101011110000010010000010000010000000000000000000000000000000000000000000000000000000000000
111111101001001101111111011111011001000000000000000000000000000000000000000000000000000000000000
110110011000110101111011110001001111000000000000000000000000000000000000000000000000000000000000
011110110101101001100100000000110010000000000000000000000000000000000000000000000000000000000000
000110011101010000011001111000010111000000000000000000000000000000000000000000000000000000000000
000100010111110101100011111101010100000000000000000000000000000000000000000000000000000000000000
001100101010100100001100101000001111000000000000000000000000000000000000000000000000000000000000
110001010001010011101010110001111111000000000000000000000000000000000000000000000000000000000000
111100111011101010100100010110111001000000000000000000000000000000000000000000000000000000000000
100001010010010110010000100010000101000000000000000000000000000000000000000000000000000000000000
010110101101110111011111110000000000000000000000000000000000000000000000000000000000000000000000
011101000001011001111110111011010111000000000000000000000000000000000000000000000000000000000000
111101111001110100000101010010111100000000000000000000000000000000000000000000000000000000000000
110101000111110010000110101000000100000000000000000000000000000000000000000000000000000000000000
101001001010010001010011111001111001000000000000000000000000000000000000000000000000000000000000
010111000010001010000110000000110101000000000000000000000000000000000000000000000000000000000000
011100111100111101001101010101000101000000000000000000000000000000000000000000000000000000000000
010001001110011111000110011011100001000000000000000000000000000000000000000000000000000000000000
110000100011010001101101111001010010000000000000000000000000000000000000000000000000000000000000
111110100110101101001001001011111101000000000000000000000000000000000000000000000000000000000000
000110111011010111000110000000101111000000000000000000000000000000000000000000000000000000000000
100111000001010001111001011001010110000000000000000000000000000000000000000000000000000000000000
000000110010011001111100111111100110000000000000000000000000000000000000000000000000000000000000
001100000011111101001010111001100011000000000000000000000000000000000000000000000000000000000000
000101000011111110000010111110001100000000000000000000000000000000000000000000000000000000000000
110101100100111010011000100111011110000000000000000000000000000000000000000000000000000000000000
001100001001101011001111111110110010000000000000000000000000000000000000000000000000000000000000
001000110110100000111000110110101110000000000000000000000000000000000000000000000000000000000000
100101100010100000001101111001000001000000000000000000000000000000000000000000000000000000000000
001111101001110100010011111111010010000000000000000000000000000000000000000000000000000000000000
001011100110100001001000101010101000000000000000000000000000000000000000000000000000000000000000
000110101001111100101100101101001001000000000000000000000000000000000000000000000000000000000000
001111110011001101010011000010010001000000000000000000000000000000000000000000000000000000000000
101010101111110001011101101001110100000000000000000000000000000000000000000000000000000000000000
100010111110001010100101000100101001000000000000000000000000000000000000000000000000000000000000
100000011011101010001111001101110010000000000000000000000000000000000000000000000000000000000000
110001100111000001001001110100010001000000000000000000000000000000000000000000000000000000000000
101010010100101110000000101010001000000000000000000000000000000000000000000000000000000000000000
111110000011010110101000000000001000000000000000000000000000000000000000000000000000000000000000
001111001000010010010000101101010011000000000000000000000000000000000000000000000000000000000000
010011010100110000000111111001100010000000000000000000000000000000000000000000000000000000000000
001110100011110110111010010010110110000000000000000000000000000000000000000000000000000000000000
101010000001011001100001001010111000000000000000000000000000000000000000000000000000000000000000
101001111001111010100010001111111010000000000000000000000000000000000000000000000000000000000000
001111001111101100000101000010010101000000000000000000000000000000000000000000000000000000000000
000100011110111010100101101000111001000000000000000000000000000000000000000000000000000000000000
110000011111011101010000110100110011000000000000000000000000000000000000000000000000000000000000
001100101101011011110110110100111100000000000000000000000000000000000000000000000000000000000000
100000100001011001010110011100101000000000000000000000000000000000000000000000000000000000000000
011000111101010000010111001100000010000000000000000000000000000000000000000000000000000000000000
110000101010101111101101101101111010000000000000000000000000000000000000000000000000000000000000
011111001000101011011010110111000010000000000000000000000000000000000000000000000000000000000000
101001100001000100000101101001000100000000000000000000000000000000000000000000000000000000000000
000111001010110111111001110100001101000000000000000000000000000000000000000000000000000000000000
110001011100000001010001101101011011000000000000000000000000000000000000000000000000000000000000
110111100000110011011001100011011011000000000000000000000000000000000000000000000000000000000000
011001111000011010010101010000100001000000000000000000000000000000000000000000000000000000000000
111011111100011110100100100000100110000000000000000000000000000000000000000000000000000000000000
010111110000011100000111000000111111000000000000000000000000000000000000000000000000000000000000
101101110000010011111010001001111110000000000000000000000000000000000000000000000000000000000000
101100110110000001001100001101000000000000000000000000000000000000000000000000000000000000000000
101100001001011101011100110101001010000000000000000000000000000000000000000000000000000000000000
000100110001010011011110011011101000000000000000000000000000000000000000000000000000000000000000
010111111110011011000011000101010000000000000000000000000000000000000000000000000000000000000000
110111010010110001100011100000001110000000000000000000000000000000000000000000000000000000000000
010101101000110001111111101001101000000000000000000000000000000000000000000000000000000000000000
101000110111010001001101111001001100000000000000000000000000000000000000000000000000000000000000
110111111101010101111010010001110010000000000000000000000000000000000000000000000000000000000000
111000111100100010001101001100111010000000000000000000000000000000000000000000000000000000000000
111000101100011111001010010000110000000000000000000000000000000000000000000000000000000000000000
010100101000001000110110000111010011000000000000000000000000000000000000000000000000000000000000
010000111110101010111100111010111100000000000000000000000000000000000000000000000000000000000000
110001001000000110011010000011101110000000000000000000000000000000000000000000000000000000000000
100011100100011110000100101101101001000000000000000000000000000000000000000000000000000000000000
100010011101010100001001110101111000000000000000000000000000000000000000000000000000000000000000
101100100000110011110011101010101110000000000000000000000000000000000000000000000000000000000000
001001000011000101111100011001001110000000000000000000000000000000000000000000000000000000000000
001110110010111000010000110000111001000000000000000000000000000000000000000000000000000000000000
111111010101111101100110011011010101000000000000000000000000000000000000000000000000000000000000
100001000001101000100110010101110001000000000000000000000000000000000000000000000000000000000000
100011010011010100000111100000101011000000000000000000000000000000000000000000000000000000000000
101110000110001001101101100001101010000000000000000000000000000000000000000000000000000000000000
100010011010101011011010000110001110000000000000000000000000000000000000000000000000000000000000
101010111111100111011010000011100101000000000000000000000000000000000000000000000000000000000000
011001010100010001110001001000110100000000000000000000000000000000000000000000000000000000000000
001110111111100000101111011100000010000000000000000000000000000000000000000000000000000000000000
110010101111010111001011011100100100000000000000000000000000000000000000000000000000000000000000
011101110000010010011011100011000101000000000000000000000000000000000000000000000000000000000000
101011110000010001110010100111101000000000000000000000000000000000000000000000000000000000000000
101100100010111010011100100010000110000000000000000000000000000000000000000000000000000000000000
110100010101000111011011111110001011000000000000000000000000000000000000000000000000000000000000
100001100100101010011100110100101101000000000000000000000000000000000000000000000000000000000000
111010011100010100001111101100110011000000000000000000000000000000000000000000000000000000000000
000101111000111011010110100100110100000000000000000000000000000000000000000000000000000000000000
101111000011001101110001101101111101000000000000000000000000000000000000000000000000000000000000
001011000011001111100101011011000011000000000000000000000000000000000000000000000000000000000000
011001101011100001000100000100011000000000000000000000000000000000000000000000000000000000000000
011011000001001100101100010010100010000000000000000000000000000000000000000000000000000000000000
000001001111011000001111011010011001000000000000000000000000000000000000000000000000000000000000
111100101101110111000100011001111111000000000000000000000000000000000000000000000000000000000000
100010111100100001000111011010000101000000000000000000000000000000000000000000000000000000000000
100111010011101100100011110101101010000000000000000000000000000000000000000000000000000000000000
000111011000001000011100010010001101000000000000000000000000000000000000000000000000000000000000
010100101100100111011001110110011011000000000000000000000000000000000000000000000000000000000000
010001111011101010000011101111101001000000000000000000000000000000000000000000000000000000000000
110111110011010110100110110000101001000000000000000000000000000000000000000000000000000000000000
101110000111100111110110010110001101000000000000000000000000000000000000000000000000000000000000
011101111101111101111011001001100100000000000000000000000000000000000000000000000000000000000000
010001011010000100010111100010011011000000000000000000000000000000000000000000000000000000000000
001001011111010111100010110111011010000000000000000000000000000000000000000000000000000000000000
111110101100101100000001010110100101000000000000000000000000000000000000000000000000000000000000
000001100000010100001000110010101001000000000000000000000000000000000000000000000000000000000000
000100101000101000010000100111110110000000000000000000000000000000000000000000000000000000000000
100111001110001000011000000000010101000000000000000000000000000000000000000000000000000000000000
111001100101110111010111101110110100000000000000000000000000000000000000000000000000000000000000
111111001101110001001000011100000011000000000000000000000000000000000000000000000000000000000000
100110010110111110100011110110000101000000000000000000000000000000000000000000000000000000000000
101110111101001111101010011001110100000000000000000000000000000000000000000000000000000000000000
011101001101010110111000110011010100000000000000000000000000000000000000000000000000000000000000
000110100100001010000000010100100010000000000000000000000000000000000000000000000000000000000000
101110111001011001010110110011001101000000000000000000000000000000000000000000000000000000000000
011011111100010110010011010101010000000000000000000000000000000000000000000000000000000000000000
101000000101110110010001111100001110000000000000000000000000000000000000000000000000000000000000
101110010100110100110000110010000001000000000000000000000000000000000000000000000000000000000000
101001011100000001001001100111101001000000000000000000000000000000000000000000000000000000000000
111001001001101111111010011011101001000000000000000000000000000000000000000000000000000000000000
100100011111011100111001010001001011000000000000000000000000000000000000000000000000000000000000
001001111101011110000101110111110110000000000000000000000000000000000000000000000000000000000000
101001100010011000110010010011101101000000000000000000000000000000000000000000000000000000000000
010101011010010010111001001110010001000000000000000000000000000000000000000000000000000000000000
001100001001100000001011110000001000000000000000000000000000000000000000000000000000000000000000
010100000010111101111001010110010101000000000000000000000000000000000000000000000000000000000000
101110100010011100000110000001010001000000000000000000000000000000000000000000000000000000000000
101010100010101000110100110000111010000000000000000000000000000000000000000000000000000000000000
001101100011010110000010011110111011000000000000000000000000000000000000000000000000000000000000
011101111111110011111101101110001101000000000000000000000000000000000000000000000000000000000000
000110101101100001001010001000000101000000000000000000000000000000000000000000000000000000000000
111111010101001100100010110001011000000000000000000000000000000000000000000000000000000000000000
000100000010011110110010100001001000000000000000000000000000000000000000000000000000000000000000
011010011111100000001010101011000010000000000000000000000000000000000000000000000000000000000000
001011111001010101111011011111110100000000000000000000000000000000000000000000000000000000000000
001101110001001110110011011110011011000000000000000000000000000000000000000000000000000000000000
100110111010001100100001000100000110000000000000000000000000000000000000000000000000000000000000
110010110011001011101111101111110101000000000000000000000000000000000000000000000000000000000000
101010000111000011111001010000010011000000000000000000000000000000000000000000000000000000000000
011011100000100101101111000111100011000000000000000000000000000000000000000000000000000000000000
100011000110010000110000111110101110000000000000000000000000000000000000000000000000000000000000
010101000001010000000010100110001011000000000000000000000000000000000000000000000000000000000000
001111111100011100100111010111110000000000000000000000000000000000000000000000000000000000000000
101001010000010111010111010001000001000000000000000000000000000000000000000000000000000000000000
010011001101000001001110001101101110000000000000000000000000000000000000000000000000000000000000
010001101110101110000111011000010101000000000000000000000000000000000000000000000000000000000000
000001010110001010100100000100010000000000000000000000000000000000000000000000000000000000000000
011000101110101100010001000001001011000000000000000000000000000000000000000000000000000000000000
001000001110111110010000000010110011000000000000000000000000000000000000000000000000000000000000
101011100010100010100100111000000110000000000000000000000000000000000000000000000000000000000000
101101001110010100100011001111110001000000000000000000000000000000000000000000000000000000000000
100100101111000001001101110100010000000000000000000000000000000000000000000000000000000000000000
000101111000110011011010000101001011000000000000000000000000000000000000000000000000000000000000
101010010111011011110111010111110000000000000000000000000000000000000000000000000000000000000000
010110010100100010000101100011011000000000000000000000000000000000000000000000000000000000000000
010011010000010010101000100100111010000000000000000000000000000000000000000000000000000000000000
111010101110100110110011010011110001000000000000000000000000000000000000000000000000000000000000
000011110111010101001011111010001101000000000000000000000000000000000000000000000000000000000000
111111011000000110011100101011011100000000000000000000000000000000000000000000000000000000000000
010110110100010011111110000101100000000000000000000000000000000000000000000000000000000000000000
110101110000100110110000000101110111000000000000000000000000000000000000000000000000000000000000
100110001010110001101010111101001110000000000000000000000000000000000000000000000000000000000000
101100111101111100010010000101100001000000000000000000000000000000000000000000000000000000000000
101001010110010000001001100111111110000000000000000000000000000000000000000000000000000000000000
110001111100011110010000001000101110000000000000000000000000000000000000000000000000000000000000
010111010011000001011010001111010101000000000000000000000000000000000000000000000000000000000000
011000010000011110111111000101010111000000000000000000000000000000000000000000000000000000000000
011100001001011110010110000111101011000000000000000000000000000000000000000000000000000000000000
100111010110011011011000001100101000000000000000000000000000000000000000000000000000000000000000
010001010101001101101000110100100010000000000000000000000000000000000000000000000000000000000000
101111010011111001101110010000111011000000000000000000000000000000000000000000000000000000000000
011110101010111110001100000001001010000000000000000000000000000000000000000000000000000000000000
000000001101010011011100010111010011000000000000000000000000000000000000000000000000000000000000
000100010001010010100110101011010101000000000000000000000000000000000000000000000000000000000000
