010011111011100010010010110100000110000000000000000000000000000000000000000000000000000000000000
001011110001000111100000001101001011000000000000000000000000000000000000000000000000000000000000
000001011101110010000101111000110100000000000000000000000000000000000000000000000000000000000000
010010111001110101001100110001010110000000000000000000000000000000000000000000000000000000000000
010010000010100001101000011110110010000000000000000000000000000000000000000000000000000000000000
001101001111111001111100001110101010000000000000000000000000000000000000000000000000000000000000
001101111001001011001101110011010001000000000000000000000000000000000000000000000000000000000000
000101001100110001000000010110001000000000000000000000000000000000000000000000000000000000000000
110110010100100111000011000010011100000000000000000000000000000000000000000000000000000000000000
100110011001010101101010111111101101000000000000000000000000000000000000000000000000000000000000
110011111000000001100100111100000001000000000000000000000000000000000000000000000000000000000000
111011101100101001000000110101001111000000000000000000000000000000000000000000000000000000000000
111000001111101100111101011100011110000000000000000000000000000000000000000000000000000000000000
100000011100010010110111010000001010000000000000000000000000000000000000000000000000000000000000
111100100111100011110100101100010111000000000000000000000000000000000000000000000000000000000000
000101101010110000011100111011100010000000000000000000000000000000000000000000000000000000000000
111101000101110100101101100010000110000000000000000000000000000000000000000000000000000000000000
111110011110000101000001110010100000000000000000000000000000000000000000000000000000000000000000
001000000110010111001101101011001110000000000000000000000000000000000000000000000000000000000000
010010010111100101101101010111110111000000000000000000000000000000000000000000000000000000000000
000010001000011000110111011111111000000000000000000000000000000000000000000000000000000000000000
111101110011001000001001011110001001000000000000000000000000000000000000000000000000000000000000
000101101011100011001001000110001000000000000000000000000000000000000000000000000000000000000000
110101101110101000101011101101101110000000000000000000000000000000000000000000000000000000000000
010111101011000100111100001111011110000000000000000000000000000000000000000000000000000000000000
100110000101001111001010111110100010000000000000000000000000000000000000000000000000000000000000
000101000110111010011001001000011111000000000000000000000000000000000000000000000000000000000000
011100010011110111011101101001101101000000000000000000000000000000000000000000000000000000000000
111111110110001101000101010110001110000000000000000000000000000000000000000000000000000000000000
001101100110011011101011110001000000000000000000000000000000000000000000000000000000000000000000
001010010010101001001010100100000101000000000000000000000000000000000000000000000000000000000000
111011111000010010111011001110011100000000000000000000000000000000000000000000000000000000000000
100000100001000010001000100001000100000000000000000000000000000000000000000000000000000000000000
110111011101110011010000100110100000000000000000000000000000000000000000000000000000000000000000
100010111111001100000001111000011111000000000000000000000000000000000000000000000000000000000000
100000011111110110111001000101111111000000000000000000000000000000000000000000000000000000000000
000010100011010010101110001110101011000000000000000000000000000000000000000000000000000000000000
010001001100111110110010011111001000000000000000000000000000000000000000000000000000000000000000
100010011111000000010010111100111011000000000000000000000000000000000000000000000000000000000000
110010001010100001010110110111110100000000000000000000000000000000000000000000000000000000000000
110111001010111001011100100001111100000000000000000000000000000000000000000000000000000000000000
100101110001110100010000100111010100000000000000000000000000000000000000000000000000000000000000
110100011101001000010101101010011100000000000000000000000000000000000000000000000000000000000000
001010000000000101110010111001000011000000000000000000000000000000000000000000000000000000000000
101011010101101010000011110011000111000000000000000000000000000000000000000000000000000000000000
111111100011010111000111101111110010000000000000000000000000000000000000000000000000000000000000
011011100000100001011111111011010110000000000000000000000000000000000000000000000000000000000000
110100010100101101100011000001000111000000000000000000000000000000000000000000000000000000000000
000101111111111111010000110000111011000000000000000000000000000000000000000000000000000000000000
000010001111101110110100111010000001000000000000000000000000000000000000000000000000000000000000
110011100101111001110111100111100110000000000000000000000000000000000000000000000000000000000000
001101101001101111100001010110010011000000000000000000000000000000000000000000000000000000000000
101100001010000100001100111010010110000000000000000000000000000000000000000000000000000000000000
011001010110101000001111101110011100000000000000000000000000000000000000000000000000000000000000
111000000110011100010111011000110100000000000000000000000000000000000000000000000000000000000000
000010110001011101110111101011011110000000000000000000000000000000000000000000000000000000000000
011101110000110000101101110111101110000000000000000000000000000000000000000000000000000000000000
010010011000101001010011101110010001000000000000000000000000000000000000000000000000000000000000
101110011001100111011100001010010110000000000000000000000000000000000000000000000000000000000000
110011010000111000001100011010000101000000000000000000000000000000000000000000000000000000000000
111101100011100001111100111011010011000000000000000000000000000000000000000000000000000000000000
111001000011111000000011001000110001000000000000000000000000000000000000000000000000000000000000
001111110001110001000000000101000001000000000000000000000000000000000000000000000000000000000000
001111101100001100100110000111010110000000000000000000000000000000000000000000000000000000000000
100101100101100100101111001101100101000000000000000000000000000000000000000000000000000000000000
011010100101010000011111011011011100000000000000000000000000000000000000000000000000000000000000
001101010010010001110111001100101000000000000000000000000000000000000000000000000000000000000000
001101100000110010000011111001001101000000000000000000000000000000000000000000000000000000000000
000101001110010110010010011011111000000000000000000000000000000000000000000000000000000000000000
100001011110101100000110011011000110000000000000000000000000000000000000000000000000000000000000
000111010001100000000011111100111111000000000000000000000000000000000000000000000000000000000000
010100100000010111000110100100010100000000000000000000000000000000000000000000000000000000000000
001100101000000011110011011110000110000000000000000000000000000000000000000000000000000000000000
110000000001101101000010101000011000000000000000000000000000000000000000000000000000000000000000
000000000010000011011010011011000010000000000000000000000000000000000000000000000000000000000000
010000100011110111011011100100100011000000000000000000000000000000000000000000000000000000000000
110001110100000010111100110001111001000000000000000000000000000000000000000000000000000000000000
000111110110100110110011001111010011000000000000000000000000000000000000000000000000000000000000
011100111100101001110000010101001011000000000000000000000000000000000000000000000000000000000000
101101001111001111111110001111001110000000000000000000000000000000000000000000000000000000000000
000000011110100101100001110100100101000000000000000000000000000000000000000000000000000000000000
101111000010101001110100110110001110000000000000000000000000000000000000000000000000000000000000
111010000110100101100011000100111000000000000000000000000000000000000000000000000000000000000000
100010011110100011100010101110011100000000000000000000000000000000000000000000000000000000000000
110100001000110101111011000011000000000000000000000000000000000000000000000000000000000000000000
000100101000011100101000100100010101000000000000000000000000000000000000000000000000000000000000
010110001111100110110100011100001110000000000000000000000000000000000000000000000000000000000000
111011111111010010100000110110110011000000000000000000000000000000000000000000000000000000000000
011010001000010101110110011000100111000000000000000000000000000000000000000000000000000000000000
111011111110010111011011010011100001000000000000000000000000000000000000000000000000000000000000
101111111000010011111001011010101001000000000000000000000000000000000000000000000000000000000000
011100011101110001011111110101110101000000000000000000000000000000000000000000000000000000000000
111101111000110001010101000011101001000000000000000000000000000000000000000000000000000000000000
011000010001000011101000101011101110000000000000000000000000000000000000000000000000000000000000
010011001011001110011110001110101010000000000000000000000000000000000000000000000000000000000000
000001110001010101000011101001000101000000000000000000000000000000000000000000000000000000000000
001001000110011100110100001010101011000000000000000000000000000000000000000000000000000000000000
100000001001001100110000001001100000000000000000000000000000000000000000000000000000000000000000
101111111111001011111100001000111011000000000000000000000000000000000000000000000000000000000000
100100011001111101100100111000110110000000000000000000000000000000000000000000000000000000000000
010110110100110001011001011100101000000000000000000000000000000000000000000000000000000000000000
000100001001011111110011010101000100000000000000000000000000000000000000000000000000000000000000
011000000101011100011001111000001001000000000000000000000000000000000000000000000000000000000000
110100101010111111000011100100110100000000000000000000000000000000000000000000000000000000000000
110001101110010000001011010101001001000000000000000000000000000000000000000000000000000000000000
100001101000000100000001011110101010000000000000000000000000000000000000000000000000000000000000
001001010010001010001110010001111100000000000000000000000000000000000000000000000000000000000000
110111011011011110000010111000111111000000000000000000000000000000000000000000000000000000000000
011101101101001101000110011010110001000000000000000000000000000000000000000000000000000000000000
011001111010001001110000110100110111000000000000000000000000000000000000000000000000000000000000
010000101000101010101001000110010000000000000000000000000000000000000000000000000000000000000000
100000100010010110001111010101001000000000000000000000000000000000000000000000000000000000000000
101010011010100110101101100000000000000000000000000000000000000000000000000000000000000000000000
110111001010101101101011011111111101000000000000000000000000000000000000000000000000000000000000
100011000101010110101010010001101101000000000000000000000000000000000000000000000000000000000000
010110001011100100010000110011000000000000000000000000000000000000000000000000000000000000000000
100100001010001110111100010101101010000000000000000000000000000000000000000000000000000000000000
100100011110111111100010000011011110000000000000000000000000000000000000000000000000000000000000
010001100111110111011100110100101110000000000000000000000000000000000000000000000000000000000000
111111110100101101001110110100100011000000000000000000000000000000000000000000000000000000000000
100111101000101100100001000101101100000000000000000000000000000000000000000000000000000000000000
011000001100010000010101100000111111000000000000000000000000000000000000000000000000000000000000
001001110100010110111110011110001010000000000000000000000000000000000000000000000000000000000000
000000111101010111011000101100101100000000000000000000000000000000000000000000000000000000000000
111101111100011111110101001001001111000000000000000000000000000000000000000000000000000000000000
011110111010011010011000011111100010000000000000000000000000000000000000000000000000000000000000
111001011010000000101011001001111100000000000000000000000000000000000000000000000000000000000000
100011010111000111100011111011010011000000000000000000000000000000000000000000000000000000000000
110001101100101101110010100100011010000000000000000000000000000000000000000000000000000000000000
010001001000110110101011010101111111000000000000000000000000000000000000000000000000000000000000
110101011011001100111001111101100011000000000000000000000000000000000000000000000000000000000000
101001010010111011000111000101001010000000000000000000000000000000000000000000000000000000000000
100011010011110111011000101000010110000000000000000000000000000000000000000000000000000000000000
111010011101000000000110100101000010000000000000000000000000000000000000000000000000000000000000
010111111000010000100010000010111100000000000000000000000000000000000000000000000000000000000000
001111111100110101100111110000001011000000000000000000000000000000000000000000000000000000000000
111110110011100001001000001011111001000000000000000000000000000000000000000000000000000000000000
100100100010110111001111000011000101000000000000000000000000000000000000000000000000000000000000
011101100101001111011110011110100000000000000000000000000000000000000000000000000000000000000000
101100111001011001111110100111111000000000000000000000000000000000000000000000000000000000000000
011110011001001000000111011111100100000000000000000000000000000000000000000000000000000000000000
000000000111110101000110110010000111000000000000000000000000000000000000000000000000000000000000
110001011001111101111101011110001110000000000000000000000000000000000000000000000000000000000000
010110110100100001000001100001011001000000000000000000000000000000000000000000000000000000000000
110100011010100110001111000101110001000000000000000000000000000000000000000000000000000000000000
100101010111011101101011110001111111000000000000000000000000000000000000000000000000000000000000
000000101101110100011101000100010111000000000000000000000000000000000000000000000000000000000000
111110001001010110001011110101100010000000000000000000000000000000000000000000000000000000000000
111101101000000011110001110100101010000000000000000000000000000000000000000000000000000000000000
001101000011010110110111101111100001000000000000000000000000000000000000000000000000000000000000
100111000111100011000011111100000011000000000000000000000000000000000000000000000000000000000000
010010001011100100000100000100010101000000000000000000000000000000000000000000000000000000000000
111101010111000100001011111100010010000000000000000000000000000000000000000000000000000000000000
111001000001111111101001101001010011000000000000000000000000000000000000000000000000000000000000
100000001011110000011010101011011000000000000000000000000000000000000000000000000000000000000000
101001100001001001100001101110110000000000000000000000000000000000000000000000000000000000000000
110010101000110101010110000111100101000000000000000000000000000000000000000000000000000000000000
101001100101101110111011101010010010000000000000000000000000000000000000000000000000000000000000
001001000010001101010110111001010001000000000000000000000000000000000000000000000000000000000000
010110101111000010010101111110001110000000000000000000000000000000000000000000000000000000000000
010010101000010110010110001000100110000000000000000000000000000000000000000000000000000000000000
010101001100101001110001001011001000000000000000000000000000000000000000000000000000000000000000
101100011001110010011010110010011110000000000000000000000000000000000000000000000000000000000000
010111100000100111010111010101110110000000000000000000000000000000000000000000000000000000000000
011100011101100010111000110010010101000000000000000000000000000000000000000000000000000000000000
111100100000001100110101111010111010000000000000000000000000000000000000000000000000000000000000
101010001100101011011110101000100000000000000000000000000000000000000000000000000000000000000000
110011011101001011010101100000000111000000000000000000000000000000000000000000000000000000000000
010001111111001011010101101101110011000000000000000000000000000000000000000000000000000000000000
101011010000011101110101111011111000000000000000000000000000000000000000000000000000000000000000
001001111110111001010111001001011001000000000000000000000000000000000000000000000000000000000000
011001110010101000011100101011111100000000000000000000000000000000000000000000000000000000000000
001100100111011000111100011110000000000000000000000000000000000000000000000000000000000000000000
111100011011011001011101101101100001000000000000000000000000000000000000000000000000000000000000
110001011010010111110001001000111101000000000000000000000000000000000000000000000000000000000000
110110110001010111111001000111101010000000000000000000000000000000000000000000000000000000000000
000100110010010110111110011000100110000000000000000000000000000000000000000000000000000000000000
100100010001101000000110010001100011000000000000000000000000000000000000000000000000000000000000
111010011111110010001101111101000010000000000000000000000000000000000000000000000000000000000000
010011110111000100101110010100111111000000000000000000000000000000000000000000000000000000000000
011001110001111011001000101101100000000000000000000000000000000000000000000000000000000000000000
000011010000011010111010111011110100000000000000000000000000000000000000000000000000000000000000
110001101101101110100010000001011011000000000000000000000000000000000000000000000000000000000000
010001111001110011010101101010000111000000000000000000000000000000000000000000000000000000000000
010101000010100101101110010100010101000000000000000000000000000000000000000000000000000000000000
101001010111000001010110011010000101000000000000000000000000000000000000000000000000000000000000
011001001110110000011101011010010110000000000000000000000000000000000000000000000000000000000000
011101101111101111010000110000001101000000000000000000000000000000000000000000000000000000000000
101001010110111011000111001110110001000000000000000000000000000000000000000000000000000000000000
111100010010011001101010011110101010000000000000000000000000000000000000000000000000000000000000
101011100011101011001101010010111010000000000000000000000000000000000000000000000000000000000000
011010000010011000010111100011010000000000000000000000000000000000000000000000000000000000000000
010011010000000000000111101111010101000000000000000000000000000000000000000000000000000000000000
011010010000010110011111001010101001000000000000000000000000000000000000000000000000000000000000
111100000101100111110110000000110011000000000000000000000000000000000000000000000000000000000000
000010101110101011111000000011010110000000000000000000000000000000000000000000000000000000000000
110011001100011110111100110010001100000000000000000000000000000000000000000000000000000000000000
100111100011000111011011101100100110000000000000000000000000000000000000000000000000000000000000
111100000100110000001100101110111011000000000000000000000000000000000000000000000000000000000000
011110000101000000011010101110110111000000000000000000000000000000000000000000000000000000000000
100010000010110000100101000110011110000000000000000000000000000000000000000000000000000000000000
110010011101101011101100110000010101000000000000000000000000000000000000000000000000000000000000
000011111000110010011000111000111010000000000000000000000000000000000000000000000000000000000000
110011101100001110001000001100011001000000000000000000000000000000000000000000000000000000000000
100010100101101110001100000000000011000000000000000000000000000000000000000000000000000000000000
011100000111100000110111011110110000000000000000000000000000000000000000000000000000000000000000
001111100010100110011000100110101001000000000000000000000000000000000000000000000000000000000000
110001001111110101111101011111000011000000000000000000000000000000000000000000000000000000000000
010011000100000111011000001011101001000000000000000000000000000000000000000000000000000000000000
000000111111100001010110000011000001000000000000000000000000000000000000000000000000000000000000
001111111001000111000101110010100101000000000000000000000000000000000000000000000000000000000000
110000110001110000000111100000000001000000000000000000000000000000000000000000000000000000000000
010010110110111010111001011000010010000000000000000000000000000000000000000000000000000000000000
011110000000101111100101011101101101000000000000000000000000000000000000000000000000000000000000
101010110011011100101011100101010010000000000000000000000000000000000000000000000000000000000000
010110000001101111010110000010000010000000000000000000000000000000000000000000000000000000000000
011110010000110110001101010110001011000000000000000000000000000000000000000000000000000000000000
001001111010100111110001100100110010000000000000000000000000000000000000000000000000000000000000
000110100101001111011011001111000111000000000000000000000000000000000000000000000000000000000000
000100101010110010000011011101010100000000000000000000000000000000000000000000000000000000000000
111111111100111010101111100010001101000000000000000000000000000000000000000000000000000000000000
011000010101001110111000100101101011000000000000000000000000000000000000000000000000000000000000
011011101011010011011011010111111010000000000000000000000000000000000000000000000000000000000000
001011110010101101011111101110011101000000000000000000000000000000000000000000000000000000000000
000011000111101010000011101001110011000000000000000000000000000000000000000000000000000000000000
000010001111000000010100110000000011000000000000000000000000000000000000000000000000000000000000
011001100101011111011111010111111111000000000000000000000000000000000000000000000000000000000000
101001101101100001000110111111110111000000000000000000000000000000000000000000000000000000000000
011001110111110111111011100110011010000000000000000000000000000000000000000000000000000000000000
000110001101001100110111101010001110000000000000000000000000000000000000000000000000000000000000
001010001010000001000010000001100110000000000000000000000000000000000000000000000000000000000000
111001010111010000101111110111010010000000000000000000000000000000000000000000000000000000000000
111110111111101011000010101100110100000000000000000000000000000000000000000000000000000000000000
110100001011010011000110010101010000000000000000000000000000000000000000000000000000000000000000
111111111010010001000001001100110011000000000000000000000000000000000000000000000000000000000000
111110000010000101111011001110101100000000000000000000000000000000000000000000000000000000000000
110101011011000110100110000010101101000000000000000000000000000000000000000000000000000000000000
110101001001110001011011100011100100000000000000000000000000000000000000000000000000000000000000
001110101000101110000101111000111000000000000000000000000000000000000000000000000000000000000000
001101100001000010101001010010100111000000000000000000000000000000000000000000000000000000000000
011110111001001101010001100000111000000000000000000000000000000000000000000000000000000000000000
110000011100001001010001100111001010000000000000000000000000000000000000000000000000000000000000
111100000101110101010010011010001001000000000000000000000000000000000000000000000000000000000000
000011110110001100010001001110011001000000000000000000000000000000000000000000000000000000000000
111111100111101010010111000100000011000000000000000000000000000000000000000000000000000000000000
100001110110000101100100011101010001000000000000000000000000000000000000000000000000000000000000
111000111110111110101011111111100011000000000000000000000000000000000000000000000000000000000000
010001010000010100000100111011110101000000000000000000000000000000000000000000000000000000000000
010110100100111101011111011011100001000000000000000000000000000000000000000000000000000000000000
010000111100100000000111100101001111000000000000000000000000000000000000000000000000000000000000
000101000001000111110101110101100011000000000000000000000000000000000000000000000000000000000000
101011001000001110101111000101101101000000000000000000000000000000000000000000000000000000000000
110100111001001100101101010001111011000000000000000000000000000000000000000000000000000000000000
001001100101101101100101100100001010000000000000000000000000000000000000000000000000000000000000
000110000110010000101011010101100110000000000000000000000000000000000000000000000000000000000000
000011100101011110100010101100010110000000000000000000000000000000000000000000000000000000000000
110010100111110001101010101000111100000000000000000000000000000000000000000000000000000000000000
010101111111100010011101001100010111000000000000000000000000000000000000000000000000000000000000
000011101100111010111111000001110011000000000000000000000000000000000000000000000000000000000000
001111111110101000011100101110000011000000000000000000000000000000000000000000000000000000000000
010111110000011001100101110011010110000000000000000000000000000000000000000000000000000000000000
110100101101111010000101000111100101000000000000000000000000000000000000000000000000000000000000
001000000001100110101111101111101101000000000000000000000000000000000000000000000000000000000000
110111110101001011000111011001111000000000000000000000000000000000000000000000000000000000000000
110100001010101110101111100011100010000000000000000000000000000000000000000000000000000000000000
000100110010010011000001011100000100000000000000000000000000000000000000000000000000000000000000
000010001001011011001000111100001110000000000000000000000000000000000000000000000000000000000000
100001001100110111011000001010001010000000000000000000000000000000000000000000000000000000000000
100000011101010001001011010001100101000000000000000000000000000000000000000000000000000000000000
000110010010011110111011001110101101000000000000000000000000000000000000000000000000000000000000
001010100110011010001101100111001000000000000000000000000000000000000000000000000000000000000000
000100111011010010100101100100110010000000000000000000000000000000000000000000000000000000000000
111010001010011000101001010101111001000000000000000000000000000000000000000000000000000000000000
101010010111100101000001111000111010000000000000000000000000000000000000000000000000000000000000
111101101010000100101011110111010100000000000000000000000000000000000000000000000000000000000000
110000000000111010001011001011100101000000000000000000000000000000000000000000000000000000000000
100101111101100001101101101001001001000000000000000000000000000000000000000000000000000000000000
001111001101111000111001101001001101000000000000000000000000000000000000000000000000000000000000
101011011001001001100010011110111100000000000000000000000000000000000000000000000000000000000000
011011010010001110100001110100110000000000000000000000000000000000000000000000000000000000000000
101010001000100001001010010100101001000000000000000000000000000000000000000000000000000000000000
111011001010010111011001001010011101000000000000000000000000000000000000000000000000000000000000
001011111101000100110100110110110111000000000000000000000000000000000000000000000000000000000000
001101001110100100100000110110111110000000000000000000000000000000000000000000000000000000000000
100011001111000101010110010101100001000000000000000000000000000000000000000000000000000000000000
100100101100100111100110010001001100000000000000000000000000000000000000000000000000000000000000
101101010101110110110111100100011011000000000000000000000000000000000000000000000000000000000000
000010101010111110010011100110011010000000000000000000000000000000000000000000000000000000000000
111111111110001101001000000000100100000000000000000000000000000000000000000000000000000000000000
000100011111111101010110011001010110000000000000000000000000000000000000000000000000000000000000
101110100110000010110101011110110100000000000000000000000000000000000000000000000000000000000000
110111111011110100011111110010111100000000000000000000000000000000000000000000000000000000000000
011001000110010110010101100000100000000000000000000000000000000000000000000000000000000000000000
011011110000010001111001111000100110000000000000000000000000000000000000000000000000000000000000
011010110101100111011010001010101010000000000000000000000000000000000000000000000000000000000000
000100001111000100010001001100010010000000000000000000000000000000000000000000000000000000000000
001110111010011000111110011001010110000000000000000000000000000000000000000000000000000000000000
011100000101111000101101111000110111000000000000000000000000000000000000000000000000000000000000
101010111000001100010111011110000011000000000000000000000000000000000000000000000000000000000000
001110000011110100010100111011111010000000000000000000000000000000000000000000000000000000000000
110111001011110100100011101011010110000000000000000000000000000000000000000000000000000000000000
011100110010001000100111101101101100000000000000000000000000000000000000000000000000000000000000
100000111000010110010010101100000010000000000000000000000000000000000000000000000000000000000000
100110101100100010100110111010010000000000000000000000000000000000000000000000000000000000000000
010011101001011010100101010001110000000000000000000000000000000000000000000000000000000000000000
101011111111110101110000001110011110000000000000000000000000000000000000000000000000000000000000
010101001011101111010111100001110110000000000000000000000000000000000000000000000000000000000000
110000001110000010001111101101100110000000000000000000000000000000000000000000000000000000000000
101110110111000011110100111000110010000000000000000000000000000000000000000000000000000000000000
011001011010011100000111111000110001000000000000000000000000000000000000000000000000000000000000
101011001111101000000011000111111010000000000000000000000000000000000000000000000000000000000000
011011000010000111100111000001011001000000000000000000000000000000000000000000000000000000000000
101111111010101101110111111000111101000000000000000000000000000000000000000000000000000000000000
100100111001100100011010111001101001000000000000000000000000000000000000000000000000000000000000
001010000111001100000101011011011110000000000000000000000000000000000000000000000000000000000000
010001000000101111011000001110111111000000000000000000000000000000000000000000000000000000000000
001011001011001001000100000101101110000000000000000000000000000000000000000000000000000000000000
010111101110100001000010111010011101000000000000000000000000000000000000000000000000000000000000
011110011001001100110111011011000010000000000000000000000000000000000000000000000000000000000000
110100001101101111011000001010100011000000000000000000000000000000000000000000000000000000000000
100111000100111001011111111110011111000000000000000000000000000000000000000000000000000000000000
001100100011111101100000000011000100000000000000000000000000000000000000000000000000000000000000
000101000110110001100110010100100001000000000000000000000000000000000000000000000000000000000000
010100111110010111111010110111010001000000000000000000000000000000000000000000000000000000000000
100101110111010000001101010111001000000000000000000000000000000000000000000000000000000000000000
011000100100100010101100101101110101000000000000000000000000000000000000000000000000000000000000
010110011001101000100010011001011010000000000000000000000000000000000000000000000000000000000000
010110101111101101000101101000100111000000000000000000000000000000000000000000000000000000000000
001000010010100001100101111100000111000000000000000000000000000000000000000000000000000000000000
100000010010110110001111110001111101000000000000000000000000000000000000000000000000000000000000
101110110000101101000000001010110000000000000000000000000000000000000000000000000000000000000000
111111110001101101011001101110100010000000000000000000000000000000000000000000000000000000000000
000110001011011011001000000011111111000000000000000000000000000000000000000000000000000000000000
001000111100000110000110011000111010000000000000000000000000000000000000000000000000000000000000
101111000100010100011010111100011011000000000000000000000000000000000000000000000000000000000000
100111111001001100001011000110100000000000000000000000000000000000000000000000000000000000000000
000011000110100111011101001111001011000000000000000000000000000000000000000000000000000000000000
100001001100111101000001011010001100000000000000000000000000000000000000000000000000000000000000
000000111011011010000101000000111110000000000000000000000000000000000000000000000000000000000000
100101101111011110101001010101001010000000000000000000000000000000000000000000000000000000000000
001001101100001100010111000001110111000000000000000000000000000000000000000000000000000000000000
011010101101000101010011001010000101000000000000000000000000000000000000000000000000000000000000
011011110100010101001101011000110001000000000000000000000000000000000000000000000000000000000000
101001010011001000100001011111101001000000000000000000000000000000000000000000000000000000000000
101001101011010010110100110100100110000000000000000000000000000000000000000000000000000000000000
110111011110100101001010001110110100000000000000000000000000000000000000000000000000000000000000
101011111100011001001111001010001001000000000000000000000000000000000000000000000000000000000000
100001101100001110110001101101011011000000000000000000000000000000000000000000000000000000000000
111000000001101111111000100010010110000000000000000000000000000000000000000000000000000000000000
000010000101000010011111001110101100000000000000000000000000000000000000000000000000000000000000
010100111010100011101001010111001111000000000000000000000000000000000000000000000000000000000000
101101110010110011011001111010001111000000000000000000000000000000000000000000000000000000000000
111100000010000110001000111100011001000000000000000000000000000000000000000000000000000000000000
011011100100111110111111100100000010000000000000000000000000000000000000000000000000000000000000
101001100101001110000001111110010111000000000000000000000000000000000000000000000000000000000000
110100011100110110111000100000011100000000000000000000000000000000000000000000000000000000000000
000110001011001010101110010011101011000000000000000000000000000000000000000000000000000000000000
110100001010111110111000011011111101000000000000000000000000000000000000000000000000000000000000
010001000000000001011111010110011100000000000000000000000000000000000000000000000000000000000000
100001111011011110101100001000111000000000000000000000000000000000000000000000000000000000000000
100111101011111101100010110011011000000000000000000000000000000000000000000000000000000000000000
100110011010111010001111100111010010000000000000000000000000000000000000000000000000000000000000
101011011111101100001110011101001100000000000000000000000000000000000000000000000000000000000000
000111000101001010101011101100000111000000000000000000000000000000000000000000000000000000000000
010101010001000000101011100100101011000000000000000000000000000000000000000000000000000000000000
110011011000100011001001110001101101000000000000000000000000000000000000000000000000000000000000
011010100110100010101110000010011000000000000000000000000000000000000000000000000000000000000000
001010101010010100111000101001001010000000000000000000000000000000000000000000000000000000000000
100110010111100100101111111110010101000000000000000000000000000000000000000000000000000000000000
111110111111110001011011101100110100000000000000000000000000000000000000000000000000000000000000
111000100100010111101110111001110100000000000000000000000000000000000000000000000000000000000000
101000010110000001100001001101000011000000000000000000000000000000000000000000000000000000000000
001011100011101110010010100111000010000000000000000000000000000000000000000000000000000000000000
110101110010101001101001001010000010000000000000000000000000000000000000000000000000000000000000
110101111100110101010110010001001011000000000000000000000000000000000000000000000000000000000000
010101000010001100100011101100101000000000000000000000000000000000000000000000000000000000000000
010110011001101111011011111010101111000000000000000000000000000000000000000000000000000000000000
010111101110110111100111010100010100000000000000000000000000000000000000000000000000000000000000
111011110110001010110011001001100010000000000000000000000000000000000000000000000000000000000000
010110000000100001000011111110100111000000000000000000000000000000000000000000000000000000000000
001111001101101011010101101111001111000000000000000000000000000000000000000000000000000000000000
001000111000011100100100011101010101000000000000000000000000000000000000000000000000000000000000
101101011010001111110111100101001001000000000000000000000000000000000000000000000000000000000000
100010100110111100000011110101010000000000000000000000000000000000000000000000000000000000000000
011111000011000100000011000000001001000000000000000000000000000000000000000000000000000000000000
011000100001010011000001101000100100000000000000000000000000000000000000000000000000000000000000
001101101010101101011010100000010011000000000000000000000000000000000000000000000000000000000000
001010111111000111101101110101100100000000000000000000000000000000000000000000000000000000000000
011100010101110011100001101011111100000000000000000000000000000000000000000000000000000000000000
000010010110010000010010101111111001000000000000000000000000000000000000000000000000000000000000
011101011010001011111110100001101010000000000000000000000000000000000000000000000000000000000000
010111001000001000100101010011110001000000000000000000000000000000000000000000000000000000000000
001001001010010101101101100110111010000000000000000000000000000000000000000000000000000000000000
110100000110110001111100110101001100000000000000000000000000000000000000000000000000000000000000
111001110010101011111101110100010100000000000000000000000000000000000000000000000000000000000000
001001011111101001111000010000110111000000000000000000000000000000000000000000000000000000000000
111111111110100000101001001010111100000000000000000000000000000000000000000000000000000000000000
010100100111100111011111001000111101000000000000000000000000000000000000000000000000000000000000
111001111000000000111101100010100110000000000000000000000000000000000000000000000000000000000000
010110010101110001100001101101101000000000000000000000000000000000000000000000000000000000000000
