101101100011110101001001111010011101000000000000000000000000000000000000000000000000000000000000
011011011110011010000101011000100001000000000000000000000000000000000000000000000000000000000000
000100010100100001101010101101011010000000000000000000000000000000000000000000000000000000000000
110011000111000111011000010001100001000000000000000000000000000000000000000000000000000000000000
000001010110100001010111010001110100000000000000000000000000000000000000000000000000000000000000
101000111111101010101000001100010011000000000000000000000000000000000000000000000000000000000000
110000000101010000101011110000001110000000000000000000000000000000000000000000000000000000000000
011110010110000100100100001011010001000000000000000000000000000000000000000000000000000000000000
000111111001101111011100111100111000000000000000000000000000000000000000000000000000000000000000
011000110101100101001000111100011110000000000000000000000000000000000000000000000000000000000000
110010001001000101010011101001110001000000000000000000000000000000000000000000000000000000000000
100010001011001111011001010010110011000000000000000000000000000000000000000000000000000000000000
010101110111110011000111011110000110000000000000000000000000000000000000000000000000000000000000
110100110000100110001100101000010111000000000000000000000000000000000000000000000000000000000000
010000000001101011000111111010100001000000000000000000000000000000000000000000000000000000000000
011011100011001011110010110100000100000000000000000000000000000000000000000000000000000000000000
001101011101011010000101110010001110000000000000000000000000000000000000000000000000000000000000
100001010010010000011110000001100100000000000000000000000000000000000000000000000000000000000000
000000110000100001000000010010100000000000000000000000000000000000000000000000000000000000000000
010011001101000001000110100001001010000000000000000000000000000000000000000000000000000000000000
100111011100000010010011010000010011000000000000000000000000000000000000000000000000000000000000
111101011011001000101000000011011001000000000000000000000000000000000000000000000000000000000000
100010011111010010110011101011110000000000000000000000000000000000000000000000000000000000000000
111000111100101101011010110101101111000000000000000000000000000000000000000000000000000000000000
001110101101100111111101001101011100000000000000000000000000000000000000000000000000000000000000
111000011001110000000101010110010011000000000000000000000000000000000000000000000000000000000000
010111010011101011101001100111001110000000000000000000000000000000000000000000000000000000000000
110111011011000011111100011000100100000000000000000000000000000000000000000000000000000000000000
011110011100100101011011000000011001000000000000000000000000000000000000000000000000000000000000
010011011001100100101111000111001101000000000000000000000000000000000000000000000000000000000000
010011000001001110111001011011001000000000000000000000000000000000000000000000000000000000000000
101010011111100010110101101110010000000000000000000000000000000000000000000000000000000000000000
100111010011001011100011010110110001000000000000000000000000000000000000000000000000000000000000
110101011111011110100100001111100100000000000000000000000000000000000000000000000000000000000000
011111111001111100101011000001111101000000000000000000000000000000000000000000000000000000000000
011000010100100110110111010101111010000000000000000000000000000000000000000000000000000000000000
011111110111010001100101010011000110000000000000000000000000000000000000000000000000000000000000
110101001111100001011101001000011101000000000000000000000000000000000000000000000000000000000000
101111110010010101110100011101101010000000000000000000000000000000000000000000000000000000000000
001101000100000010010111010110111011000000000000000000000000000000000000000000000000000000000000
000111110010011101000010010110100000000000000000000000000000000000000000000000000000000000000000
110110001101101010011111000000110101000000000000000000000000000000000000000000000000000000000000
110100100011011000010000011001110001000000000000000000000000000000000000000000000000000000000000
010100001100011010110111110001011100000000000000000000000000000000000000000000000000000000000000
011011000010100000101110001101011000000000000000000000000000000000000000000000000000000000000000
001110100111000101100111001110100111000000000000000000000000000000000000000000000000000000000000
000000011100111011001001000111101001000000000000000000000000000000000000000000000000000000000000
100100001111001101000101100100110111000000000000000000000000000000000000000000000000000000000000
100011110110011001011101011010011000000000000000000000000000000000000000000000000000000000000000
101000001110111100001001011100001110000000000000000000000000000000000000000000000000000000000000
110000111101010010110110001111001000000000000000000000000000000000000000000000000000000000000000
110101010101101011001100111000110110000000000000000000000000000000000000000000000000000000000000
000110001001101100100101011010010111000000000000000000000000000000000000000000000000000000000000
011010000100010001100111010001000010000000000000000000000000000000000000000000000000000000000000
111101011100110010001001100101100111000000000000000000000000000000000000000000000000000000000000
001110101100100000011110111110001101000000000000000000000000000000000000000000000000000000000000
001000101111111001101001000001111100000000000000000000000000000000000000000000000000000000000000
101010110011001000011110100100100010000000000000000000000000000000000000000000000000000000000000
101000011011001110000001010110011100000000000000000000000000000000000000000000000000000000000000
000011011001111110001010101011011111000000000000000000000000000000000000000000000000000000000000
011101110100100000010101111100111000000000000000000000000000000000000000000000000000000000000000
100110110110110001100111000000110101000000000000000000000000000000000000000000000000000000000000
111010000110011111110010000100100000000000000000000000000000000000000000000000000000000000000000
010111010000100011101101101111101110000000000000000000000000000000000000000000000000000000000000
011011010001110101000100000001110000000000000000000000000000000000000000000000000000000000000000
011100011011001110001111000100010001000000000000000000000000000000000000000000000000000000000000
010111010010011001011000100000010100000000000000000000000000000000000000000000000000000000000000
010001001111010100001001001010011000000000000000000000000000000000000000000000000000000000000000
111100101100111111011111010111001000000000000000000000000000000000000000000000000000000000000000
101001001111101010001000010111001101000000000000000000000000000000000000000000000000000000000000
111010111010100001000000000100011010000000000000000000000000000000000000000000000000000000000000
000000011111111001011000100100100000000000000000000000000000000000000000000000000000000000000000
011110001111011011001000110001101010000000000000000000000000000000000000000000000000000000000000
000111000010111011011011010011101001000000000000000000000000000000000000000000000000000000000000
011001000010100010011101101000010100000000000000000000000000000000000000000000000000000000000000
011110000101000010101010000100110000000000000000000000000000000000000000000000000000000000000000
011000011011010110111000110101100010000000000000000000000000000000000000000000000000000000000000
111100110001000000101000011101001111000000000000000000000000000000000000000000000000000000000000
111001110000110000110101011001111100000000000000000000000000000000000000000000000000000000000000
100110001010100010110001000101000000000000000000000000000000000000000000000000000000000000000000
101001010110010110010000100100110001000000000000000000000000000000000000000000000000000000000000
101000100001100100110000011100000000000000000000000000000000000000000000000000000000000000000000
100000110010010110110111100000010010000000000000000000000000000000000000000000000000000000000000
111111011101100011010010101100000010000000000000000000000000000000000000000000000000000000000000
000100110110011001101101111000100110000000000000000000000000000000000000000000000000000000000000
101001000000011000001101000100011100000000000000000000000000000000000000000000000000000000000000
110000110011011101100101110010110001000000000000000000000000000000000000000000000000000000000000
001011011010001101100000110000000110000000000000000000000000000000000000000000000000000000000000
111011010000000010011011110001011110000000000000000000000000000000000000000000000000000000000000
000101001011000011010010001000111011000000000000000000000000000000000000000000000000000000000000
001011101001001000101111001011101110000000000000000000000000000000000000000000000000000000000000
010010011001001011111101100110110001000000000000000000000000000000000000000000000000000000000000
011001001100100110011101011111000101000000000000000000000000000000000000000000000000000000000000
001000010100000010000111110000101001000000000000000000000000000000000000000000000000000000000000
000110011011001011101001011000001011000000000000000000000000000000000000000000000000000000000000
101101100100001111100011001111101001000000000000000000000000000000000000000000000000000000000000
001010001001011011100001010101101011000000000000000000000000000000000000000000000000000000000000
011100010011010101010111100110000110000000000000000000000000000000000000000000000000000000000000
111001000000011101100111010000001011000000000000000000000000000000000000000000000000000000000000
110001010100001010010000000010101001000000000000000000000000000000000000000000000000000000000000
101010101111011001010011001110101111000000000000000000000000000000000000000000000000000000000000
000111010111110100001010010001100010000000000000000000000000000000000000000000000000000000000000
011100100110110011110110001011110111000000000000000000000000000000000000000000000000000000000000
011001011001010010100010000000001101000000000000000000000000000000000000000000000000000000000000
101001111101010100010110111110110101000000000000000000000000000000000000000000000000000000000000
011010001001000000100110000011100011000000000000000000000000000000000000000000000000000000000000
011110110101011001110101001100001001000000000000000000000000000000000000000000000000000000000000
111001000100011011001101011100101010000000000000000000000000000000000000000000000000000000000000
101000111101010001000110011001100100000000000000000000000000000000000000000000000000000000000000
010000011001001111011001101001000100000000000000000000000000000000000000000000000000000000000000
001110010101010101011111111101001010000000000000000000000000000000000000000000000000000000000000
110010011000000001111100100000010011000000000000000000000000000000000000000000000000000000000000
100101001101111100011001000101100000000000000000000000000000000000000000000000000000000000000000
111000001100110010111010110111111001000000000000000000000000000000000000000000000000000000000000
100110011010001111011010111010001100000000000000000000000000000000000000000000000000000000000000
110010001101011111000110110000011100000000000000000000000000000000000000000000000000000000000000
000000100010011001010101101100101010000000000000000000000000000000000000000000000000000000000000
001100110101100010001100001011001111000000000000000000000000000000000000000000000000000000000000
111101001010100101010000110001011000000000000000000000000000000000000000000000000000000000000000
010010001100110011101100110010000101000000000000000000000000000000000000000000000000000000000000
000110101000010101111000100011101110000000000000000000000000000000000000000000000000000000000000
001001000111001100100011111010101111000000000000000000000000000000000000000000000000000000000000
110111110001000011011011101110001001000000000000000000000000000000000000000000000000000000000000
111011001010111001000001011010000010000000000000000000000000000000000000000000000000000000000000
100010010001111010110101101010000111000000000000000000000000000000000000000000000000000000000000
101000110000010011110110001100111110000000000000000000000000000000000000000000000000000000000000
111100001011011101001000000111110111000000000000000000000000000000000000000000000000000000000000
011111111010110000001111111100101010000000000000000000000000000000000000000000000000000000000000
001110110111111111111110000010110000000000000000000000000000000000000000000000000000000000000000
000000000111001011001100101101111000000000000000000000000000000000000000000000000000000000000000
010010010101011110011001010011010001000000000000000000000000000000000000000000000000000000000000
100000011011101010110011100100100010000000000000000000000000000000000000000000000000000000000000
111000001101010001010001001101111011000000000000000000000000000000000000000000000000000000000000
110010101111001000010000001110110110000000000000000000000000000000000000000000000000000000000000
011000110011101011011011101110000110000000000000000000000000000000000000000000000000000000000000
001010101101111101101110000010101111000000000000000000000000000000000000000000000000000000000000
100011000011011111100001100000111111000000000000000000000000000000000000000000000000000000000000
001111001101001011111011011100101001000000000000000000000000000000000000000000000000000000000000
011100100101011101101011111010111011000000000000000000000000000000000000000000000000000000000000
010101000011001101011001001011000001000000000000000000000000000000000000000000000000000000000000
111110010001011000000000011111110111000000000000000000000000000000000000000000000000000000000000
010001101011011001011011001011101001000000000000000000000000000000000000000000000000000000000000
101010111000001000000010100001010100000000000000000000000000000000000000000000000000000000000000
010100010010110101000101010110111000000000000000000000000000000000000000000000000000000000000000
100111010110110100101011111101101010000000000000000000000000000000000000000000000000000000000000
100101001100101010101000111100110111000000000000000000000000000000000000000000000000000000000000
110010010011011111110100010010001010000000000000000000000000000000000000000000000000000000000000
000101000110000001100100111100100110000000000000000000000000000000000000000000000000000000000000
111001011011111100110101001100001111000000000000000000000000000000000000000000000000000000000000
100101100001011000111111111011001110000000000000000000000000000000000000000000000000000000000000
000000000001110100011010001000010000000000000000000000000000000000000000000000000000000000000000
110101010100110011001000000011000011000000000000000000000000000000000000000000000000000000000000
000010111001000110001101100010100001000000000000000000000000000000000000000000000000000000000000
100001000101111000110110111110111101000000000000000000000000000000000000000000000000000000000000
001010011101011111110111011111101110000000000000000000000000000000000000000000000000000000000000
000011010000110110001011010111011011000000000000000000000000000000000000000000000000000000000000
110010110100011100001011111001110011000000000000000000000000000000000000000000000000000000000000
101010001010001111101100001111001011000000000000000000000000000000000000000000000000000000000000
100010100010011000111111101010010001000000000000000000000000000000000000000000000000000000000000
100101110011011011111000001110111100000000000000000000000000000000000000000000000000000000000000
001110111011010011010110111110011001000000000000000000000000000000000000000000000000000000000000
010100000011111100001010101010101110000000000000000000000000000000000000000000000000000000000000
001010011100101101011001010111001010000000000000000000000000000000000000000000000000000000000000
101010000001001101100011111101001000000000000000000000000000000000000000000000000000000000000000
001101101000000110000010111011111101000000000000000000000000000000000000000000000000000000000000
111100001101101001100100001000010000000000000000000000000000000000000000000000000000000000000000
001001100000110110010010010010000111000000000000000000000000000000000000000000000000000000000000
011110000111111010100010100000001001000000000000000000000000000000000000000000000000000000000000
000101111111010100100011111000011000000000000000000000000000000000000000000000000000000000000000
110100001101001100110011001110110001000000000000000000000000000000000000000000000000000000000000
010111001000101101110000010100100101000000000000000000000000000000000000000000000000000000000000
001010111110111010110101001010100110000000000000000000000000000000000000000000000000000000000000
010000001111011111010011110101100000000000000000000000000000000000000000000000000000000000000000
110010100000010001101011110101001100000000000000000000000000000000000000000000000000000000000000
010001111100111000101011011110100100000000000000000000000000000000000000000000000000000000000000
101000010111101001110110010100001110000000000000000000000000000000000000000000000000000000000000
110010110001001011010110000000000101000000000000000000000000000000000000000000000000000000000000
011110010110100111101001010001010100000000000000000000000000000000000000000000000000000000000000
010110100101100110010100001111011110000000000000000000000000000000000000000000000000000000000000
100001001000001001100110010010101011000000000000000000000000000000000000000000000000000000000000
000111011001101000111101000110111010000000000000000000000000000000000000000000000000000000000000
010000001110000100111101001101110010000000000000000000000000000000000000000000000000000000000000
100110010010110011010000010000110011000000000000000000000000000000000000000000000000000000000000
010011010010100100000001000000100001000000000000000000000000000000000000000000000000000000000000
100110001001100110010001111100101000000000000000000000000000000000000000000000000000000000000000
100001111010111101111101001101101011000000000000000000000000000000000000000000000000000000000000
011100001001001100101000000100101011000000000000000000000000000000000000000000000000000000000000
010100111110111010010010011000000011000000000000000000000000000000000000000000000000000000000000
000100010001011011001001110000100111000000000000000000000000000000000000000000000000000000000000
110000000101111001000000010011110010000000000000000000000000000000000000000000000000000000000000
011111111011110111100001000101010111000000000000000000000000000000000000000000000000000000000000
010100101010011001110111000000111000000000000000000000000000000000000000000000000000000000000000
110100101011000011011110000100010001000000000000000000000000000000000000000000000000000000000000
001010011011111011110110100100001101000000000000000000000000000000000000000000000000000000000000
000101100010100101100011000000110111000000000000000000000000000000000000000000000000000000000000
111101111111011100101011011101001111000000000000000000000000000000000000000000000000000000000000
001001111101100101010100011011101101000000000000000000000000000000000000000000000000000000000000
000010001000111101000101111001000100000000000000000000000000000000000000000000000000000000000000
000100110011010001110101111001001000000000000000000000000000000000000000000000000000000000000000
100011100101000001001000101000100111000000000000000000000000000000000000000000000000000000000000
100111111110100111110110011100101100000000000000000000000000000000000000000000000000000000000000
010100101110111010001000100101001011000000000000000000000000000000000000000000000000000000000000
110001011101000011110001000110101010000000000000000000000000000000000000000000000000000000000000
001010110111111100111111000001011001000000000000000000000000000000000000000000000000000000000000
011100001000001000000111110011010100000000000000000000000000000000000000000000000000000000000000
110001001101011110111111011011111111000000000000000000000000000000000000000000000000000000000000
101111110010100100101101110010110010000000000000000000000000000000000000000000000000000000000000
010110101001111001100101000110011001000000000000000000000000000000000000000000000000000000000000
001100000110000000100011001101000110000000000000000000000000000000000000000000000000000000000000
010001110001011101111011001011010111000000000000000000000000000000000000000000000000000000000000
001100010111001101111011100011110010000000000000000000000000000000000000000000000000000000000000
001011100111110010000010011011110000000000000000000000000000000000000000000000000000000000000000
100101001101001100011111001000101111000000000000000000000000000000000000000000000000000000000000
100100000001100010001101001100000011000000000000000000000000000000000000000000000000000000000000
001001111111101011010110111101010000000000000000000000000000000000000000000000000000000000000000
110010011001110110101011111000100011000000000000000000000000000000000000000000000000000000000000
101001010011001011100110000011011100000000000000000000000000000000000000000000000000000000000000
100101011011001110001111110100011100000000000000000000000000000000000000000000000000000000000000
001110101101111101000011111011111110000000000000000000000000000000000000000000000000000000000000
111100001101000111010011001111101101000000000000000000000000000000000000000000000000000000000000
100010100010001110100001110111000010000000000000000000000000000000000000000000000000000000000000
000101001111100010111111001000011011000000000000000000000000000000000000000000000000000000000000
011001000101011110100110100100000000000000000000000000000000000000000000000000000000000000000000
111010101011101000000000110101010110000000000000000000000000000000000000000000000000000000000000
101101001100110011000011010011101111000000000000000000000000000000000000000000000000000000000000
110110010111000000111111010111111111000000000000000000000000000000000000000000000000000000000000
011000110101001100100011011111101010000000000000000000000000000000000000000000000000000000000000
010010011100001110001001111111011101000000000000000000000000000000000000000000000000000000000000
110011101100100100111010101111011001000000000000000000000000000000000000000000000000000000000000
110001011111110000101010001001111010000000000000000000000000000000000000000000000000000000000000
001000100110101000011011000111111101000000000000000000000000000000000000000000000000000000000000
001110011110101101011110011001010001000000000000000000000000000000000000000000000000000000000000
011101100010110011001111010000010001000000000000000000000000000000000000000000000000000000000000
000001101000011100010110000011110000000000000000000000000000000000000000000000000000000000000000
111001111111101101101101000011001010000000000000000000000000000000000000000000000000000000000000
101110100100001111000100011111000101000000000000000000000000000000000000000000000000000000000000
000000001110011100000001011010000101000000000000000000000000000000000000000000000000000000000000
111001111010000101000011101100100001000000000000000000000000000000000000000000000000000000000000
101001011100011100101001111101110100000000000000000000000000000000000000000000000000000000000000
000111100001011100001000011011111110000000000000000000000000000000000000000000000000000000000000
100110100010110110001011111101101011000000000000000000000000000000000000000000000000000000000000
101000111111011000010010001011001111000000000000000000000000000000000000000000000000000000000000
111100100111000001110011000101001011000000000000000000000000000000000000000000000000000000000000
010100111110101011000010111001000110000000000000000000000000000000000000000000000000000000000000
100011011010100011111111100101000110000000000000000000000000000000000000000000000000000000000000
111001011011001011001110100100010010000000000000000000000000000000000000000000000000000000000000
010011111100100101011010000010011100000000000000000000000000000000000000000000000000000000000000
101001100110011110101110000100111110000000000000000000000000000000000000000000000000000000000000
110000101001100010011111111000010110000000000000000000000000000000000000000000000000000000000000
100111011111010011010000111010110001000000000000000000000000000000000000000000000000000000000000
100110010011101000100111010000111010000000000000000000000000000000000000000000000000000000000000
101000101100111000000100001011110001000000000000000000000000000000000000000000000000000000000000
111110001110101111110111001110000000000000000000000000000000000000000000000000000000000000000000
001110111100000000011001101110011001000000000000000000000000000000000000000000000000000000000000
011101010110010110010001111010110101000000000000000000000000000000000000000000000000000000000000
110110010110110011000001001111001101000000000000000000000000000000000000000000000000000000000000
101011111010011101111001100000011101000000000000000000000000000000000000000000000000000000000000
010101100111010000100110110101000101000000000000000000000000000000000000000000000000000000000000
001011001110110101111001001001100110000000000000000000000000000000000000000000000000000000000000
101010111010101100010011110101010001000000000000000000000000000000000000000000000000000000000000
111101010101000001001101100011101010000000000000000000000000000000000000000000000000000000000000
110110100111100100110010101011001110000000000000000000000000000000000000000000000000000000000000
111010010110010100100100000011010101000000000000000000000000000000000000000000000000000000000000
001110001001101000101101101001011100000000000000000000000000000000000000000000000000000000000000
111110010010010111010110001111101101000000000000000000000000000000000000000000000000000000000000
100000010001001110001110100100010000000000000000000000000000000000000000000000000000000000000000
100010001010100100011110111010101001000000000000000000000000000000000000000000000000000000000000
101101110100111000110011010101011100000000000000000000000000000000000000000000000000000000000000
111111111110110000101100110111110100000000000000000000000000000000000000000000000000000000000000
000001000011010111000100110010110111000000000000000000000000000000000000000000000000000000000000
100000000010100110000110111111000110000000000000000000000000000000000000000000000000000000000000
111110110111010010110001111000010101000000000000000000000000000000000000000000000000000000000000
010110011111001010000001001011011001000000000000000000000000000000000000000000000000000000000000
010111010101101000000010111111101011000000000000000000000000000000000000000000000000000000000000
111010011001111100101010111100010101000000000000000000000000000000000000000000000000000000000000
111100100101111010110001110011010001000000000000000000000000000000000000000000000000000000000000
101111110000110100110110001001100111000000000000000000000000000000000000000000000000000000000000
101101001001000111111001011001110011000000000000000000000000000000000000000000000000000000000000
110000000110011010111000001101100001000000000000000000000000000000000000000000000000000000000000
010010110100001110001001110011010110000000000000000000000000000000000000000000000000000000000000
101111110011101001110100010011111110000000000000000000000000000000000000000000000000000000000000
001100111111100000011110110111011110000000000000000000000000000000000000000000000000000000000000
010000011101000010100010110001011000000000000000000000000000000000000000000000000000000000000000
110010111111100101000010011011011010000000000000000000000000000000000000000000000000000000000000
110000110110011011000101000000011001000000000000000000000000000000000000000000000000000000000000
111100010001000001111000110100111001000000000000000000000000000000000000000000000000000000000000
010010101101000001110000010010000101000000000000000000000000000000000000000000000000000000000000
111010111111011101101101111001010010000000000000000000000000000000000000000000000000000000000000
010110000101011110111010111101101100000000000000000000000000000000000000000000000000000000000000
101110001100010010001000011001110101000000000000000000000000000000000000000000000000000000000000
000100000010101111001110011111100000000000000000000000000000000000000000000000000000000000000000
111001100001111110110010101100100111000000000000000000000000000000000000000000000000000000000000
101101011111110111110110000011100110000000000000000000000000000000000000000000000000000000000000
001001111101011011110101110110010010000000000000000000000000000000000000000000000000000000000000
100011010000011010011010010011100000000000000000000000000000000000000000000000000000000000000000
011100001101111101010101000100101111000000000000000000000000000000000000000000000000000000000000
001101001001110100010010001101001011000000000000000000000000000000000000000000000000000000000000
101010011011011010001101000000110010000000000000000000000000000000000000000000000000000000000000
111111010100100100100101000110001111000000000000000000000000000000000000000000000000000000000000
001111111110101110011001101111110010000000000000000000000000000000000000000000000000000000000000
000100100111010100010101000011100101000000000000000000000000000000000000000000000000000000000000
000100001000011101010101001000010010000000000000000000000000000000000000000000000000000000000000
110010001011000110000001100010010000000000000000000000000000000000000000000000000000000000000000
010010110111000100000100111111111010000000000000000000000000000000000000000000000000000000000000
001100111100001011000001111111110111000000000000000000000000000000000000000000000000000000000000
110000100111110010000100111110100101000000000000000000000000000000000000000000000000000000000000
010001100001011101101111011101101111000000000000000000000000000000000000000000000000000000000000
010101100101001010011000010100101110000000000000000000000000000000000000000000000000000000000000
100001110101110111101010101101101111000000000000000000000000000000000000000000000000000000000000
110110010110001011101010111111010011000000000000000000000000000000000000000000000000000000000000
111011111001110011011110001010110001000000000000000000000000000000000000000000000000000000000000
001001101001000111011000000111001001000000000000000000000000000000000000000000000000000000000000
010011101010000000010100101111110000000000000000000000000000000000000000000000000000000000000000
001001100011010011100011111001111001000000000000000000000000000000000000000000000000000000000000
001100101101101010100011101101010000000000000000000000000000000000000000000000000000000000000000
110010011001100011110110110010000001000000000000000000000000000000000000000000000000000000000000
111010011111001111001111101001011101000000000000000000000000000000000000000000000000000000000000
101101101011010110011111011001101000000000000000000000000000000000000000000000000000000000000000
110011111100100000011111101100101110000000000000000000000000000000000000000000000000000000000000
111011001010111110000000110101100111000000000000000000000000000000000000000000000000000000000000
110110110111001000000110100100001000000000000000000000000000000000000000000000000000000000000000
100010001011010110100000100111111101000000000000000000000000000000000000000000000000000000000000
110100010001111111011001011001001100000000000000000000000000000000000000000000000000000000000000
101111111100111101010110010110000111000000000000000000000000000000000000000000000000000000000000
111111011000010010001100101011010011000000000000000000000000000000000000000000000000000000000000
001100000110011000110001110011000010000000000000000000000000000000000000000000000000000000000000
110100110110011011000001111101111000000000000000000000000000000000000000000000000000000000000000
100110101100101111110001111100110001000000000000000000000000000000000000000000000000000000000000
111010110001001100111110000110111000000000000000000000000000000000000000000000000000000000000000
010001001000010100000110000010010010000000000000000000000000000000000000000000000000000000000000
011010100000101001000111101010001110000000000000000000000000000000000000000000000000000000000000
000110111101001010110100011111111111000000000000000000000000000000000000000000000000000000000000
010111110110011101111000011101011100000000000000000000000000000000000000000000000000000000000000
111111001110101100101101011000010110000000000000000000000000000000000000000000000000000000000000
001111000000111111101101011110100100000000000000000000000000000000000000000000000000000000000000
110100101000101000101111111111100111000000000000000000000000000000000000000000000000000000000000
101110100000000100000100110001101011000000000000000000000000000000000000000000000000000000000000
100010001101000001000111101111000010000000000000000000000000000000000000000000000000000000000000
011010111101110111001100110010000010000000000000000000000000000000000000000000000000000000000000
011011111100101011111011000001111110000000000000000000000000000000000000000000000000000000000000
111001000001100000011000111110001110000000000000000000000000000000000000000000000000000000000000
011010110100000111010011000100100011000000000000000000000000000000000000000000000000000000000000
100000000001010010001001110111010001000000000000000000000000000000000000000000000000000000000000
100001100010011010011111111000001010000000000000000000000000000000000000000000000000000000000000
010111010101111110110010001010000001000000000000000000000000000000000000000000000000000000000000
111110111001100101011011000100001111000000000000000000000000000000000000000000000000000000000000
100011111101100010111010100010110110000000000000000000000000000000000000000000000000000000000000
010100000101001010101100111110110011000000000000000000000000000000000000000000000000000000000000
010100100001001111011011001011000101000000000000000000000000000000000000000000000000000000000000
011101100010111110000010101110000100000000000000000000000000000000000000000000000000000000000000
110110011000000101110101110111100110000000000000000000000000000000000000000000000000000000000000
101001001110011100101101000011110101000000000000000000000000000000000000000000000000000000000000
111011101010101101100101010101010100000000000000000000000000000000000000000000000000000000000000
001001000010100000001101010000001100000000000000000000000000000000000000000000000000000000000000
101100110101110100001011000100100110000000000000000000000000000000000000000000000000000000000000
111001101110000100110101000001111101000000000000000000000000000000000000000000000000000000000000
011100101110010101111100110000001011000000000000000000000000000000000000000000000000000000000000
111011001011101101110100111101001010000000000000000000000000000000000000000000000000000000000000
011011001110011000111000110110011101000000000000000000000000000000000000000000000000000000000000
101100100010111001010001100001000001000000000000000000000000000000000000000000000000000000000000
101100111101111110111000101011111111000000000000000000000000000000000000000000000000000000000000
100011011111011001011100010110101100000000000000000000000000000000000000000000000000000000000000
110001011010100110010001100111111111000000000000000000000000000000000000000000000000000000000000
100011000111010001011010000101111001000000000000000000000000000000000000000000000000000000000000
101101100001110101010010011100000011000000000000000000000000000000000000000000000000000000000000
001100111001010111100101001011111000000000000000000000000000000000000000000000000000000000000000
111100000001011100100000001100001000000000000000000000000000000000000000000000000000000000000000
011101101110101111100001110011101100000000000000000000000000000000000000000000000000000000000000
010001000101000010011001001010111101000000000000000000000000000000000000000000000000000000000000
001110001111111110001010101101110001000000000000000000000000000000000000000000000000000000000000
100111011001000001001100101001010101000000000000000000000000000000000000000000000000000000000000
000011000001111011100111001110011011000000000000000000000000000000000000000000000000000000000000
110111000101010100010000101111100111000000000000000000000000000000000000000000000000000000000000
011011101000111011011101100101010010000000000000000000000000000000000000000000000000000000000000
101111001011111000110101000111111011000000000000000000000000000000000000000000000000000000000000
100010011011001011100101011101001000000000000000000000000000000000000000000000000000000000000000
000011010101100011101111111001001110000000000000000000000000000000000000000000000000000000000000
010010001000001110111110001010000010000000000000000000000000000000000000000000000000000000000000
001101001100100111111001001101111101000000000000000000000000000000000000000000000000000000000000
001111101100000010000100111110110111000000000000000000000000000000000000000000000000000000000000
011100011001100010000010111100011111000000000000000000000000000000000000000000000000000000000000
100000100100001001010011000010011101000000000000000000000000000000000000000000000000000000000000
000111101110110011010100111100011111000000000000000000000000000000000000000000000000000000000000
010010011001100111000001111000001000000000000000000000000000000000000000000000000000000000000000
000101010000111010011110111000011100000000000000000000000000000000000000000000000000000000000000
010111100110000010010010101000001100000000000000000000000000000000000000000000000000000000000000
111111000101000000111010011010100110000000000000000000000000000000000000000000000000000000000000
000111000101001110110011000100011111000000000000000000000000000000000000000000000000000000000000
111111001100010101011110101100011011000000000000000000000000000000000000000000000000000000000000
100101110000010101010011100000001110000000000000000000000000000000000000000000000000000000000000
000101110011100001100010001000011111000000000000000000000000000000000000000000000000000000000000
000011100011100001110110010011001110000000000000000000000000000000000000000000000000000000000000
111110010101100100000001010010001101000000000000000000000000000000000000000000000000000000000000
010110100111100010001110101010010001000000000000000000000000000000000000000000000000000000000000
001011101111101000011101111101011010000000000000000000000000000000000000000000000000000000000000
100001100100100010111000100000010001000000000000000000000000000000000000000000000000000000000000
110011111110001110010000010101001010000000000000000000000000000000000000000000000000000000000000
111111100001110101010011010100011110000000000000000000000000000000000000000000000000000000000000
101010101110001110011011000011110001000000000000000000000000000000000000000000000000000000000000
000111001001111101111110000000111111000000000000000000000000000000000000000000000000000000000000
