011011010110011001001100100101110010000000000000000000000000000000000000000000000000000000000000
100111100011101011000000110011001000000000000000000000000000000000000000000000000000000000000000
010010111011100110011110010100011111000000000000000000000000000000000000000000000000000000000000
011111011011110000110101011110110011000000000000000000000000000000000000000000000000000000000000
100111101010000010000101000100010011000000000000000000000000000000000000000000000000000000000000
101111110010011100000111001010010011000000000000000000000000000000000000000000000000000000000000
111011100101000001110101010110000110000000000000000000000000000000000000000000000000000000000000
100010010111111000100100011101010010000000000000000000000000000000000000000000000000000000000000
111111100000000001111111011001101001000000000000000000000000000000000000000000000000000000000000
011101011001100110110010111000101100000000000000000000000000000000000000000000000000000000000000
010110011000011000001000011110000111000000000000000000000000000000000000000000000000000000000000
101011001001000100011011010111010011000000000000000000000000000000000000000000000000000000000000
100000010110010001010011010001000101000000000000000000000000000000000000000000000000000000000000
000011010101111100101100111000000001000000000000000000000000000000000000000000000000000000000000
000101001101101101010100001111100010000000000000000000000000000000000000000000000000000000000000
111110111110001011101011101000110010000000000000000000000000000000000000000000000000000000000000
000110110001111101011111100110011000000000000000000000000000000000000000000000000000000000000000
010001101010011111110010100000001100000000000000000000000000000000000000000000000000000000000000
010110001011010001000111010100101011000000000000000000000000000000000000000000000000000000000000
101111101011111000100111111001011001000000000000000000000000000000000000000000000000000000000000
100000010010001000100110011111111001000000000000000000000000000000000000000000000000000000000000
111100101101001000110000001010111001000000000000000000000000000000000000000000000000000000000000
010000000010111110001010100011111011000000000000000000000000000000000000000000000000000000000000
111000011000111101000010101010001110000000000000000000000000000000000000000000000000000000000000
101001110011101010001000011100111100000000000000000000000000000000000000000000000000000000000000
111000101010111010011001100110111100000000000000000000000000000000000000000000000000000000000000
110001111111010000111110101000100011000000000000000000000000000000000000000000000000000000000000
111011101001100110011110001111010100000000000000000000000000000000000000000000000000000000000000
010101100100110111011100011000110011000000000000000000000000000000000000000000000000000000000000
110110011000001111001000110010011010000000000000000000000000000000000000000000000000000000000000
101100111001110010000110101100111110000000000000000000000000000000000000000000000000000000000000
100101000110101010110111000111000000000000000000000000000000000000000000000000000000000000000000
010010101111111101011010000000100011000000000000000000000000000000000000000000000000000000000000
100101011001111000010101111000100101000000000000000000000000000000000000000000000000000000000000
001011101001001111100010000000010110000000000000000000000000000000000000000000000000000000000000
010111010010000010010110010010101100000000000000000000000000000000000000000000000000000000000000
010011101111111000011110010111100101000000000000000000000000000000000000000000000000000000000000
111001101111100110010110011101010101000000000000000000000000000000000000000000000000000000000000
101110001010110010010100101100011001000000000000000000000000000000000000000000000000000000000000
011100111011000011011101010101111111000000000000000000000000000000000000000000000000000000000000
111011101111110110101111111111010101000000000000000000000000000000000000000000000000000000000000
011000111110101100100000011101110000000000000000000000000000000000000000000000000000000000000000
010011111110001101111111110000101111000000000000000000000000000000000000000000000000000000000000
101101101001110001100000011010111101000000000000000000000000000000000000000000000000000000000000
111000010011001011100010111010100000000000000000000000000000000000000000000000000000000000000000
011100110100101111111110110001100111000000000000000000000000000000000000000000000000000000000000
000001011001000011001110110000011111000000000000000000000000000000000000000000000000000000000000
101100101101111101000011001111001000000000000000000000000000000000000000000000000000000000000000
001111100011100110101010000001101110000000000000000000000000000000000000000000000000000000000000
010111001101010101101001111000111110000000000000000000000000000000000000000000000000000000000000
001101011110010011010100111011110010000000000000000000000000000000000000000000000000000000000000
010111011110010000011000001010100101000000000000000000000000000000000000000000000000000000000000
011011001100000101100100000011111010000000000000000000000000000000000000000000000000000000000000
000101101000100001011011100110000101000000000000000000000000000000000000000000000000000000000000
010111010001010100010110100001100110000000000000000000000000000000000000000000000000000000000000
100010110111011110100011110010110001000000000000000000000000000000000000000000000000000000000000
001010010010011001000100110011000101000000000000000000000000000000000000000000000000000000000000
001100111010011111001011010011110011000000000000000000000000000000000000000000000000000000000000
001101101011010111101110010100001001000000000000000000000000000000000000000000000000000000000000
001000000011100111100101000111110000000000000000000000000000000000000000000000000000000000000000
000001110111001000100001011010010011000000000000000000000000000000000000000000000000000000000000
001111000000110100111011001101111010000000000000000000000000000000000000000000000000000000000000
101010101101100011000010101011010100000000000000000000000000000000000000000000000000000000000000
000100001000100011001111001011001001000000000000000000000000000000000000000000000000000000000000
110110111001001101111001110000110111000000000000000000000000000000000000000000000000000000000000
100000001000100001100000000111101100000000000000000000000000000000000000000000000000000000000000
101000101100010110100101101011001001000000000000000000000000000000000000000000000000000000000000
011011000111110101100000100000011100000000000000000000000000000000000000000000000000000000000000
111010110010001110000111100100110000000000000000000000000000000000000000000000000000000000000000
101001001111011100111001100110010000000000000000000000000000000000000000000000000000000000000000
100011011000000100010110001111000111000000000000000000000000000000000000000000000000000000000000
001011001100100001110000001110101111000000000000000000000000000000000000000000000000000000000000
010110010110011001000110111100101111000000000000000000000000000000000000000000000000000000000000
000111010101110000010011110110110101000000000000000000000000000000000000000000000000000000000000
100010011000011010101110010000000000000000000000000000000000000000000000000000000000000000000000
111010001000001110001010001011101100000000000000000000000000000000000000000000000000000000000000
010111111000101111101101001010111000000000000000000000000000000000000000000000000000000000000000
111000110010010101010011110111101000000000000000000000000000000000000000000000000000000000000000
010000001010011101010011000100000011000000000000000000000000000000000000000000000000000000000000
000101100011100011100011011100111101000000000000000000000000000000000000000000000000000000000000
001110110010100100110001001100001110000000000000000000000000000000000000000000000000000000000000
111101011011111011000010101010010101000000000000000000000000000000000000000000000000000000000000
011111000101000110100011111001100011000000000000000000000000000000000000000000000000000000000000
011000110100100010011001111011111000000000000000000000000000000000000000000000000000000000000000
000111010100101011111111100101100000000000000000000000000000000000000000000000000000000000000000
010011100010010000010010100000001010000000000000000000000000000000000000000000000000000000000000
000111010010001011101100111001110101000000000000000000000000000000000000000000000000000000000000
100101110001000101000000001011101100000000000000000000000000000000000000000000000000000000000000
010100000010011110010110110100111010000000000000000000000000000000000000000000000000000000000000
110000011100101100010010101111000110000000000000000000000000000000000000000000000000000000000000
010111000011111010101101011000110100000000000000000000000000000000000000000000000000000000000000
001010010100111010100010011111100011000000000000000000000000000000000000000000000000000000000000
111010111001100000110100100100010000000000000000000000000000000000000000000000000000000000000000
111011001000100110100000101010001110000000000000000000000000000000000000000000000000000000000000
010001001111001110001100000111001000000000000000000000000000000000000000000000000000000000000000
000101100100000001010001000000100111000000000000000000000000000000000000000000000000000000000000
000110111001110101110010111111100011000000000000000000000000000000000000000000000000000000000000
101000100010111111101101000000011101000000000000000000000000000000000000000000000000000000000000
101100101101001001001011101011111010000000000000000000000000000000000000000000000000000000000000
010111011100110101011011110010110000000000000000000000000000000000000000000000000000000000000000
010010100101000111100011100001100100000000000000000000000000000000000000000000000000000000000000
010010110110000110001111100111110101000000000000000000000000000000000000000000000000000000000000
100111001001001110100100111001111011000000000000000000000000000000000000000000000000000000000000
111011110101111101111011001110101000000000000000000000000000000000000000000000000000000000000000
011001110000100100011100101101001010000000000000000000000000000000000000000000000000000000000000
110001111001000100001110110001110111000000000000000000000000000000000000000000000000000000000000
001110100111111011110101101001010001000000000000000000000000000000000000000000000000000000000000
110110100111011111101100000111110100000000000000000000000000000000000000000000000000000000000000
101110000101001111011110101000111101000000000000000000000000000000000000000000000000000000000000
000101100110101100010111100101001000000000000000000000000000000000000000000000000000000000000000
011000011010000011111100000000100000000000000000000000000000000000000000000000000000000000000000
001010111100001011011110010111000000000000000000000000000000000000000000000000000000000000000000
011011101100110100100010010100111111000000000000000000000000000000000000000000000000000000000000
001010100011000111011001010101100011000000000000000000000000000000000000000000000000000000000000
010011101011000101000010010001100010000000000000000000000000000000000000000000000000000000000000
011011001010000110111000010100111111000000000000000000000000000000000000000000000000000000000000
011011000011010100011111110010011111000000000000000000000000000000000000000000000000000000000000
110100000011001110001100111110101001000000000000000000000000000000000000000000000000000000000000
101101011000110010101001111110001111000000000000000000000000000000000000000000000000000000000000
101110101110000110111000101111001111000000000000000000000000000000000000000000000000000000000000
010100011110000101010110011001000000000000000000000000000000000000000000000000000000000000000000
101011110101100111001110000100000100000000000000000000000000000000000000000000000000000000000000
010100111111000110101111000110110101000000000000000000000000000000000000000000000000000000000000
011111011000011101001101100110101100000000000000000000000000000000000000000000000000000000000000
110001100010001101100110110100111010000000000000000000000000000000000000000000000000000000000000
100111111000010100110010100110001101000000000000000000000000000000000000000000000000000000000000
111011000101100000101000111011011010000000000000000000000000000000000000000000000000000000000000
111110110111000100010000001111010100000000000000000000000000000000000000000000000000000000000000
010110101001110001011001110010110100000000000000000000000000000000000000000000000000000000000000
001001110001111111101011000011101100000000000000000000000000000000000000000000000000000000000000
101010110110011100101000111100100010000000000000000000000000000000000000000000000000000000000000
000101000001011101000111010100001000000000000000000000000000000000000000000000000000000000000000
100000000011100100111001010110001000000000000000000000000000000000000000000000000000000000000000
101100000110110101111101100101111111000000000000000000000000000000000000000000000000000000000000
110101100010010110011010010101000000000000000000000000000000000000000000000000000000000000000000
101110111110111111011101000111110011000000000000000000000000000000000000000000000000000000000000
000100111101110110011010001000011101000000000000000000000000000000000000000000000000000000000000
011111100101110100111011011101111110000000000000000000000000000000000000000000000000000000000000
000110001110001010111000001010000100000000000000000000000000000000000000000000000000000000000000
010101010010110111000110000011110111000000000000000000000000000000000000000000000000000000000000
000111101101001000000101000100101001000000000000000000000000000000000000000000000000000000000000
000111110011111001011001010100100001000000000000000000000000000000000000000000000000000000000000
101011100111111100111111100001010111000000000000000000000000000000000000000000000000000000000000
001100101101100110001110011010110011000000000000000000000000000000000000000000000000000000000000
110010101100110110000010101110011111000000000000000000000000000000000000000000000000000000000000
111110110110111001100110011111000110000000000000000000000000000000000000000000000000000000000000
110011001101110010110011100101010010000000000000000000000000000000000000000000000000000000000000
100101001011110011110010010100101101000000000000000000000000000000000000000000000000000000000000
110010100010000001110000101111101101000000000000000000000000000000000000000000000000000000000000
101001001001011111101000010110010110000000000000000000000000000000000000000000000000000000000000
101110010100011100101101110011001100000000000000000000000000000000000000000000000000000000000000
001001110011000111101110110100011000000000000000000000000000000000000000000000000000000000000000
000100111000001010100101100001011110000000000000000000000000000000000000000000000000000000000000
011100000101100111011011100010011100000000000000000000000000000000000000000000000000000000000000
110011001100110011100101001101011101000000000000000000000000000000000000000000000000000000000000
011100010001011011110010110010000000000000000000000000000000000000000000000000000000000000000000
101110111010111010101110000100101101000000000000000000000000000000000000000000000000000000000000
100110110111000100100001100001101011000000000000000000000000000000000000000000000000000000000000
011010101101100011011001100110100100000000000000000000000000000000000000000000000000000000000000
111111110000000010110110101011011100000000000000000000000000000000000000000000000000000000000000
011010100111101101011000011010101110000000000000000000000000000000000000000000000000000000000000
011101111101111101110111010000100100000000000000000000000000000000000000000000000000000000000000
101100100010100011110001100110110111000000000000000000000000000000000000000000000000000000000000
100100100001101011110110010100011100000000000000000000000000000000000000000000000000000000000000
110011011000010110000000011010100001000000000000000000000000000000000000000000000000000000000000
001011101100111111111100100000111000000000000000000000000000000000000000000000000000000000000000
001010101000100001000001011101100111000000000000000000000000000000000000000000000000000000000000
011100101001110011011100110110011001000000000000000000000000000000000000000000000000000000000000
011001111011111111000010111011000100000000000000000000000000000000000000000000000000000000000000
010011000101100000101101011101011010000000000000000000000000000000000000000000000000000000000000
010011100100000101101100001101010111000000000000000000000000000000000000000000000000000000000000
100100011100001100011000011001100001000000000000000000000000000000000000000000000000000000000000
001100001010000011011001111001100011000000000000000000000000000000000000000000000000000000000000
100111011011101110100101111001010001000000000000000000000000000000000000000000000000000000000000
010010000011101100000001010111010011000000000000000000000000000000000000000000000000000000000000
111101000100101000100010001010110011000000000000000000000000000000000000000000000000000000000000
111001010010111111001001011101100011000000000000000000000000000000000000000000000000000000000000
100010010011100110011010111010101100000000000000000000000000000000000000000000000000000000000000
000011111010010110000110110111111110000000000000000000000000000000000000000000000000000000000000
000011011100101011101101001000001101000000000000000000000000000000000000000000000000000000000000
000000000111101111110101010000101010000000000000000000000000000000000000000000000000000000000000
101101110000100010110101011010000000000000000000000000000000000000000000000000000000000000000000
110111100111111001011000101100011111000000000000000000000000000000000000000000000000000000000000
100000011111010110000000110111000010000000000000000000000000000000000000000000000000000000000000
100111011100110010000100001011001010000000000000000000000000000000000000000000000000000000000000
010011110100101000101001100100101110000000000000000000000000000000000000000000000000000000000000
110110010000101101101011010111101110000000000000000000000000000000000000000000000000000000000000
100010011010110111000111100010110111000000000000000000000000000000000000000000000000000000000000
011111001111110100000100001000101110000000000000000000000000000000000000000000000000000000000000
011111100101000001100101111111010011000000000000000000000000000000000000000000000000000000000000
011101110111011001000001011000101000000000000000000000000000000000000000000000000000000000000000
110110111111111011010111111111110111000000000000000000000000000000000000000000000000000000000000
101001001100101011101111100110010100000000000000000000000000000000000000000000000000000000000000
011010101001000010010010010010001110000000000000000000000000000000000000000000000000000000000000
110110111000011110111000101001101100000000000000000000000000000000000000000000000000000000000000
110100101010010010001100110011010100000000000000000000000000000000000000000000000000000000000000
011111000111110101010001000001011000000000000000000000000000000000000000000000000000000000000000
010011000110110000101000011000100011000000000000000000000000000000000000000000000000000000000000
010111100001000010101010010100111010000000000000000000000000000000000000000000000000000000000000
001110101001001100100001110011011001000000000000000000000000000000000000000000000000000000000000
010001111000011101000101101110001010000000000000000000000000000000000000000000000000000000000000
111100101011011010111001101110011001000000000000000000000000000000000000000000000000000000000000
101010111111000001011011110101100010000000000000000000000000000000000000000000000000000000000000
010010100110101111100010111111111001000000000000000000000000000000000000000000000000000000000000
101110011110100100100011011001010100000000000000000000000000000000000000000000000000000000000000
111011101110000100110011110100010101000000000000000000000000000000000000000000000000000000000000
101001101001000011000001011101100010000000000000000000000000000000000000000000000000000000000000
110111010010000010101010001111001011000000000000000000000000000000000000000000000000000000000000
011011110111000010010100110001110011000000000000000000000000000000000000000000000000000000000000
111010111010001111100110100010110011000000000000000000000000000000000000000000000000000000000000
101000111101010010111010111100010111000000000000000000000000000000000000000000000000000000000000
110110100101000110101000001110000110000000000000000000000000000000000000000000000000000000000000
110011101001110011110110110111011100000000000000000000000000000000000000000000000000000000000000
101000110011100111000000001100111010000000000000000000000000000000000000000000000000000000000000
000111000010101111011001111110011000000000000000000000000000000000000000000000000000000000000000
010110110100001110010011111110100011000000000000000000000000000000000000000000000000000000000000
000111001011010100001001000111011011000000000000000000000000000000000000000000000000000000000000
001011010101111100110111111001101110000000000000000000000000000000000000000000000000000000000000
110101111100010001010011110011111001000000000000000000000000000000000000000000000000000000000000
111110000000001000000101011010111111000000000000000000000000000000000000000000000000000000000000
000010101100010011000110011101101011000000000000000000000000000000000000000000000000000000000000
110101001111010101011001010000000101000000000000000000000000000000000000000000000000000000000000
101111001001111110111001101110010101000000000000000000000000000000000000000000000000000000000000
100111001100100111111000001111010101000000000000000000000000000000000000000000000000000000000000
011011011110100101000000000101010000000000000000000000000000000000000000000000000000000000000000
001000001000011001110001100110110100000000000000000000000000000000000000000000000000000000000000
011110110110001011000110000001111000000000000000000000000000000000000000000000000000000000000000
101110010001101001110010001010010011000000000000000000000000000000000000000000000000000000000000
111010011101100100010100111010101111000000000000000000000000000000000000000000000000000000000000
111001111001001110110100100010110001000000000000000000000000000000000000000000000000000000000000
010111111110101001011001100001011110000000000000000000000000000000000000000000000000000000000000
001110010100110101000010011011101010000000000000000000000000000000000000000000000000000000000000
011100110010001010100001010011001011000000000000000000000000000000000000000000000000000000000000
101001001110100010111101111111110001000000000000000000000000000000000000000000000000000000000000
101101001100101100101110110110011101000000000000000000000000000000000000000000000000000000000000
010101101101100101110000001001110100000000000000000000000000000000000000000000000000000000000000
100011000011010100110111010101001001000000000000000000000000000000000000000000000000000000000000
010100101111111100001100011010100001000000000000000000000000000000000000000000000000000000000000
110011110101001011001010011111110001000000000000000000000000000000000000000000000000000000000000
000100101010001011101110101000111001000000000000000000000000000000000000000000000000000000000000
111001110110110001011001111111100110000000000000000000000000000000000000000000000000000000000000
111100001000000010110000111111010111000000000000000000000000000000000000000000000000000000000000
001010100110000101010111001100110110000000000000000000000000000000000000000000000000000000000000
010001001001011101101000011111101111000000000000000000000000000000000000000000000000000000000000
001011111011100001111111000100111000000000000000000000000000000000000000000000000000000000000000
010111011111111100011100000010110000000000000000000000000000000000000000000000000000000000000000
011110000011011101011100011101101101000000000000000000000000000000000000000000000000000000000000
111100111101000001100001000110011100000000000000000000000000000000000000000000000000000000000000
110000100101110111011011111011011110000000000000000000000000000000000000000000000000000000000000
000101100011100011110101001010000001000000000000000000000000000000000000000000000000000000000000
110111110110011010100101110111001111000000000000000000000000000000000000000000000000000000000000
100001101001101001100011101010111110000000000000000000000000000000000000000000000000000000000000
001010000111011000000110000110101111000000000000000000000000000000000000000000000000000000000000
101100010101011000011101100101010010000000000000000000000000000000000000000000000000000000000000
100010011101101101110100101010000000000000000000000000000000000000000000000000000000000000000000
010011000000011000111010100001000101000000000000000000000000000000000000000000000000000000000000
000000010101011100000000110010000000000000000000000000000000000000000000000000000000000000000000
101110101011110101001011010000010001000000000000000000000000000000000000000000000000000000000000
010110101000100111011101000000110111000000000000000000000000000000000000000000000000000000000000
010010001010010111000110100001000110000000000000000000000000000000000000000000000000000000000000
111000000001100100110000100110111011000000000000000000000000000000000000000000000000000000000000
110000110100010001011100011100000010000000000000000000000000000000000000000000000000000000000000
101110111101110100101010011110010101000000000000000000000000000000000000000000000000000000000000
111010011101010000101000111001001100000000000000000000000000000000000000000000000000000000000000
110100100011101010010111100111101011000000000000000000000000000000000000000000000000000000000000
100100001101100001001110000101100111000000000000000000000000000000000000000000000000000000000000
111100011111001000011001001001100101000000000000000000000000000000000000000000000000000000000000
001110010110001110001010111000001011000000000000000000000000000000000000000000000000000000000000
001010000100100100111000100001011000000000000000000000000000000000000000000000000000000000000000
000101011111110111011110011110011110000000000000000000000000000000000000000000000000000000000000
100011001111010000111000100001001001000000000000000000000000000000000000000000000000000000000000
110010100011101111010001010111100001000000000000000000000000000000000000000000000000000000000000
010000000111101001110100000110101000000000000000000000000000000000000000000000000000000000000000
001100011100000111111110100011001001000000000000000000000000000000000000000000000000000000000000
010110110111001100110010000011110010000000000000000000000000000000000000000000000000000000000000
011001110001110000110101110011010001000000000000000000000000000000000000000000000000000000000000
110100010110111110001011111000010000000000000000000000000000000000000000000000000000000000000000
101111000010110011110111000010111100000000000000000000000000000000000000000000000000000000000000
110000011101100010111011010100100101000000000000000000000000000000000000000000000000000000000000
100101011010011101110011100000110111000000000000000000000000000000000000000000000000000000000000
100110101000100010010011110000000010000000000000000000000000000000000000000000000000000000000000
100100110000101100111101001011000011000000000000000000000000000000000000000000000000000000000000
111001110100010001111101010010010010000000000000000000000000000000000000000000000000000000000000
001011010001001101011101000011010111000000000000000000000000000000000000000000000000000000000000
011011011101001111111001010100000011000000000000000000000000000000000000000000000000000000000000
010000001010100111000010000001101100000000000000000000000000000000000000000000000000000000000000
110010110010001001010100110001011101000000000000000000000000000000000000000000000000000000000000
000101111111000110000011010011110010000000000000000000000000000000000000000000000000000000000000
010011001100100101101111011100101001000000000000000000000000000000000000000000000000000000000000
001011110011001101110100011001101110000000000000000000000000000000000000000000000000000000000000
011100100111010011010010010000010111000000000000000000000000000000000000000000000000000000000000
100100011011011100101110110101110001000000000000000000000000000000000000000000000000000000000000
010001110000101000011000000010011000000000000000000000000000000000000000000000000000000000000000
010001000110000010000011101101110100000000000000000000000000000000000000000000000000000000000000
110011100011000011111100100111010010000000000000000000000000000000000000000000000000000000000000
110111110110100010001101101011110000000000000000000000000000000000000000000000000000000000000000
010000100110011000111100000101010101000000000000000000000000000000000000000000000000000000000000
100010110110001001010001010111010111000000000000000000000000000000000000000000000000000000000000
010111111001111000001001000100100010000000000000000000000000000000000000000000000000000000000000
011110101000010101001100000000000111000000000000000000000000000000000000000000000000000000000000
111010001011000111000111000110110011000000000000000000000000000000000000000000000000000000000000
001110001110101100010010100011110110000000000000000000000000000000000000000000000000000000000000
000101101101001111100110110101000111000000000000000000000000000000000000000000000000000000000000
100001001110110100101111101010110111000000000000000000000000000000000000000000000000000000000000
010011000110100110011100010010110001000000000000000000000000000000000000000000000000000000000000
111010010011110000011000011110100111000000000000000000000000000000000000000000000000000000000000
001111000101101101011111000111111110000000000000000000000000000000000000000000000000000000000000
000100011000000001111100011100111111000000000000000000000000000000000000000000000000000000000000
111011000011000110111011001100110001000000000000000000000000000000000000000000000000000000000000
000001100100110110111110101001001011000000000000000000000000000000000000000000000000000000000000
000101110101000110111111010101100110000000000000000000000000000000000000000000000000000000000000
100111111011000101100000000100011100000000000000000000000000000000000000000000000000000000000000
111101001000011000011101100000011001000000000000000000000000000000000000000000000000000000000000
001000011111110110111001001101111001000000000000000000000000000000000000000000000000000000000000
111000000110111110101101110100100011000000000000000000000000000000000000000000000000000000000000
010100001011111100011110100001000110000000000000000000000000000000000000000000000000000000000000
011000001101010011000111101111111111000000000000000000000000000000000000000000000000000000000000
000101110100101010001011001100111100000000000000000000000000000000000000000000000000000000000000
110011001010011110111110100010100100000000000000000000000000000000000000000000000000000000000000
000000111111111111111111011111010100000000000000000000000000000000000000000000000000000000000000
010101011111101000000100101011010101000000000000000000000000000000000000000000000000000000000000
101100100010100111111110001010101000000000000000000000000000000000000000000000000000000000000000
101111010011010000111100010000101100000000000000000000000000000000000000000000000000000000000000
010110011111000101100101101101110001000000000000000000000000000000000000000000000000000000000000
101100011111000100000001110101000101000000000000000000000000000000000000000000000000000000000000
000101110001011011100011011001101001000000000000000000000000000000000000000000000000000000000000
100101101010010100000010010100001111000000000000000000000000000000000000000000000000000000000000
110010100100111001111110001011100111000000000000000000000000000000000000000000000000000000000000
000011001011011011100100011001000111000000000000000000000000000000000000000000000000000000000000
110010011011001011110111001011100000000000000000000000000000000000000000000000000000000000000000
100011000110100110100001100110100000000000000000000000000000000000000000000000000000000000000000
111111010010000100110010101110101101000000000000000000000000000000000000000000000000000000000000
101001010101111000111011101101000010000000000000000000000000000000000000000000000000000000000000
010100010001111001110100010001001011000000000000000000000000000000000000000000000000000000000000
101011100101010100100011011011101110000000000000000000000000000000000000000000000000000000000000
101100000101110110100000100001111011000000000000000000000000000000000000000000000000000000000000
111000010001101111010011010111101011000000000000000000000000000000000000000000000000000000000000
100100111111101001111011100001011010000000000000000000000000000000000000000000000000000000000000
001001010001101101001100001111100001000000000000000000000000000000000000000000000000000000000000
000110011110010001100111000100010111000000000000000000000000000000000000000000000000000000000000
111111011111110101011010110000001111000000000000000000000000000000000000000000000000000000000000
011101100000001010010001001001110111000000000000000000000000000000000000000000000000000000000000
010011100101001010010110110100011010000000000000000000000000000000000000000000000000000000000000
001101100100111110101100101011011011000000000000000000000000000000000000000000000000000000000000
110111011001110010001111111011100010000000000000000000000000000000000000000000000000000000000000
000011010100110101001001111011001100000000000000000000000000000000000000000000000000000000000000
010010011010111001000001101011000010000000000000000000000000000000000000000000000000000000000000
100111101001000001010010110010110100000000000000000000000000000000000000000000000000000000000000
011100000010010001100110010101111100000000000000000000000000000000000000000000000000000000000000
000001110101100011011110011010011100000000000000000000000000000000000000000000000000000000000000
100000101111100110000101101000111110000000000000000000000000000000000000000000000000000000000000
011110111011000100100110001100100100000000000000000000000000000000000000000000000000000000000000
110100010111001000001011111011000011000000000000000000000000000000000000000000000000000000000000
001100000110101001000011111110011101000000000000000000000000000000000000000000000000000000000000
110111011100111011101100010100111110000000000000000000000000000000000000000000000000000000000000
100101010001010110000001010011100011000000000000000000000000000000000000000000000000000000000000
110011011101000111000101100010001000000000000000000000000000000000000000000000000000000000000000
001101001101010101101101000010010000000000000000000000000000000000000000000000000000000000000000
101001000111110000101101001000000011000000000000000000000000000000000000000000000000000000000000
110011011010100100000101011110101100000000000000000000000000000000000000000000000000000000000000
011110110011101110100101011111101110000000000000000000000000000000000000000000000000000000000000
100111101010000100001111101111111111000000000000000000000000000000000000000000000000000000000000
011100011110110000001011110100101011000000000000000000000000000000000000000000000000000000000000
011110100101101111111100101011100001000000000000000000000000000000000000000000000000000000000000
110110010010011010100101111001101001000000000000000000000000000000000000000000000000000000000000
011100100001110010100110101100110101000000000000000000000000000000000000000000000000000000000000
110100101110100111110110000011010001000000000000000000000000000000000000000000000000000000000000
111100010110101000111011000001001000000000000000000000000000000000000000000000000000000000000000
010011000001100001000101011000000101000000000000000000000000000000000000000000000000000000000000
011111010000011110100000010110011000000000000000000000000000000000000000000000000000000000000000
011010001011000000110010000111000010000000000000000000000000000000000000000000000000000000000000
010010100010100001101000011110111000000000000000000000000000000000000000000000000000000000000000
101001100101011101000101010100101100000000000000000000000000000000000000000000000000000000000000
000000010101000100110011110000101000000000000000000000000000000000000000000000000000000000000000
010000000001100110100000100001110001000000000000000000000000000000000000000000000000000000000000
100011100111001101111101110000011101000000000000000000000000000000000000000000000000000000000000
000100100100111110011001101000011101000000000000000000000000000000000000000000000000000000000000
100101010101100001100110011101111001000000000000000000000000000000000000000000000000000000000000
001001001010011000000110100101110110000000000000000000000000000000000000000000000000000000000000
110010100001001110011000110011011110000000000000000000000000000000000000000000000000000000000000
001011011001001100010100101010000011000000000000000000000000000000000000000000000000000000000000
101001100010000011110001011011110110000000000000000000000000000000000000000000000000000000000000
010000011011100101100101100000000100000000000000000000000000000000000000000000000000000000000000
101110010100111011000001100010110110000000000000000000000000000000000000000000000000000000000000
100110101110011011000001001111000100000000000000000000000000000000000000000000000000000000000000
000100110101000000111101100000110101000000000000000000000000000000000000000000000000000000000000
011001100001101111000111100000110001000000000000000000000000000000000000000000000000000000000000
100110111011100110100111011000110111000000000000000000000000000000000000000000000000000000000000
011010110010111001010110011001000001000000000000000000000000000000000000000000000000000000000000
110101001001101101010001111000000101000000000000000000000000000000000000000000000000000000000000
011000101001110101010110101100010010000000000000000000000000000000000000000000000000000000000000
010110110101000011100011001001100001000000000000000000000000000000000000000000000000000000000000
100011000101111010111001010000000111000000000000000000000000000000000000000000000000000000000000
001001100110110110011111111011000111000000000000000000000000000000000000000000000000000000000000
011110110001110001101011110011001101000000000000000000000000000000000000000000000000000000000000
001010100110111110100111000100000101000000000000000000000000000000000000000000000000000000000000
101011001111001101011001101110100011000000000000000000000000000000000000000000000000000000000000
111100001010110010110000100111000011000000000000000000000000000000000000000000000000000000000000
111011000001100010010011111111111001000000000000000000000000000000000000000000000000000000000000
111011111011100111001101011000100000000000000000000000000000000000000000000000000000000000000000
