101000101101101101110011100001110110000000000000000000000000000000000000000000000000000000000000
011110001100010101110101010001100001000000000000000000000000000000000000000000000000000000000000
000011010101111000101110000101101001000000000000000000000000000000000000000000000000000000000000
101110110001101000000111110001100101000000000000000000000000000000000000000000000000000000000000
100001000100010100001000001100101000000000000000000000000000000000000000000000000000000000000000
000100000001011010101001000011101001000000000000000000000000000000000000000000000000000000000000
111101100111001010010011011110110011000000000000000000000000000000000000000000000000000000000000
001010110110001001011010000011110101000000000000000000000000000000000000000000000000000000000000
011110010011100011101111011010010011000000000000000000000000000000000000000000000000000000000000
100100110111110011100010110000000011000000000000000000000000000000000000000000000000000000000000
011000001000011101110100101101110011000000000000000000000000000000000000000000000000000000000000
101110010110000100001100101111111000000000000000000000000000000000000000000000000000000000000000
011010001000110000111001000011010001000000000000000000000000000000000000000000000000000000000000
011101010001100001001111010010110011000000000000000000000000000000000000000000000000000000000000
101100111000100111000000111110100111000000000000000000000000000000000000000000000000000000000000
010101000110101011001010100000100000000000000000000000000000000000000000000000000000000000000000
100111011001010101100010101010001110000000000000000000000000000000000000000000000000000000000000
000111011111010010011101101001010011000000000000000000000000000000000000000000000000000000000000
100111101000111110100110001111010110000000000000000000000000000000000000000000000000000000000000
100101100001111111110010000110010001000000000000000000000000000000000000000000000000000000000000
001110011011001111011110110100110111000000000000000000000000000000000000000000000000000000000000
011111011101001011001011111100001100000000000000000000000000000000000000000000000000000000000000
100110000011001110111111001000111110000000000000000000000000000000000000000000000000000000000000
111001100111110000000111100010000010000000000000000000000000000000000000000000000000000000000000
010000110100110110011110100010110001000000000000000000000000000000000000000000000000000000000000
011110110111001011111111000100110111000000000000000000000000000000000000000000000000000000000000
011010010011100001101001111110111010000000000000000000000000000000000000000000000000000000000000
110010101000011110100100000011100000000000000000000000000000000000000000000000000000000000000000
010111100000111001111000000010000110000000000000000000000000000000000000000000000000000000000000
010110001100010100010111101000100100000000000000000000000000000000000000000000000000000000000000
010011001110111111100011011010001000000000000000000000000000000000000000000000000000000000000000
111101111111000001100111010001010011000000000000000000000000000000000000000000000000000000000000
011100011011110111100101100000111001000000000000000000000000000000000000000000000000000000000000
100110101001101111000010100101101100000000000000000000000000000000000000000000000000000000000000
000101110010010110000010100101100111000000000000000000000000000000000000000000000000000000000000
101100100100110111111001010010100011000000000000000000000000000000000000000000000000000000000000
111111001000001100110011100000001001000000000000000000000000000000000000000000000000000000000000
000000001000101001000010101010001011000000000000000000000000000000000000000000000000000000000000
001111010100101111011000010011101100000000000000000000000000000000000000000000000000000000000000
001101001000110110001100010001001110000000000000000000000000000000000000000000000000000000000000
010100011000001000110111101100101110000000000000000000000000000000000000000000000000000000000000
010100101001101101011110101010111001000000000000000000000000000000000000000000000000000000000000
010000100111010111001000110110110000000000000000000000000000000000000000000000000000000000000000
111011101001111001000010001000101010000000000000000000000000000000000000000000000000000000000000
101001010101110000100001110110101110000000000000000000000000000000000000000000000000000000000000
000111110000111010111101110001110100000000000000000000000000000000000000000000000000000000000000
011111001011011110100010101000110100000000000000000000000000000000000000000000000000000000000000
110000000101000001101011101101010001000000000000000000000000000000000000000000000000000000000000
100110101000100011011101010101011001000000000000000000000000000000000000000000000000000000000000
101000010110100000100010001111111111000000000000000000000000000000000000000000000000000000000000
010011111100101101001011111110110111000000000000000000000000000000000000000000000000000000000000
000010001111111100100100000000001000000000000000000000000000000000000000000000000000000000000000
001001011101100101001011010001111000000000000000000000000000000000000000000000000000000000000000
111100111110110110101000000100111110000000000000000000000000000000000000000000000000000000000000
001011000100011001111000010001111001000000000000000000000000000000000000000000000000000000000000
100110111000010100101110101011110010000000000000000000000000000000000000000000000000000000000000
110110001000110100111010011110010001000000000000000000000000000000000000000000000000000000000000
100001011100100101001000101000110111000000000000000000000000000000000000000000000000000000000000
100110110101011000101100001000011110000000000000000000000000000000000000000000000000000000000000
110011110110001110001000100010000111000000000000000000000000000000000000000000000000000000000000
110111110010011100101000100011001001000000000000000000000000000000000000000000000000000000000000
111011001101010101011101100101011001000000000000000000000000000000000000000000000000000000000000
101001110000110011111100010000000111000000000000000000000000000000000000000000000000000000000000
100001111111011100111111011001001111000000000000000000000000000000000000000000000000000000000000
001011001010000010111000000010010001000000000000000000000000000000000000000000000000000000000000
110111010100110111000010011000110000000000000000000000000000000000000000000000000000000000000000
010010000110010011111011000110100010000000000000000000000000000000000000000000000000000000000000
001110010110010001001000110101111110000000000000000000000000000000000000000000000000000000000000
101101111101110011001111010010111011000000000000000000000000000000000000000000000000000000000000
001001111101011101100111110010001111000000000000000000000000000000000000000000000000000000000000
010010101011110001100111111101111111000000000000000000000000000000000000000000000000000000000000
010111000010010111111100110111110100000000000000000000000000000000000000000000000000000000000000
110001110000011111010010110110111111000000000000000000000000000000000000000000000000000000000000
111000110110100101110101000000001101000000000000000000000000000000000000000000000000000000000000
000101000001111111101101100011110111000000000000000000000000000000000000000000000000000000000000
000001100110111001001000000110101010000000000000000000000000000000000000000000000000000000000000
011010111000110101111101011110101000000000000000000000000000000000000000000000000000000000000000
101101010111010001001001101000001101000000000000000000000000000000000000000000000000000000000000
110001101101010110100010110000001101000000000000000000000000000000000000000000000000000000000000
000110011011101100011001001111111001000000000000000000000000000000000000000000000000000000000000
111110110000001011111000001011100110000000000000000000000000000000000000000000000000000000000000
100111011110111001101100101001010001000000000000000000000000000000000000000000000000000000000000
001001101110100011110100000111001100000000000000000000000000000000000000000000000000000000000000
100101101111001011101101001100110100000000000000000000000000000000000000000000000000000000000000
001101100001110101000111000110101000000000000000000000000000000000000000000000000000000000000000
000111011011101111101010110011000110000000000000000000000000000000000000000000000000000000000000
000100100001110001000111111111110100000000000000000000000000000000000000000000000000000000000000
001100010010010111011011110111110110000000000000000000000000000000000000000000000000000000000000
110101000100100011011100010001011100000000000000000000000000000000000000000000000000000000000000
011110011101001010000001101000100110000000000000000000000000000000000000000000000000000000000000
010110011110010101000000111100100100000000000000000000000000000000000000000000000000000000000000
011000100011110000000010111011101010000000000000000000000000000000000000000000000000000000000000
101001011011010001001110000100010001000000000000000000000000000000000000000000000000000000000000
111111001101110011011111010101011100000000000000000000000000000000000000000000000000000000000000
111100101010111100110010010100000011000000000000000000000000000000000000000000000000000000000000
110011100100110111001011010110100111000000000000000000000000000000000000000000000000000000000000
010111010100110100110100110011010001000000000000000000000000000000000000000000000000000000000000
010110001111101001011001111000010000000000000000000000000000000000000000000000000000000000000000
010110001000100010001001010101100100000000000000000000000000000000000000000000000000000000000000
001011011010100101000011101111111101000000000000000000000000000000000000000000000000000000000000
011101100101111000111100001001100000000000000000000000000000000000000000000000000000000000000000
001010000100011011010110000110101100000000000000000000000000000000000000000000000000000000000000
111000001010011101001100000010011010000000000000000000000000000000000000000000000000000000000000
110000011001111111001001000100110011000000000000000000000000000000000000000000000000000000000000
011011010101010000010100001011100111000000000000000000000000000000000000000000000000000000000000
011101101000110111000110011010101101000000000000000000000000000000000000000000000000000000000000
000010101101010111000111100001100100000000000000000000000000000000000000000000000000000000000000
111001110011001011101110111010010011000000000000000000000000000000000000000000000000000000000000
010010101111101010110011000100100101000000000000000000000000000000000000000000000000000000000000
000000111010000101100111001001011011000000000000000000000000000000000000000000000000000000000000
011101100111010111011001011100101001000000000000000000000000000000000000000000000000000000000000
111111110011001110000011101010100100000000000000000000000000000000000000000000000000000000000000
110010000111111010111111110110111110000000000000000000000000000000000000000000000000000000000000
011110111101101110001100010111101011000000000000000000000000000000000000000000000000000000000000
110111010011011110100110101110000101000000000000000000000000000000000000000000000000000000000000
101110001011111101100011111001001010000000000000000000000000000000000000000000000000000000000000
000011110011100111001110111011000000000000000000000000000000000000000000000000000000000000000000
101010100010011110101101000100111100000000000000000000000000000000000000000000000000000000000000
100001100101111110101100100100011110000000000000000000000000000000000000000000000000000000000000
011011101000100001101101101101001010000000000000000000000000000000000000000000000000000000000000
010011100111011100011011101110000110000000000000000000000000000000000000000000000000000000000000
001000001011100001000011111000100010000000000000000000000000000000000000000000000000000000000000
011111010011001110010011101100011010000000000000000000000000000000000000000000000000000000000000
000011001101101001010001010110010000000000000000000000000000000000000000000000000000000000000000
011110101000100000101001100111101010000000000000000000000000000000000000000000000000000000000000
010100001011000010000000110100000011000000000000000000000000000000000000000000000000000000000000
110010001011110011001101010101110001000000000000000000000000000000000000000000000000000000000000
010010100001010111100100111000010110000000000000000000000000000000000000000000000000000000000000
000000011011011111000100101110011101000000000000000000000000000000000000000000000000000000000000
110010100010011000110011001000000011000000000000000000000000000000000000000000000000000000000000
111111000100110101101100011110101000000000000000000000000000000000000000000000000000000000000000
110010101010111011000111000010010110000000000000000000000000000000000000000000000000000000000000
101001001101110011010111011101010101000000000000000000000000000000000000000000000000000000000000
010110110010011110111111100010101111000000000000000000000000000000000000000000000000000000000000
100100100001011100000101100011000111000000000000000000000000000000000000000000000000000000000000
011100010101110000110100001000110001000000000000000000000000000000000000000000000000000000000000
101111101001111001100001101010001000000000000000000000000000000000000000000000000000000000000000
110011001100111011110011000011100010000000000000000000000000000000000000000000000000000000000000
001101000101100100100101110000111001000000000000000000000000000000000000000000000000000000000000
010001110010011111001110000011001011000000000000000000000000000000000000000000000000000000000000
010010010100010110100100010111010100000000000000000000000000000000000000000000000000000000000000
010001111111000101100101110000100110000000000000000000000000000000000000000000000000000000000000
100010011111110110111000110110001101000000000000000000000000000000000000000000000000000000000000
000010001110001000111001011010111110000000000000000000000000000000000000000000000000000000000000
010100100101011011100110111001100100000000000000000000000000000000000000000000000000000000000000
010110100010101001000101001100010100000000000000000000000000000000000000000000000000000000000000
010111110011001100000000010001101000000000000000000000000000000000000000000000000000000000000000
111100001010110011101001010101100001000000000000000000000000000000000000000000000000000000000000
111100101111111010100011001101001000000000000000000000000000000000000000000000000000000000000000
111110110100101000010011000001000001000000000000000000000000000000000000000000000000000000000000
000000111010110001001011110000000011000000000000000000000000000000000000000000000000000000000000
110000000000000101000010000101001111000000000000000000000000000000000000000000000000000000000000
000010010100011001010001101111101111000000000000000000000000000000000000000000000000000000000000
101111000100101110011110101100001000000000000000000000000000000000000000000000000000000000000000
001001111111110110111001001100001011000000000000000000000000000000000000000000000000000000000000
001011010000111101101000100010011010000000000000000000000000000000000000000000000000000000000000
101001011110010001010010000011000011000000000000000000000000000000000000000000000000000000000000
010101110101000111011010011001110000000000000000000000000000000000000000000000000000000000000000
101110100001000110011101101110110101000000000000000000000000000000000000000000000000000000000000
010000011101011110010000111000101010000000000000000000000000000000000000000000000000000000000000
110000110001110000011010000111001101000000000000000000000000000000000000000000000000000000000000
101111110110011101111000101100100101000000000000000000000000000000000000000000000000000000000000
000101110110010011111110111000100110000000000000000000000000000000000000000000000000000000000000
000011101011000101110100010110100011000000000000000000000000000000000000000000000000000000000000
110110110010010111001111010010110101000000000000000000000000000000000000000000000000000000000000
100110101110001101011111001111011011000000000000000000000000000000000000000000000000000000000000
010010101100000101000001100111110110000000000000000000000000000000000000000000000000000000000000
000010011110100110101111100111111001000000000000000000000000000000000000000000000000000000000000
100000111101100000101100010110101100000000000000000000000000000000000000000000000000000000000000
011001111110100100111100011010110011000000000000000000000000000000000000000000000000000000000000
101001110010111000100111111010110101000000000000000000000000000000000000000000000000000000000000
000100011111000011100100100000001001000000000000000000000000000000000000000000000000000000000000
010011010100110110011110010000000111000000000000000000000000000000000000000000000000000000000000
111000011110001001110000111010001100000000000000000000000000000000000000000000000000000000000000
001011100111011010010000000111110101000000000000000000000000000000000000000000000000000000000000
101110001010011101110110101110101101000000000000000000000000000000000000000000000000000000000000
000000110010111001110010000101100000000000000000000000000000000000000000000000000000000000000000
011000110000110100010001010111100100000000000000000000000000000000000000000000000000000000000000
111010001111001001111100000110111111000000000000000000000000000000000000000000000000000000000000
101110101110111010111001011110000010000000000000000000000000000000000000000000000000000000000000
011011011111010010111110111001111011000000000000000000000000000000000000000000000000000000000000
000001101101010000111011110110010010000000000000000000000000000000000000000000000000000000000000
101100111010100111101010010101001001000000000000000000000000000000000000000000000000000000000000
101000111010000000110100010000001101000000000000000000000000000000000000000000000000000000000000
001011001110111101110010001110100101000000000000000000000000000000000000000000000000000000000000
101010110101111111101111000011111101000000000000000000000000000000000000000000000000000000000000
001100110000111101111010100100110001000000000000000000000000000000000000000000000000000000000000
001100110100110010011110000100000010000000000000000000000000000000000000000000000000000000000000
111110110001111000100011111001000010000000000000000000000000000000000000000000000000000000000000
010001010111100101100011010110000001000000000000000000000000000000000000000000000000000000000000
100111101001000011101011010010000110000000000000000000000000000000000000000000000000000000000000
100110101000000000000000011100000011000000000000000000000000000000000000000000000000000000000000
110100101111100111011101100110100100000000000000000000000000000000000000000000000000000000000000
001101110011110110001010001110100010000000000000000000000000000000000000000000000000000000000000
101110100110001110101101101111101100000000000000000000000000000000000000000000000000000000000000
000011001010110001010010010001101100000000000000000000000000000000000000000000000000000000000000
101001010111101011100100011101101101000000000000000000000000000000000000000000000000000000000000
010101000111011010010111101001101110000000000000000000000000000000000000000000000000000000000000
011001000001101111011110111001100101000000000000000000000000000000000000000000000000000000000000
111001111010110001100101011011001101000000000000000000000000000000000000000000000000000000000000
