110000110111001100011000111100101101000000000000000000000000000000000000000000000000000000000000
110111010100001110001001011010000010000000000000000000000000000000000000000000000000000000000000
001001010110110001011111010111010101000000000000000000000000000000000000000000000000000000000000
001101000111010100000110000010100111000000000000000000000000000000000000000000000000000000000000
101000100101001111100011101001110100000000000000000000000000000000000000000000000000000000000000
110111011001011100011000011010110110000000000000000000000000000000000000000000000000000000000000
111100011011111000011111000011011000000000000000000000000000000000000000000000000000000000000000
110011001110000000011011011111001011000000000000000000000000000000000000000000000000000000000000
001111100110100000010111101100110001000000000000000000000000000000000000000000000000000000000000
010000010001101000001010111100001110000000000000000000000000000000000000000000000000000000000000
100111101011000000001010000000101100000000000000000000000000000000000000000000000000000000000000
100110100111000011100001110001100100000000000000000000000000000000000000000000000000000000000000
010000110111000100010001101111100001000000000000000000000000000000000000000000000000000000000000
001010011111110101111101000011111000000000000000000000000000000000000000000000000000000000000000
101100101101010000011101101010101000000000000000000000000000000000000000000000000000000000000000
010011000111001001110101101101001011000000000000000000000000000000000000000000000000000000000000
110001001011011010011000001111110000000000000000000000000000000000000000000000000000000000000000
110111010011011101011011100001100001000000000000000000000000000000000000000000000000000000000000
010000101001000000010110000101011000000000000000000000000000000000000000000000000000000000000000
010110111000011010010000001111001110000000000000000000000000000000000000000000000000000000000000
100100010010011000001010111100100001000000000000000000000000000000000000000000000000000000000000
111111010100100110001000010110111100000000000000000000000000000000000000000000000000000000000000
101101100100110111010111101110011011000000000000000000000000000000000000000000000000000000000000
110001011110010111111111000000011110000000000000000000000000000000000000000000000000000000000000
010000010111011000000011111011011100000000000000000000000000000000000000000000000000000000000000
110010001100100010010001110011110010000000000000000000000000000000000000000000000000000000000000
110001001010100111011000011011111000000000000000000000000000000000000000000000000000000000000000
010011011010101100110111100100000111000000000000000000000000000000000000000000000000000000000000
101100000100110000100111011000000011000000000000000000000000000000000000000000000000000000000000
110101010011100110011000011110011001000000000000000000000000000000000000000000000000000000000000
110011000111001110100001101100111000000000000000000000000000000000000000000000000000000000000000
111110010010000001011101101010111001000000000000000000000000000000000000000000000000000000000000
001010111101001100010101011101011010000000000000000000000000000000000000000000000000000000000000
111111110110101100010000110001111100000000000000000000000000000000000000000000000000000000000000
101110110010110000010101101011100111000000000000000000000000000000000000000000000000000000000000
010001000111111010001101101011010001000000000000000000000000000000000000000000000000000000000000
011011100000111001001000100010100010000000000000000000000000000000000000000000000000000000000000
111100100010110100010111000110000100000000000000000000000000000000000000000000000000000000000000
110011001100100010111100001100111010000000000000000000000000000000000000000000000000000000000000
000010110110111100111101001010101101000000000000000000000000000000000000000000000000000000000000
100010110100011110101001000111110101000000000000000000000000000000000000000000000000000000000000
111001111111100001110011110001101010000000000000000000000000000000000000000000000000000000000000
011011001001111111101110000101000111000000000000000000000000000000000000000000000000000000000000
010110010100001000111011101011101100000000000000000000000000000000000000000000000000000000000000
011111101010111100001010111010111110000000000000000000000000000000000000000000000000000000000000
001110110010001111111000010110001001000000000000000000000000000000000000000000000000000000000000
001000110100000100111111011101110100000000000000000000000000000000000000000000000000000000000000
110000010001011000110000101110100000000000000000000000000000000000000000000000000000000000000000
101101110000100010110111011001000101000000000000000000000000000000000000000000000000000000000000
101101011111011001100100000010110100000000000000000000000000000000000000000000000000000000000000
000011110011000010011000011001101010000000000000000000000000000000000000000000000000000000000000
111101100010101000010000000101001101000000000000000000000000000000000000000000000000000000000000
000001110101101000011001010111011001000000000000000000000000000000000000000000000000000000000000
001000001010011001011101100100001001000000000000000000000000000000000000000000000000000000000000
101111100101011100000100100000011011000000000000000000000000000000000000000000000000000000000000
000010111111101011000110110011101011000000000000000000000000000000000000000000000000000000000000
001010100101011100111001010001011011000000000000000000000000000000000000000000000000000000000000
101110000010110000010100001011100000000000000000000000000000000000000000000000000000000000000000
100010000010010000110110011001011001000000000000000000000000000000000000000000000000000000000000
110111110001011110011111100101101001000000000000000000000000000000000000000000000000000000000000
011011010101101101101100100110011011000000000000000000000000000000000000000000000000000000000000
000000101010111000100011110111011010000000000000000000000000000000000000000000000000000000000000
100110101101101001001001101100001101000000000000000000000000000000000000000000000000000000000000
100100100000110000110111100011010101000000000000000000000000000000000000000000000000000000000000
001011001100110110101001010011010100000000000000000000000000000000000000000000000000000000000000
010010110110010010011111001001101111000000000000000000000000000000000000000000000000000000000000
111011111001001100100111011001001010000000000000000000000000000000000000000000000000000000000000
001001101011100011000010110111100011000000000000000000000000000000000000000000000000000000000000
000110000111101100100000111010111010000000000000000000000000000000000000000000000000000000000000
111010110001010001101101110110000111000000000000000000000000000000000000000000000000000000000000
011011111110100001001100001010111100000000000000000000000000000000000000000000000000000000000000
110111100001111100011001101100010000000000000000000000000000000000000000000000000000000000000000
010001000010101000111010101110111110000000000000000000000000000000000000000000000000000000000000
101000000110000100110000010001100100000000000000000000000000000000000000000000000000000000000000
011010100001100010100011010010011101000000000000000000000000000000000000000000000000000000000000
101110000001011010111000010110000010000000000000000000000000000000000000000000000000000000000000
001010100100010010110010000110100111000000000000000000000000000000000000000000000000000000000000
110100111011111111011001110100100110000000000000000000000000000000000000000000000000000000000000
110111111100010100101101111011111101000000000000000000000000000000000000000000000000000000000000
100001111011111101110001110100000000000000000000000000000000000000000000000000000000000000000000
101000010011000111011110000100000001000000000000000000000000000000000000000000000000000000000000
011000010000100100111000000100101001000000000000000000000000000000000000000000000000000000000000
100010010110101000010110010000010101000000000000000000000000000000000000000000000000000000000000
101011011100000010110011111100011000000000000000000000000000000000000000000000000000000000000000
111010000010101101100000010111010110000000000000000000000000000000000000000000000000000000000000
101001001000001000111110100101100100000000000000000000000000000000000000000000000000000000000000
111101010110001111011111000001100011000000000000000000000000000000000000000000000000000000000000
010000011101001111111000100100010111000000000000000000000000000000000000000000000000000000000000
101000001101111111001100100010110101000000000000000000000000000000000000000000000000000000000000
000000010011001101100100010101110111000000000000000000000000000000000000000000000000000000000000
000000001110000010011001101100000011000000000000000000000000000000000000000000000000000000000000
110111011111101101001001011000010110000000000000000000000000000000000000000000000000000000000000
010000100100101100111001000100000001000000000000000000000000000000000000000000000000000000000000
011110010101000110101110010100110011000000000000000000000000000000000000000000000000000000000000
011000001000001101111011011101001000000000000000000000000000000000000000000000000000000000000000
111100111010011001101000000110010111000000000000000000000000000000000000000000000000000000000000
100000000000101100010000101011110000000000000000000000000000000000000000000000000000000000000000
010011100111111111011010101100110110000000000000000000000000000000000000000000000000000000000000
000011000100010101101011101001010001000000000000000000000000000000000000000000000000000000000000
011101011110001100111011010100001111000000000000000000000000000000000000000000000000000000000000
011100111110011001011001111100000000000000000000000000000000000000000000000000000000000000000000
101011000000100010001011001001111010000000000000000000000000000000000000000000000000000000000000
010110110010011101110001001011000010000000000000000000000000000000000000000000000000000000000000
111011100010100111101011010010001011000000000000000000000000000000000000000000000000000000000000
111110010011011100010111001001011011000000000000000000000000000000000000000000000000000000000000
001111100100101111011100011011100111000000000000000000000000000000000000000000000000000000000000
001111110101101010101100011010100011000000000000000000000000000000000000000000000000000000000000
011100011100001101100110011100100001000000000000000000000000000000000000000000000000000000000000
000010000111111011010010000011000110000000000000000000000000000000000000000000000000000000000000
011011111100110011101111011000000110000000000000000000000000000000000000000000000000000000000000
100111100111101101001011011100010110000000000000000000000000000000000000000000000000000000000000
011011010010101101101010101011101100000000000000000000000000000000000000000000000000000000000000
100001001111010001110110100010011010000000000000000000000000000000000000000000000000000000000000
110000111111100111110111011011010011000000000000000000000000000000000000000000000000000000000000
011101110100100011111011011000101000000000000000000000000000000000000000000000000000000000000000
000110000010100000110101100000110001000000000000000000000000000000000000000000000000000000000000
110000010011001000110011010110110000000000000000000000000000000000000000000000000000000000000000
001101000100011011100000010011000101000000000000000000000000000000000000000000000000000000000000
100000101111100110000010000010110011000000000000000000000000000000000000000000000000000000000000
111001000010100010110110110100101011000000000000000000000000000000000000000000000000000000000000
010010111010100101011111001100010101000000000000000000000000000000000000000000000000000000000000
110101100110010011111110001111110000000000000000000000000000000000000000000000000000000000000000
011111100001100100010110110101110110000000000000000000000000000000000000000000000000000000000000
110111001000011100011000110110000100000000000000000000000000000000000000000000000000000000000000
010011110011111011011100010000011111000000000000000000000000000000000000000000000000000000000000
111011111010010000010100111000100111000000000000000000000000000000000000000000000000000000000000
111110100100011111010101010110001011000000000000000000000000000000000000000000000000000000000000
010100110100111000100010111111001100000000000000000000000000000000000000000000000000000000000000
001010001011001000101100111000110111000000000000000000000000000000000000000000000000000000000000
101000101111110111000111101100111111000000000000000000000000000000000000000000000000000000000000
011100010101110010001010000010000011000000000000000000000000000000000000000000000000000000000000
101110011100001101100110100110010110000000000000000000000000000000000000000000000000000000000000
011111100100010010101111100101100101000000000000000000000000000000000000000000000000000000000000
110111100001100100010101111110011100000000000000000000000000000000000000000000000000000000000000
001011011101010111100101101110011000000000000000000000000000000000000000000000000000000000000000
100011010000001100000100001011111011000000000000000000000000000000000000000000000000000000000000
010010000111001100110000011100000111000000000000000000000000000000000000000000000000000000000000
110010011011001001110001101000011000000000000000000000000000000000000000000000000000000000000000
110011100110101110011000101111000000000000000000000000000000000000000000000000000000000000000000
101111100110011101111000001100100111000000000000000000000000000000000000000000000000000000000000
100101011100101101010100001010001010000000000000000000000000000000000000000000000000000000000000
011001011110011111000111110111101010000000000000000000000000000000000000000000000000000000000000
001110011001000100001000110101110100000000000000000000000000000000000000000000000000000000000000
011000010111101011100101011101101101000000000000000000000000000000000000000000000000000000000000
111000111011111001010111001010111100000000000000000000000000000000000000000000000000000000000000
101111110101101110001100001000001001000000000000000000000000000000000000000000000000000000000000
000101111100100001010010101110110000000000000000000000000000000000000000000000000000000000000000
110111001111110000001110111100100111000000000000000000000000000000000000000000000000000000000000
101100011110000110100011110111011000000000000000000000000000000000000000000000000000000000000000
001001110011010010111101100000010111000000000000000000000000000000000000000000000000000000000000
010101101000101011011010100111111111000000000000000000000000000000000000000000000000000000000000
101110111100010010111101011001010011000000000000000000000000000000000000000000000000000000000000
111010011001100110000111111110110111000000000000000000000000000000000000000000000000000000000000
001011011001000100000111011100111011000000000000000000000000000000000000000000000000000000000000
001000010100001010010110011101001100000000000000000000000000000000000000000000000000000000000000
000011010001000010101100100110001011000000000000000000000000000000000000000000000000000000000000
100100011110011011110110010101111011000000000000000000000000000000000000000000000000000000000000
100010100001100110111100001011110101000000000000000000000000000000000000000000000000000000000000
010001000101111011101101100001000110000000000000000000000000000000000000000000000000000000000000
101000010001110010100001001011110000000000000000000000000000000000000000000000000000000000000000
111000010110110001111110010101001001000000000000000000000000000000000000000000000000000000000000
011010000000000110110001111110011011000000000000000000000000000000000000000000000000000000000000
011010101111001111100111001000001110000000000000000000000000000000000000000000000000000000000000
111010110101000001111010001010001001000000000000000000000000000000000000000000000000000000000000
000001001110011101011101011011000001000000000000000000000000000000000000000000000000000000000000
001010001111100000010001110011001001000000000000000000000000000000000000000000000000000000000000
101000000101011110100011010101000100000000000000000000000000000000000000000000000000000000000000
111110101000100000111001001001101101000000000000000000000000000000000000000000000000000000000000
000001110010111111010101111101101100000000000000000000000000000000000000000000000000000000000000
101111111010011000111010111110110001000000000000000000000000000000000000000000000000000000000000
001101111001001010011000001101111111000000000000000000000000000000000000000000000000000000000000
000011111101101110110011100100000100000000000000000000000000000000000000000000000000000000000000
100100011001100010011000001100000101000000000000000000000000000000000000000000000000000000000000
101111000000010111100100110101001101000000000000000000000000000000000000000000000000000000000000
000010101000110100001111000101100001000000000000000000000000000000000000000000000000000000000000
111100100111110110100001110111001010000000000000000000000000000000000000000000000000000000000000
000100001101110011000111010000101001000000000000000000000000000000000000000000000000000000000000
011001011010101100111100111011101011000000000000000000000000000000000000000000000000000000000000
110110100110000010001101111110011001000000000000000000000000000000000000000000000000000000000000
001010111001100101010001000111010111000000000000000000000000000000000000000000000000000000000000
101110001101011110110111000011110111000000000000000000000000000000000000000000000000000000000000
001100100101111111100001011101100101000000000000000000000000000000000000000000000000000000000000
001011010110010110001000001101011101000000000000000000000000000000000000000000000000000000000000
010010010010000000001101110010100011000000000000000000000000000000000000000000000000000000000000
011010011101011111010110110001101000000000000000000000000000000000000000000000000000000000000000
010101000111010000011001011001000011000000000000000000000000000000000000000000000000000000000000
011110011000010001011111001010111111000000000000000000000000000000000000000000000000000000000000
010001110100011000011100001010110100000000000000000000000000000000000000000000000000000000000000
111011000101101101101100001100110000000000000000000000000000000000000000000000000000000000000000
011010011101101101101100110111010101000000000000000000000000000000000000000000000000000000000000
100001010100010111010010101000110011000000000000000000000000000000000000000000000000000000000000
000111011010100101100000111111100111000000000000000000000000000000000000000000000000000000000000
111100110111110110001011001011111100000000000000000000000000000000000000000000000000000000000000
000001000111110001000111100100010011000000000000000000000000000000000000000000000000000000000000
011000001111110011111100111000110011000000000000000000000000000000000000000000000000000000000000
101100001101000100100010000101100100000000000000000000000000000000000000000000000000000000000000
100010000111111001100000011000101101000000000000000000000000000000000000000000000000000000000000
011000001011000011111111100101001110000000000000000000000000000000000000000000000000000000000000
110011110101110010011100010100110111000000000000000000000000000000000000000000000000000000000000
101100011000111001011000010010101000000000000000000000000000000000000000000000000000000000000000
