101001010001000111100010110001010100000000000000000000000000000000000000000000000000000000000000
001011011111101101000100110100101011000000000000000000000000000000000000000000000000000000000000
100110111110101011100011000100010010000000000000000000000000000000000000000000000000000000000000
000111111100011101001111110111001100000000000000000000000000000000000000000000000000000000000000
001010011110100000111011001111111110000000000000000000000000000000000000000000000000000000000000
110010100010111111100010000001111000000000000000000000000000000000000000000000000000000000000000
111010011000111100011011100001001001000000000000000000000000000000000000000000000000000000000000
011011100111010001100111001101100011000000000000000000000000000000000000000000000000000000000000
101110000100011010011000100111100011000000000000000000000000000000000000000000000000000000000000
100000100001000110011000011010001101000000000000000000000000000000000000000000000000000000000000
101001000101000010001111100111100100000000000000000000000000000000000000000000000000000000000000
011111101001100110010010010101000110000000000000000000000000000000000000000000000000000000000000
000101100111011010011100000111100111000000000000000000000000000000000000000000000000000000000000
011100001100011011001110111101110110000000000000000000000000000000000000000000000000000000000000
101011111111100101010010010010110001000000000000000000000000000000000000000000000000000000000000
010011101100111001011011011111111011000000000000000000000000000000000000000000000000000000000000
101001111011111110000000101001111000000000000000000000000000000000000000000000000000000000000000
000110001001010001001010001000111001000000000000000000000000000000000000000000000000000000000000
111110111101100101000101000001000111000000000000000000000000000000000000000000000000000000000000
001011010011011000101011100110010001000000000000000000000000000000000000000000000000000000000000
101001001110001000110010010001111111000000000000000000000000000000000000000000000000000000000000
010001101001011100011011011111011101000000000000000000000000000000000000000000000000000000000000
011010100100011101110101101110000111000000000000000000000000000000000000000000000000000000000000
001011000111111010101011001110111110000000000000000000000000000000000000000000000000000000000000
000101100101111111000110101001000011000000000000000000000000000000000000000000000000000000000000
111101011000000000001110111101110100000000000000000000000000000000000000000000000000000000000000
011111110011011001111100111000011010000000000000000000000000000000000000000000000000000000000000
110101011001000010101000011010010110000000000000000000000000000000000000000000000000000000000000
010010011000001011110111100101110110000000000000000000000000000000000000000000000000000000000000
010100010110110110101111011010110111000000000000000000000000000000000000000000000000000000000000
110001001011010111111000011010010110000000000000000000000000000000000000000000000000000000000000
011110101010111110000010000010010101000000000000000000000000000000000000000000000000000000000000
010010111111111100001100100001001111000000000000000000000000000000000000000000000000000000000000
000111000111011000101011011011101110000000000000000000000000000000000000000000000000000000000000
101001110001111100001011111001000110000000000000000000000000000000000000000000000000000000000000
000110010110011011011010110001000000000000000000000000000000000000000000000000000000000000000000
010110001011011000111010001000000100000000000000000000000000000000000000000000000000000000000000
110000010101011101100011010010010111000000000000000000000000000000000000000000000000000000000000
111110110110001000101101100111001111000000000000000000000000000000000000000000000000000000000000
011011011010010101100101000111000100000000000000000000000000000000000000000000000000000000000000
001101011001010100010001000100111001000000000000000000000000000000000000000000000000000000000000
011011111001101111111100101110101101000000000000000000000000000000000000000000000000000000000000
100111111110100010011110000011100111000000000000000000000000000000000000000000000000000000000000
100110001001001011011001000011110010000000000000000000000000000000000000000000000000000000000000
001110101001111010110110011001110101000000000000000000000000000000000000000000000000000000000000
010011000100100010010000111011100001000000000000000000000000000000000000000000000000000000000000
001001110101110010011001010101010110000000000000000000000000000000000000000000000000000000000000
001000010111010010111001010010001011000000000000000000000000000000000000000000000000000000000000
111001010101100110001000000100100010000000000000000000000000000000000000000000000000000000000000
110010101100011111001100001101111001000000000000000000000000000000000000000000000000000000000000
011011000011111000110010001101001001000000000000000000000000000000000000000000000000000000000000
010110110001011111111100000010111111000000000000000000000000000000000000000000000000000000000000
000101010110101110011001000110100110000000000000000000000000000000000000000000000000000000000000
100010010100000010010001100111111000000000000000000000000000000000000000000000000000000000000000
001001101101110110011111010011010110000000000000000000000000000000000000000000000000000000000000
101011100100100000100101111100100011000000000000000000000000000000000000000000000000000000000000
100001101001101110001101100110110110000000000000000000000000000000000000000000000000000000000000
111111110110010111100001110111011010000000000000000000000000000000000000000000000000000000000000
010010001100111110010111111100010110000000000000000000000000000000000000000000000000000000000000
001000011111011010011000001110011010000000000000000000000000000000000000000000000000000000000000
001101111101001110100111110010011110000000000000000000000000000000000000000000000000000000000000
100000111001010001011110110001110100000000000000000000000000000000000000000000000000000000000000
110011000101000000100110110000100111000000000000000000000000000000000000000000000000000000000000
011100101000000011101000111100010100000000000000000000000000000000000000000000000000000000000000
010101001011100110101111011100101101000000000000000000000000000000000000000000000000000000000000
111110101011010100011001011011110110000000000000000000000000000000000000000000000000000000000000
000001011110000001010101011001111010000000000000000000000000000000000000000000000000000000000000
001110000011010001011011000000110001000000000000000000000000000000000000000000000000000000000000
101110001100111000101100100011010110000000000000000000000000000000000000000000000000000000000000
010110110111111010111101100110100111000000000000000000000000000000000000000000000000000000000000
101001011010011010011000111111101100000000000000000000000000000000000000000000000000000000000000
111010001110010001111001100011100100000000000000000000000000000000000000000000000000000000000000
010111101011000101111001101110000111000000000000000000000000000000000000000000000000000000000000
000010100110010101000010111110101101000000000000000000000000000000000000000000000000000000000000
110011111100110100011011110011011001000000000000000000000000000000000000000000000000000000000000
000101010111100111101000111010010010000000000000000000000000000000000000000000000000000000000000
101011101011100101011100001010101001000000000000000000000000000000000000000000000000000000000000
011010000000000110100111001101011010000000000000000000000000000000000000000000000000000000000000
011010100111100010010011100101110010000000000000000000000000000000000000000000000000000000000000
101011010110110010101110000110101000000000000000000000000000000000000000000000000000000000000000
101010110000100111110101111000110111000000000000000000000000000000000000000000000000000000000000
111000011001001001110101111101011001000000000000000000000000000000000000000000000000000000000000
001001010101001001010111100000000111000000000000000000000000000000000000000000000000000000000000
110100111010101111111110100101011111000000000000000000000000000000000000000000000000000000000000
010110110010111000101111011000101111000000000000000000000000000000000000000000000000000000000000
000011011010011100101111010011000010000000000000000000000000000000000000000000000000000000000000
000111111110000110110111001111010110000000000000000000000000000000000000000000000000000000000000
000111010011010001100010000011011100000000000000000000000000000000000000000000000000000000000000
100101110111001010101000101110100110000000000000000000000000000000000000000000000000000000000000
011100110111000101010001000010011001000000000000000000000000000000000000000000000000000000000000
011101010001011111010111111111110010000000000000000000000000000000000000000000000000000000000000
010010110111011011100100111011011101000000000000000000000000000000000000000000000000000000000000
110110111011011100001001111100111000000000000000000000000000000000000000000000000000000000000000
010101101000011100001101100000011001000000000000000000000000000000000000000000000000000000000000
101110010010000111000111100001000110000000000000000000000000000000000000000000000000000000000000
010101011110000110101101011111000100000000000000000000000000000000000000000000000000000000000000
111010001111110001001100100100100000000000000000000000000000000000000000000000000000000000000000
111010110100001010101000111001011100000000000000000000000000000000000000000000000000000000000000
100001010110010000110000100010101000000000000000000000000000000000000000000000000000000000000000
101000001011100111111011011110011010000000000000000000000000000000000000000000000000000000000000
111001011010011011000010001011011001000000000000000000000000000000000000000000000000000000000000
010111110000001100010101010000001011000000000000000000000000000000000000000000000000000000000000
110100111101011101111101101011100010000000000000000000000000000000000000000000000000000000000000
010111111111000111010011100100011101000000000000000000000000000000000000000000000000000000000000
110011000010100100011101010110001000000000000000000000000000000000000000000000000000000000000000
000101110010110100100011111101101110000000000000000000000000000000000000000000000000000000000000
001100101001000101010011000100010001000000000000000000000000000000000000000000000000000000000000
000100110010111101001010000011111011000000000000000000000000000000000000000000000000000000000000
000111000011110010011100111100010100000000000000000000000000000000000000000000000000000000000000
111001011000101011011001110101100000000000000000000000000000000000000000000000000000000000000000
111000110111110000111011100100110010000000000000000000000000000000000000000000000000000000000000
111111000111101110011010011110101100000000000000000000000000000000000000000000000000000000000000
010010010110010010010101100001001100000000000000000000000000000000000000000000000000000000000000
010001000111010000000001001111010110000000000000000000000000000000000000000000000000000000000000
100010111001000001011011110100111101000000000000000000000000000000000000000000000000000000000000
110011110000101111101000101011000111000000000000000000000000000000000000000000000000000000000000
101001001100011001111010110110101111000000000000000000000000000000000000000000000000000000000000
110110011011101010111100100011111100000000000000000000000000000000000000000000000000000000000000
011001011001010000010010111001001101000000000000000000000000000000000000000000000000000000000000
111000101011101000011110000100011011000000000000000000000000000000000000000000000000000000000000
001110000010010010011110011100001101000000000000000000000000000000000000000000000000000000000000
100101100101101111101110001001011111000000000000000000000000000000000000000000000000000000000000
110111001000101000001111110011001010000000000000000000000000000000000000000000000000000000000000
010000111000000111010010010010110001000000000000000000000000000000000000000000000000000000000000
011110001101001101011000111101101100000000000000000000000000000000000000000000000000000000000000
100110101011011110101101010011001001000000000000000000000000000000000000000000000000000000000000
010111101011011001011000111011100001000000000000000000000000000000000000000000000000000000000000
111110011000000100001001010111110011000000000000000000000000000000000000000000000000000000000000
000010010110001001000111101000110011000000000000000000000000000000000000000000000000000000000000
001110001101001110101100100101100101000000000000000000000000000000000000000000000000000000000000
010101010010111110110011011010111010000000000000000000000000000000000000000000000000000000000000
111111011001001010000111100001011000000000000000000000000000000000000000000000000000000000000000
011110011000110011101000001001110101000000000000000000000000000000000000000000000000000000000000
000110100101111000101101011100010000000000000000000000000000000000000000000000000000000000000000
111100100010110010110010100011111111000000000000000000000000000000000000000000000000000000000000
110010100011001110111011011000100110000000000000000000000000000000000000000000000000000000000000
001010010001010010000010100100000000000000000000000000000000000000000000000000000000000000000000
110000010100111000001010001010111100000000000000000000000000000000000000000000000000000000000000
001000001011000100110110110100000010000000000000000000000000000000000000000000000000000000000000
011000011100010000000001100110010010000000000000000000000000000000000000000000000000000000000000
010110110110101000110010101010110111000000000000000000000000000000000000000000000000000000000000
110010101101111011011111101011101000000000000000000000000000000000000000000000000000000000000000
011001000101000111111110101010001011000000000000000000000000000000000000000000000000000000000000
001011001000001001110101110100101001000000000000000000000000000000000000000000000000000000000000
100110010100100110000010110010001011000000000000000000000000000000000000000000000000000000000000
111101001010111111011001011101010010000000000000000000000000000000000000000000000000000000000000
101101011101101111000010000010011010000000000000000000000000000000000000000000000000000000000000
011000100010011110011000000110110111000000000000000000000000000000000000000000000000000000000000
010111011101010011001001101001110011000000000000000000000000000000000000000000000000000000000000
011001000110001011001100001000000000000000000000000000000000000000000000000000000000000000000000
101111100110011100101101001000111011000000000000000000000000000000000000000000000000000000000000
011110001001001010110111011011101001000000000000000000000000000000000000000000000000000000000000
010110100001100110110101100000001000000000000000000000000000000000000000000000000000000000000000
101000110000010000100101010110011000000000000000000000000000000000000000000000000000000000000000
101111110000110101101100111110111011000000000000000000000000000000000000000000000000000000000000
000011110000011000111000111000101101000000000000000000000000000000000000000000000000000000000000
111110001010110111110111001100010011000000000000000000000000000000000000000000000000000000000000
011011110110100101101001101010101000000000000000000000000000000000000000000000000000000000000000
010010100011011000100101111001011110000000000000000000000000000000000000000000000000000000000000
111010011001101000110011111001100010000000000000000000000000000000000000000000000000000000000000
100001100110000110111101101110100010000000000000000000000000000000000000000000000000000000000000
001001100100110010100111111110000111000000000000000000000000000000000000000000000000000000000000
000000101011001110011000010001101101000000000000000000000000000000000000000000000000000000000000
101111011100010010001100000101111010000000000000000000000000000000000000000000000000000000000000
100010011000001101011000101111000101000000000000000000000000000000000000000000000000000000000000
100100000011110100101101101011100001000000000000000000000000000000000000000000000000000000000000
011111100100010111001101001100001001000000000000000000000000000000000000000000000000000000000000
111001111000011000010010000000001100000000000000000000000000000000000000000000000000000000000000
101110001111110110101001111011100001000000000000000000000000000000000000000000000000000000000000
111101111000100010111110100100000110000000000000000000000000000000000000000000000000000000000000
100001001000101001011100110010110000000000000000000000000000000000000000000000000000000000000000
001010001001000101001111000011101001000000000000000000000000000000000000000000000000000000000000
010000010010100001010101000001001100000000000000000000000000000000000000000000000000000000000000
010011011011110101101001111100010111000000000000000000000000000000000000000000000000000000000000
110111010111000000001001001001001000000000000000000000000000000000000000000000000000000000000000
101101010001101100101110000110101100000000000000000000000000000000000000000000000000000000000000
101101100110001110010000011010111100000000000000000000000000000000000000000000000000000000000000
010010000111101101001100110011110100000000000000000000000000000000000000000000000000000000000000
000001100010010110101010110000000000000000000000000000000000000000000000000000000000000000000000
100011111111011110100010000110100011000000000000000000000000000000000000000000000000000000000000
111001101110011101101111010110011001000000000000000000000000000000000000000000000000000000000000
001111100111110110101010110010010000000000000000000000000000000000000000000000000000000000000000
000111011001001101010000001110010110000000000000000000000000000000000000000000000000000000000000
000010111111011000000000110101110011000000000000000000000000000000000000000000000000000000000000
100100110111110100111100111101101010000000000000000000000000000000000000000000000000000000000000
000010101011011110011100111000000000000000000000000000000000000000000000000000000000000000000000
000111000100010011001010000000101011000000000000000000000000000000000000000000000000000000000000
000010101011000010110000011001001011000000000000000000000000000000000000000000000000000000000000
110011111101001101011111101111100111000000000000000000000000000000000000000000000000000000000000
110001001110100010110011011010111011000000000000000000000000000000000000000000000000000000000000
010011111010001001000110011111010101000000000000000000000000000000000000000000000000000000000000
110100001001001010011100101000101001000000000000000000000000000000000000000000000000000000000000
011011111010101000000001111111100111000000000000000000000000000000000000000000000000000000000000
110100000001010110000110101110001011000000000000000000000000000000000000000000000000000000000000
100010000111000001100110111110001110000000000000000000000000000000000000000000000000000000000000
110010001010001101110001101110000111000000000000000000000000000000000000000000000000000000000000
101111100110010000110110100011010001000000000000000000000000000000000000000000000000000000000000
000010001011110001110010111101110100000000000000000000000000000000000000000000000000000000000000
000110010111001000010010111001010000000000000000000000000000000000000000000000000000000000000000
000100011110010010100110010010001011000000000000000000000000000000000000000000000000000000000000
