001000110101000001001100000011110111000000000000000000000000000000000000000000000000000000000000
011100001001011010001101010010111110000000000000000000000000000000000000000000000000000000000000
010011001000100001001110010101111010000000000000000000000000000000000000000000000000000000000000
001111011100000111010110101001000101000000000000000000000000000000000000000000000000000000000000
110111000000001111111000100010011011000000000000000000000000000000000000000000000000000000000000
010100011001110000110011000101001100000000000000000000000000000000000000000000000000000000000000
011100001101111000101010011001111110000000000000000000000000000000000000000000000000000000000000
101010000111111101001001000000100001000000000000000000000000000000000000000000000000000000000000
101001011010010010001100100001110001000000000000000000000000000000000000000000000000000000000000
100101101001101010100100110000001001000000000000000000000000000000000000000000000000000000000000
011110110100011111111110010100100111000000000000000000000000000000000000000000000000000000000000
100011011111101110101001111111011101000000000000000000000000000000000000000000000000000000000000
011100001101111010110100011001110110000000000000000000000000000000000000000000000000000000000000
010100010010011001010101010100001111000000000000000000000000000000000000000000000000000000000000
010110101111001001001100101111100100000000000000000000000000000000000000000000000000000000000000
001111000100010000000011110101010100000000000000000000000000000000000000000000000000000000000000
001000010111010110101100111011011001000000000000000000000000000000000000000000000000000000000000
000010101101101100001110000010111110000000000000000000000000000000000000000000000000000000000000
110110111110101110101101111101000000000000000000000000000000000000000000000000000000000000000000
100010011111010010011111000010010010000000000000000000000000000000000000000000000000000000000000
110101000100111110110100111100000101000000000000000000000000000000000000000000000000000000000000
001000001100001001000011000011110001000000000000000000000000000000000000000000000000000000000000
011000011101100011111001000011001111000000000000000000000000000000000000000000000000000000000000
000100000110110110101101111101001100000000000000000000000000000000000000000000000000000000000000
000000011001101101010000010101101111000000000000000000000000000000000000000000000000000000000000
001100110111111101011000011010001000000000000000000000000000000000000000000000000000000000000000
110010100101101011010000011011101011000000000000000000000000000000000000000000000000000000000000
111111011101000010111111101100011110000000000000000000000000000000000000000000000000000000000000
001000100110001011110000111001010110000000000000000000000000000000000000000000000000000000000000
011101000100110101111001111111110110000000000000000000000000000000000000000000000000000000000000
110011100101100000010011100101010010000000000000000000000000000000000000000000000000000000000000
010011011011110100010100010110101101000000000000000000000000000000000000000000000000000000000000
001010110011000011111110010110110110000000000000000000000000000000000000000000000000000000000000
111111001001100110000011001111010100000000000000000000000000000000000000000000000000000000000000
101011011000110011100000101011000101000000000000000000000000000000000000000000000000000000000000
101010111111000010011100100010111000000000000000000000000000000000000000000000000000000000000000
010000111100110100111001100110000111000000000000000000000000000000000000000000000000000000000000
001111110000001000110010111100011011000000000000000000000000000000000000000000000000000000000000
010110101011100110001111011101100110000000000000000000000000000000000000000000000000000000000000
011110010110101000010010101001111001000000000000000000000000000000000000000000000000000000000000
111111011111010000111111101000011000000000000000000000000000000000000000000000000000000000000000
010001011000101111011100011111010000000000000000000000000000000000000000000000000000000000000000
111001000010001101011000010100000011000000000000000000000000000000000000000000000000000000000000
111001010001000000111111011101011110000000000000000000000000000000000000000000000000000000000000
011101001000000001010101011000111011000000000000000000000000000000000000000000000000000000000000
100110010010001001101000101000111110000000000000000000000000000000000000000000000000000000000000
101111111111011000101010011100110001000000000000000000000000000000000000000000000000000000000000
110110000001100010011110011110110011000000000000000000000000000000000000000000000000000000000000
110110011011100101010010011110110010000000000000000000000000000000000000000000000000000000000000
110000001111001100000001001100110001000000000000000000000000000000000000000000000000000000000000
011100000111010000110001111001111010000000000000000000000000000000000000000000000000000000000000
010110100000001000001010110101101010000000000000000000000000000000000000000000000000000000000000
001100010110000000000100011100001000000000000000000000000000000000000000000000000000000000000000
001010000011100111001111000011101100000000000000000000000000000000000000000000000000000000000000
011010011011101011000111100111000011000000000000000000000000000000000000000000000000000000000000
101001000010111110110100111111000001000000000000000000000000000000000000000000000000000000000000
000011010010000011110110000010110001000000000000000000000000000000000000000000000000000000000000
011110011011100001100110000110000110000000000000000000000000000000000000000000000000000000000000
001011101000100101001100111111100010000000000000000000000000000000000000000000000000000000000000
010100011101110101011100010010011111000000000000000000000000000000000000000000000000000000000000
010111010111101101011110001101101000000000000000000000000000000000000000000000000000000000000000
111111001101000101110001110101111100000000000000000000000000000000000000000000000000000000000000
010010111011000001101110000110010111000000000000000000000000000000000000000000000000000000000000
010110100001010010000111111100101111000000000000000000000000000000000000000000000000000000000000
000010001111101110000001001001010110000000000000000000000000000000000000000000000000000000000000
010001000010000100001110011100110001000000000000000000000000000000000000000000000000000000000000
000101111100110011001011111011011000000000000000000000000000000000000000000000000000000000000000
101100111011100010100111010001100110000000000000000000000000000000000000000000000000000000000000
100011001100001110101010000011110111000000000000000000000000000000000000000000000000000000000000
110111101000000110110101010010011000000000000000000000000000000000000000000000000000000000000000
110101010110111101010000111100110100000000000000000000000000000000000000000000000000000000000000
110100100001010101100001001111010000000000000000000000000000000000000000000000000000000000000000
011000011111001000111111010000110010000000000000000000000000000000000000000000000000000000000000
011100101011110010110100100110001000000000000000000000000000000000000000000000000000000000000000
010010110110000101011010100000000100000000000000000000000000000000000000000000000000000000000000
010111110010100011110110101010000010000000000000000000000000000000000000000000000000000000000000
101010001101111111001100001100110000000000000000000000000000000000000000000000000000000000000000
101100011111010110000100100101010100000000000000000000000000000000000000000000000000000000000000
000100001010001011011010011111000111000000000000000000000000000000000000000000000000000000000000
001001000000111110001000100100010101000000000000000000000000000000000000000000000000000000000000
010011101000000100100011001110110100000000000000000000000000000000000000000000000000000000000000
110001111010000010000011110101110010000000000000000000000000000000000000000000000000000000000000
010111011010101011001111101001100101000000000000000000000000000000000000000000000000000000000000
101111000001100010110011101010101100000000000000000000000000000000000000000000000000000000000000
101101101100001000000100101100001110000000000000000000000000000000000000000000000000000000000000
010010000011001010000100110010111110000000000000000000000000000000000000000000000000000000000000
011000011100010100111111011001001100000000000000000000000000000000000000000000000000000000000000
011101001011111111000101011010010011000000000000000000000000000000000000000000000000000000000000
000010001100010100010001010111111100000000000000000000000000000000000000000000000000000000000000
000001100110011110011110110011110110000000000000000000000000000000000000000000000000000000000000
010101010101011001111100100111101101000000000000000000000000000000000000000000000000000000000000
000011101111001001101001011011011010000000000000000000000000000000000000000000000000000000000000
001010100001011000110001000000110110000000000000000000000000000000000000000000000000000000000000
001111111101011100000011101101100111000000000000000000000000000000000000000000000000000000000000
101100000101101111001011101011110110000000000000000000000000000000000000000000000000000000000000
110000011101011011110011010001111111000000000000000000000000000000000000000000000000000000000000
111000000011001101001011111111011000000000000000000000000000000000000000000000000000000000000000
000000000000110000111100101101000001000000000000000000000000000000000000000000000000000000000000
100110011100010011100101101011010101000000000000000000000000000000000000000000000000000000000000
100110001111010000000010111000001100000000000000000000000000000000000000000000000000000000000000
000001001000111011011011101000100101000000000000000000000000000000000000000000000000000000000000
011001111100000000001111111010111010000000000000000000000000000000000000000000000000000000000000
111001001000110111111001100010111000000000000000000000000000000000000000000000000000000000000000
101011011101100110010001101000001100000000000000000000000000000000000000000000000000000000000000
000110011011100100010110111000100110000000000000000000000000000000000000000000000000000000000000
011110010001010100011000111110110100000000000000000000000000000000000000000000000000000000000000
110111000000000101011010011110000100000000000000000000000000000000000000000000000000000000000000
111110111101110111001111110010010101000000000000000000000000000000000000000000000000000000000000
000100111010001110000010011010010100000000000000000000000000000000000000000000000000000000000000
010110101101011011111010010100001100000000000000000000000000000000000000000000000000000000000000
100010101111010011001111001011000000000000000000000000000000000000000000000000000000000000000000
101100101100011001001010101000100000000000000000000000000000000000000000000000000000000000000000
111110101001011010110010101010001000000000000000000000000000000000000000000000000000000000000000
110010010100011101100111101110111110000000000000000000000000000000000000000000000000000000000000
010100110010100101010110100000010110000000000000000000000000000000000000000000000000000000000000
100100110110011011001100001000011110000000000000000000000000000000000000000000000000000000000000
001101011010101010010101001001100111000000000000000000000000000000000000000000000000000000000000
000111010010110110001001011101011110000000000000000000000000000000000000000000000000000000000000
101101001100100010101010111010011100000000000000000000000000000000000000000000000000000000000000
000110100101101000101111010000110010000000000000000000000000000000000000000000000000000000000000
111110000111100000000001111111101000000000000000000000000000000000000000000000000000000000000000
001001111111001111100000101100011001000000000000000000000000000000000000000000000000000000000000
101100000100100011110001011011110010000000000000000000000000000000000000000000000000000000000000
110111111010001000010100101111100000000000000000000000000000000000000000000000000000000000000000
110100101011110010010100110100101110000000000000000000000000000000000000000000000000000000000000
001010001000100101110110111000100011000000000000000000000000000000000000000000000000000000000000
000100110011011101010101011111110111000000000000000000000000000000000000000000000000000000000000
101100101000000010011001010101000001000000000000000000000000000000000000000000000000000000000000
011101101001111001100011011011100110000000000000000000000000000000000000000000000000000000000000
000100000110011011100000110010011101000000000000000000000000000000000000000000000000000000000000
011011110110000011101111110000110011000000000000000000000000000000000000000000000000000000000000
001100110011000001011111110010100011000000000000000000000000000000000000000000000000000000000000
000011000111000100011101110010010001000000000000000000000000000000000000000000000000000000000000
111110110100100000011001011000001100000000000000000000000000000000000000000000000000000000000000
011011001110101001011011111100110111000000000000000000000000000000000000000000000000000000000000
011111010010001111011010000010101100000000000000000000000000000000000000000000000000000000000000
111010010101010100100000010110110111000000000000000000000000000000000000000000000000000000000000
110100100011110101111001001000000011000000000000000000000000000000000000000000000000000000000000
011101001010001111101000010101101101000000000000000000000000000000000000000000000000000000000000
110110011011100000101101011011011001000000000000000000000000000000000000000000000000000000000000
011110010010010000100010001101100001000000000000000000000000000000000000000000000000000000000000
001001110010010010001101000100100000000000000000000000000000000000000000000000000000000000000000
001110110111000110111001010110101111000000000000000000000000000000000000000000000000000000000000
001101001010000100111111111111101100000000000000000000000000000000000000000000000000000000000000
110000101000011001100010000001111001000000000000000000000000000000000000000000000000000000000000
110001110111010011101111010000011100000000000000000000000000000000000000000000000000000000000000
010000000110101000011010000101111110000000000000000000000000000000000000000000000000000000000000
000101000101100011011111111010100001000000000000000000000000000000000000000000000000000000000000
010111011111101011111101011110000110000000000000000000000000000000000000000000000000000000000000
011000110011100010011100011111011000000000000000000000000000000000000000000000000000000000000000
001110101010101100101110010101010100000000000000000000000000000000000000000000000000000000000000
110110010001011000101110000110001100000000000000000000000000000000000000000000000000000000000000
011001001100000111101100100101010001000000000000000000000000000000000000000000000000000000000000
110011010001100001011100010000111000000000000000000000000000000000000000000000000000000000000000
011111100011001011101010100110100011000000000000000000000000000000000000000000000000000000000000
101000011101101001001111010001011110000000000000000000000000000000000000000000000000000000000000
110111111101010110100100000000111101000000000000000000000000000000000000000000000000000000000000
111001011001100111001011101111011011000000000000000000000000000000000000000000000000000000000000
010101001000010010011000001000100111000000000000000000000000000000000000000000000000000000000000
000001100101101000110111110100110000000000000000000000000000000000000000000000000000000000000000
110110101101100000010100110100101110000000000000000000000000000000000000000000000000000000000000
111001001100000101010111000001100100000000000000000000000000000000000000000000000000000000000000
100100011111001001100110110000111010000000000000000000000000000000000000000000000000000000000000
100010101101100010011011101110110100000000000000000000000000000000000000000000000000000000000000
010101101011010100111001011111101001000000000000000000000000000000000000000000000000000000000000
111100110011001111001010000011011110000000000000000000000000000000000000000000000000000000000000
110110111011000010111110110001101001000000000000000000000000000000000000000000000000000000000000
100001111001100100011011100100011101000000000000000000000000000000000000000000000000000000000000
001001101001010101011011011101100011000000000000000000000000000000000000000000000000000000000000
000101110100101101110000011011001111000000000000000000000000000000000000000000000000000000000000
011110010001011100010101100111101011000000000000000000000000000000000000000000000000000000000000
110000110001000111001001011100000001000000000000000000000000000000000000000000000000000000000000
101000111110111011110000100101000100000000000000000000000000000000000000000000000000000000000000
010100011100011000000000111110001110000000000000000000000000000000000000000000000000000000000000
010100111111110101001110100101011010000000000000000000000000000000000000000000000000000000000000
011101011110000010000110000010100000000000000000000000000000000000000000000000000000000000000000
111011110010101110010011110000111001000000000000000000000000000000000000000000000000000000000000
001111010111111101111110101011101101000000000000000000000000000000000000000000000000000000000000
111001000110001001100100111001100000000000000000000000000000000000000000000000000000000000000000
010001101111001001010110110101000111000000000000000000000000000000000000000000000000000000000000
000000000010000011010010110110011111000000000000000000000000000000000000000000000000000000000000
101010101111111110100111111111001101000000000000000000000000000000000000000000000000000000000000
101111001101111111000001111100111011000000000000000000000000000000000000000000000000000000000000
010011011010001111010111011111100001000000000000000000000000000000000000000000000000000000000000
100001000110010100111001011001110101000000000000000000000000000000000000000000000000000000000000
001001101011110000000010001010000101000000000000000000000000000000000000000000000000000000000000
001001010010000101010000110001001001000000000000000000000000000000000000000000000000000000000000
110101011101011010100001110001010100000000000000000000000000000000000000000000000000000000000000
100001011111001110011110110100001101000000000000000000000000000000000000000000000000000000000000
011100011000101011011111100110100000000000000000000000000000000000000000000000000000000000000000
011011010000011000110101010000101011000000000000000000000000000000000000000000000000000000000000
001011111000000011101110111011110100000000000000000000000000000000000000000000000000000000000000
100111101011111011011010001010010000000000000000000000000000000000000000000000000000000000000000
110011001001101010110010111110110011000000000000000000000000000000000000000000000000000000000000
101010110010001100011001000100000000000000000000000000000000000000000000000000000000000000000000
011111100111111011111101111100000010000000000000000000000000000000000000000000000000000000000000
110000000011011011100011000001000010000000000000000000000000000000000000000000000000000000000000
101011001001111010100100011110011100000000000000000000000000000000000000000000000000000000000000
000000000001001111100001101010111110000000000000000000000000000000000000000000000000000000000000
010100101101001000100010111010000000000000000000000000000000000000000000000000000000000000000000
