000011101101010111010110101111111111000000000000000000000000000000000000000000000000000000000000
110010001100111010110101100101001110000000000000000000000000000000000000000000000000000000000000
001000101100110010001111000111100011000000000000000000000000000000000000000000000000000000000000
001010001011100111010101111000001001000000000000000000000000000000000000000000000000000000000000
111110001010000111101010110110011110000000000000000000000000000000000000000000000000000000000000
010101111000011111001001110110011111000000000000000000000000000000000000000000000000000000000000
101010011100011110000110011100001011000000000000000000000000000000000000000000000000000000000000
000011000011011000001011001101111001000000000000000000000000000000000000000000000000000000000000
010111000011010011101010110000000011000000000000000000000000000000000000000000000000000000000000
010100011001100100101011011100111011000000000000000000000000000000000000000000000000000000000000
110100001110110101011010010100100011000000000000000000000000000000000000000000000000000000000000
101101101110101100000111100011011011000000000000000000000000000000000000000000000000000000000000
001111100100111001110110100100110001000000000000000000000000000000000000000000000000000000000000
001011111011111011111110001011101010000000000000000000000000000000000000000000000000000000000000
101110000111011111000010010110101110000000000000000000000000000000000000000000000000000000000000
011010011011001110100011111100010111000000000000000000000000000000000000000000000000000000000000
110101001011111100110101011011000000000000000000000000000000000000000000000000000000000000000000
100001001111110100010110010000011011000000000000000000000000000000000000000000000000000000000000
011111111101011010000101110111001100000000000000000000000000000000000000000000000000000000000000
011111010011110000110001110111010101000000000000000000000000000000000000000000000000000000000000
011010010111110101011001001110101110000000000000000000000000000000000000000000000000000000000000
101111111000100110001111101001111100000000000000000000000000000000000000000000000000000000000000
101010011000101001011001110111111000000000000000000000000000000000000000000000000000000000000000
010001010011101101111000001010111100000000000000000000000000000000000000000000000000000000000000
011110010010010000000010001111000101000000000000000000000000000000000000000000000000000000000000
011001011111100110110001110001010100000000000000000000000000000000000000000000000000000000000000
110100011000110101110000011000001000000000000000000000000000000000000000000000000000000000000000
110111011011110101001000011110111101000000000000000000000000000000000000000000000000000000000000
010111110101000100111001101001010101000000000000000000000000000000000000000000000000000000000000
001101100110001111111011000011011000000000000000000000000000000000000000000000000000000000000000
011110001101010001101101110001001111000000000000000000000000000000000000000000000000000000000000
111111010100010110001100101001101111000000000000000000000000000000000000000000000000000000000000
111111110111100100001000011110101000000000000000000000000000000000000000000000000000000000000000
001010110100100010010011111110110101000000000000000000000000000000000000000000000000000000000000
110110111001000111110010001001011101000000000000000000000000000000000000000000000000000000000000
101111001111111110110010011100010011000000000000000000000000000000000000000000000000000000000000
010000110111010001100110110000101111000000000000000000000000000000000000000000000000000000000000
001100010101100011100001110101001101000000000000000000000000000000000000000000000000000000000000
101101000011100001001001010100011001000000000000000000000000000000000000000000000000000000000000
101111001010010111010010110001110010000000000000000000000000000000000000000000000000000000000000
000001101010101000000101100101110100000000000000000000000000000000000000000000000000000000000000
111111111001101000011001011110000100000000000000000000000000000000000000000000000000000000000000
010010001110100101101000011111101110000000000000000000000000000000000000000000000000000000000000
000100000100111000101101011110001011000000000000000000000000000000000000000000000000000000000000
010001000100101001110001000111111010000000000000000000000000000000000000000000000000000000000000
010001110110000011100000100110111110000000000000000000000000000000000000000000000000000000000000
101000011011011110011000001000011001000000000000000000000000000000000000000000000000000000000000
101001010011001101001111101000110101000000000000000000000000000000000000000000000000000000000000
001110100010011010010100101010010110000000000000000000000000000000000000000000000000000000000000
110001010111101010001011001100011001000000000000000000000000000000000000000000000000000000000000
010011110100000101001000011101101011000000000000000000000000000000000000000000000000000000000000
111001001001110000011111100100001000000000000000000000000000000000000000000000000000000000000000
111110111010111111001101100110010001000000000000000000000000000000000000000000000000000000000000
101111110100000100001000100000010111000000000000000000000000000000000000000000000000000000000000
100101100100010011011001011100001001000000000000000000000000000000000000000000000000000000000000
010011011011000101010111000111010001000000000000000000000000000000000000000000000000000000000000
010101111001101011000101011111101011000000000000000000000000000000000000000000000000000000000000
100100111111010100111001011000110101000000000000000000000000000000000000000000000000000000000000
000101111011011000111111000011010100000000000000000000000000000000000000000000000000000000000000
100111101011011111101100010000100010000000000000000000000000000000000000000000000000000000000000
010011000101101110111011101111000000000000000000000000000000000000000000000000000000000000000000
000000000000010101001010010000010010000000000000000000000000000000000000000000000000000000000000
011010101011101010111110011101000010000000000000000000000000000000000000000000000000000000000000
001010100011010001010100110101101001000000000000000000000000000000000000000000000000000000000000
100101110111000100011101001011001000000000000000000000000000000000000000000000000000000000000000
011110111111110010001100111110001001000000000000000000000000000000000000000000000000000000000000
011011001100011101100000110100000101000000000000000000000000000000000000000000000000000000000000
010010010000101101111000110010010111000000000000000000000000000000000000000000000000000000000000
001000011000001000111101001011011100000000000000000000000000000000000000000000000000000000000000
111001001100111100011110100010010111000000000000000000000000000000000000000000000000000000000000
000111011010001101100101000111101010000000000000000000000000000000000000000000000000000000000000
111010100100111011111011110011000110000000000000000000000000000000000000000000000000000000000000
010011111010011010011001011000001111000000000000000000000000000000000000000000000000000000000000
001000001000001111101001011110000001000000000000000000000000000000000000000000000000000000000000
101010111010010100110111011110110110000000000000000000000000000000000000000000000000000000000000
111011010001001000100100101111011111000000000000000000000000000000000000000000000000000000000000
110110110011100110110001110000000001000000000000000000000000000000000000000000000000000000000000
110101111000010100101110010011101001000000000000000000000000000000000000000000000000000000000000
001101000100111011111100111011001111000000000000000000000000000000000000000000000000000000000000
110101010101011101001111001011101010000000000000000000000000000000000000000000000000000000000000
001101111110010000100101101001001100000000000000000000000000000000000000000000000000000000000000
011100110000111011110000110111100000000000000000000000000000000000000000000000000000000000000000
011110100000111100110100010010111101000000000000000000000000000000000000000000000000000000000000
100001001110101011101101101000101011000000000000000000000000000000000000000000000000000000000000
110011111000101010111010101100110000000000000000000000000000000000000000000000000000000000000000
001010010000101110011111010111011100000000000000000000000000000000000000000000000000000000000000
000010000010100110001010111111100010000000000000000000000000000000000000000000000000000000000000
101010011101101111101001010101110101000000000000000000000000000000000000000000000000000000000000
111111011110000100110111001000000110000000000000000000000000000000000000000000000000000000000000
101101111111011100010000101011111011000000000000000000000000000000000000000000000000000000000000
110111101000101110100000000100101100000000000000000000000000000000000000000000000000000000000000
101110010100111101110000000111110011000000000000000000000000000000000000000000000000000000000000
011010101000011101111000110100111010000000000000000000000000000000000000000000000000000000000000
100001101110000000011110100110111100000000000000000000000000000000000000000000000000000000000000
010110001110000000111111011011111010000000000000000000000000000000000000000000000000000000000000
111001101011001111010111100101000001000000000000000000000000000000000000000000000000000000000000
101011110100101001011101011110011011000000000000000000000000000000000000000000000000000000000000
111000000011110000011101011111110010000000000000000000000000000000000000000000000000000000000000
001100100101001111101010011010111000000000000000000000000000000000000000000000000000000000000000
001100110011000100110010000101111011000000000000000000000000000000000000000000000000000000000000
000100111111111110010011111101111001000000000000000000000000000000000000000000000000000000000000
010110111111101001110110101111001111000000000000000000000000000000000000000000000000000000000000
010111010011001011111100010100001010000000000000000000000000000000000000000000000000000000000000
110100101100010011101110101000000010000000000000000000000000000000000000000000000000000000000000
000000010010001001010010011101011111000000000000000000000000000000000000000000000000000000000000
111000000101010010100010111101010110000000000000000000000000000000000000000000000000000000000000
001101001000011001110110100101110111000000000000000000000000000000000000000000000000000000000000
011100111111100011001101100100100101000000000000000000000000000000000000000000000000000000000000
111001110111101001100100110110000100000000000000000000000000000000000000000000000000000000000000
110010101100011100000010011110010011000000000000000000000000000000000000000000000000000000000000
001111100101001101111100111110110011000000000000000000000000000000000000000000000000000000000000
010111001011001100111010010101111100000000000000000000000000000000000000000000000000000000000000
011100111110110010100010010000111111000000000000000000000000000000000000000000000000000000000000
000011001100101011111101111010011101000000000000000000000000000000000000000000000000000000000000
010111111111100001111110101101000111000000000000000000000000000000000000000000000000000000000000
111010111010100010110010000111000110000000000000000000000000000000000000000000000000000000000000
001111110010100010101111110101011001000000000000000000000000000000000000000000000000000000000000
101110111100101000110010110000101100000000000000000000000000000000000000000000000000000000000000
000011000011111111000110000011001100000000000000000000000000000000000000000000000000000000000000
000100000110011001000100111011010011000000000000000000000000000000000000000000000000000000000000
111100101011100000011000101011001101000000000000000000000000000000000000000000000000000000000000
110000011011010010111100111110000110000000000000000000000000000000000000000000000000000000000000
100001100111111111110110011000111011000000000000000000000000000000000000000000000000000000000000
000110010111001001011001111000010100000000000000000000000000000000000000000000000000000000000000
111010110001101101011110101001111111000000000000000000000000000000000000000000000000000000000000
010010110100100100011011101010011011000000000000000000000000000000000000000000000000000000000000
101110100000101010110011000110001100000000000000000000000000000000000000000000000000000000000000
100001000010011111001101000001100101000000000000000000000000000000000000000000000000000000000000
000000110111100101101001100110001010000000000000000000000000000000000000000000000000000000000000
011110110000100110000110111100101010000000000000000000000000000000000000000000000000000000000000
100110010101011101010000011101011101000000000000000000000000000000000000000000000000000000000000
001010100110001011110111011110000000000000000000000000000000000000000000000000000000000000000000
111101011011000111010111011101110010000000000000000000000000000000000000000000000000000000000000
100010000001000111100111000010011100000000000000000000000000000000000000000000000000000000000000
111010100000000000111111110101010011000000000000000000000000000000000000000000000000000000000000
011111000101010111100010111101011101000000000000000000000000000000000000000000000000000000000000
001110000100110011010101101110111001000000000000000000000000000000000000000000000000000000000000
100011111011011010000000110100010010000000000000000000000000000000000000000000000000000000000000
001011010001001111011001011111100111000000000000000000000000000000000000000000000000000000000000
011000010101011110111100000001000000000000000000000000000000000000000000000000000000000000000000
111110100110101010011110111110100110000000000000000000000000000000000000000000000000000000000000
011110111001110011000101010010000001000000000000000000000000000000000000000000000000000000000000
010101111010000100100000110111101000000000000000000000000000000000000000000000000000000000000000
110000001100011110010001101001000111000000000000000000000000000000000000000000000000000000000000
001111101101110010011100101101110100000000000000000000000000000000000000000000000000000000000000
100010000110010101111010111010100111000000000000000000000000000000000000000000000000000000000000
010111011001111101000100011000000100000000000000000000000000000000000000000000000000000000000000
000010000101111000000010010011100011000000000000000000000000000000000000000000000000000000000000
000100011101010111101001011010110010000000000000000000000000000000000000000000000000000000000000
000110101110101110100011011100110100000000000000000000000000000000000000000000000000000000000000
011001101010101111111011110111000101000000000000000000000000000000000000000000000000000000000000
111011111000000000001011001010101011000000000000000000000000000000000000000000000000000000000000
101110001100101100101010111000010000000000000000000000000000000000000000000000000000000000000000
101110110100000111101110110010010010000000000000000000000000000000000000000000000000000000000000
011011100011011110000010000010100101000000000000000000000000000000000000000000000000000000000000
101011111100101010101011111001000011000000000000000000000000000000000000000000000000000000000000
001100111001110001110100101100100111000000000000000000000000000000000000000000000000000000000000
011100100100011000111101111111101001000000000000000000000000000000000000000000000000000000000000
100011010000010100110000000101111001000000000000000000000000000000000000000000000000000000000000
010110111101011010110110101111011010000000000000000000000000000000000000000000000000000000000000
001011101111000100110110101001011011000000000000000000000000000000000000000000000000000000000000
111010111011001000000011111100001101000000000000000000000000000000000000000000000000000000000000
100010010010100110100000110100000001000000000000000000000000000000000000000000000000000000000000
100101010001000111110011111111001111000000000000000000000000000000000000000000000000000000000000
100011001011001101101010101110111000000000000000000000000000000000000000000000000000000000000000
111000011000001100101011000100110011000000000000000000000000000000000000000000000000000000000000
111001000100011100111000001000111111000000000000000000000000000000000000000000000000000000000000
000010001001010110110100101010101000000000000000000000000000000000000000000000000000000000000000
101001000111000110010000001110000011000000000000000000000000000000000000000000000000000000000000
101001010111101110111000001111011111000000000000000000000000000000000000000000000000000000000000
110100100000110101110101001101101011000000000000000000000000000000000000000000000000000000000000
001001111111100011011011111010101101000000000000000000000000000000000000000000000000000000000000
010000011001000011000001010110001100000000000000000000000000000000000000000000000000000000000000
110011111000011100000010011101111111000000000000000000000000000000000000000000000000000000000000
011010101111101110101110000001111110000000000000000000000000000000000000000000000000000000000000
100010010111100001000100111110101101000000000000000000000000000000000000000000000000000000000000
011101111111010101000010000001010010000000000000000000000000000000000000000000000000000000000000
110001101000101010010001110101000110000000000000000000000000000000000000000000000000000000000000
001011111100101101101100111101010110000000000000000000000000000000000000000000000000000000000000
010001010001110000100000000000010001000000000000000000000000000000000000000000000000000000000000
010111010011001110011110101110011101000000000000000000000000000000000000000000000000000000000000
000100001010001110110100001101011010000000000000000000000000000000000000000000000000000000000000
101100000101011110001110000000000000000000000000000000000000000000000000000000000000000000000000
000000111100110100111100010110011100000000000000000000000000000000000000000000000000000000000000
100110101011100010001101001111011101000000000000000000000000000000000000000000000000000000000000
111011000111001111011010001111110110000000000000000000000000000000000000000000000000000000000000
001100010010011001010101001111100011000000000000000000000000000000000000000000000000000000000000
011111010110111011110111011010110001000000000000000000000000000000000000000000000000000000000000
011010011011000100000010111010010101000000000000000000000000000000000000000000000000000000000000
001111000000100100100010100001101000000000000000000000000000000000000000000000000000000000000000
011101011111010010111001110001110110000000000000000000000000000000000000000000000000000000000000
101100011110101100110110100011110010000000000000000000000000000000000000000000000000000000000000
001100110010110100000111111101011110000000000000000000000000000000000000000000000000000000000000
011001100100010011011011111010011001000000000000000000000000000000000000000000000000000000000000
101010011110011010110001100001011000000000000000000000000000000000000000000000000000000000000000
100100010011110010010100010100110000000000000000000000000000000000000000000000000000000000000000
001111000010000011111011000101100111000000000000000000000000000000000000000000000000000000000000
111100100000010110011010111111001001000000000000000000000000000000000000000000000000000000000000
010010010000001111011101010010010010000000000000000000000000000000000000000000000000000000000000
011000101111110010111100000011110000000000000000000000000000000000000000000000000000000000000000
