000000000000000000000000000000000000000000000000000000000000001010001010100011000110011101000001
000000000000000000000000000000000000000000000000000000000000000101110001001010101010110010111100
000000000000000000000000000000000000000000000000000000000000100001101111100010011010110100101001
000000000000000000000000000000000000000000000000000000000000000001111000101010101000100100001011
000000000000000000000000000000000000000000000000000000000000011101010011110110100001110101110100
000000000000000000000000000000000000000000000000000000000000111001000001001010110000011111101000
000000000000000000000000000000000000000000000000000000000000011110100001111010001011001101000000
000000000000000000000000000000000000000000000000000000000000000011100101110100001000011011010010
000000000000000000000000000000000000000000000000000000000000111011110011110000011000100101000111
000000000000000000000000000000000000000000000000000000000000101011001110100111101100111100010001
000000000000000000000000000000000000000000000000000000000000001000010001110010111010001000101110
000000000000000000000000000000000000000000000000000000000000100001101101110111101000011101110100
000000000000000000000000000000000000000000000000000000000000111100100010000110111010101000110111
000000000000000000000000000000000000000000000000000000000000101110100010101100000110111011101100
000000000000000000000000000000000000000000000000000000000000101111001111001001101001010110011001
000000000000000000000000000000000000000000000000000000000000110001110110110101000101101000110010
000000000000000000000000000000000000000000000000000000000000100011011100100010000110001010010001
000000000000000000000000000000000000000000000000000000000000010111000101000011100101010000010101
000000000000000000000000000000000000000000000000000000000000011000101010010001110011100111111001
000000000000000000000000000000000000000000000000000000000000001101100001001000001010010010100111
000000000000000000000000000000000000000000000000000000000000101111011011111110001010101011110011
000000000000000000000000000000000000000000000000000000000000100111110111111011100011100000011111
000000000000000000000000000000000000000000000000000000000000001101101010011111100010010100010100
000000000000000000000000000000000000000000000000000000000000001111000011000101000000101101110011
000000000000000000000000000000000000000000000000000000000000111010110100111010101011000001100000
000000000000000000000000000000000000000000000000000000000000010011000010100100010111010111111011
000000000000000000000000000000000000000000000000000000000000010110110100011000011010010101100100
000000000000000000000000000000000000000000000000000000000000011010010000001111000111011111111110
000000000000000000000000000000000000000000000000000000000000000001001101111110000101101010101100
000000000000000000000000000000000000000000000000000000000000001111101010001011010001010110010110
000000000000000000000000000000000000000000000000000000000000110101011010010111101110111011010111
000000000000000000000000000000000000000000000000000000000000100111101010000011001101011110111101
000000000000000000000000000000000000000000000000000000000000110111000101011110101111011101100000
000000000000000000000000000000000000000000000000000000000000000101011011000010110100000100010111
000000000000000000000000000000000000000000000000000000000000001001010110001101101101111000100011
000000000000000000000000000000000000000000000000000000000000100011100011011110000000011101101000
000000000000000000000000000000000000000000000000000000000000001011011001111111011100001000010100
000000000000000000000000000000000000000000000000000000000000011101111000011000000011101110111011
000000000000000000000000000000000000000000000000000000000000000010101000110011010111101101101000
000000000000000000000000000000000000000000000000000000000000101110101011100111100011100111001010
000000000000000000000000000000000000000000000000000000000000100000110101101011011110110010010111
000000000000000000000000000000000000000000000000000000000000001101110010010001000010000011011000
000000000000000000000000000000000000000000000000000000000000101111010000111010001111011111101100
000000000000000000000000000000000000000000000000000000000000101111110010010100000101001100101101
000000000000000000000000000000000000000000000000000000000000011010000110011000001100101100010101
000000000000000000000000000000000000000000000000000000000000001111100010111110011110101001011111
000000000000000000000000000000000000000000000000000000000000001110000100010010011111011001001110
000000000000000000000000000000000000000000000000000000000000100010111110100111100000110111011101
000000000000000000000000000000000000000000000000000000000000011011101110100011101111001111100100
000000000000000000000000000000000000000000000000000000000000101110000101000001001110001100010001
000000000000000000000000000000000000000000000000000000000000010010111001011110010111010011011010
000000000000000000000000000000000000000000000000000000000000110000001110111111100111010001000100
000000000000000000000000000000000000000000000000000000000000011001111100000011111011100010101100
000000000000000000000000000000000000000000000000000000000000100000001011000100100011001011101010
000000000000000000000000000000000000000000000000000000000000101001000010111111000001110101010001
000000000000000000000000000000000000000000000000000000000000011101011111011010000010001011110101
000000000000000000000000000000000000000000000000000000000000111101010011010001000011000001010110
000000000000000000000000000000000000000000000000000000000000001001010111110011010010111100001111
000000000000000000000000000000000000000000000000000000000000100100000101110100100110111100101110
000000000000000000000000000000000000000000000000000000000000001000011000001110100001001111001011
000000000000000000000000000000000000000000000000000000000000110101010111101001000110010000001101
000000000000000000000000000000000000000000000000000000000000010101110000101111110111110101100010
000000000000000000000000000000000000000000000000000000000000011100011010010011001000100001011101
000000000000000000000000000000000000000000000000000000000000111001001100010011111011100100111011
000000000000000000000000000000000000000000000000000000000000010110101001000000001100100001100100
000000000000000000000000000000000000000000000000000000000000001001111001101010110111011000110011
000000000000000000000000000000000000000000000000000000000000001000101000001010101101111101001001
000000000000000000000000000000000000000000000000000000000000101001110110101001110001111010110101
000000000000000000000000000000000000000000000000000000000000111001100100001100100011000001010001
000000000000000000000000000000000000000000000000000000000000011010111010001010110100111001001011
000000000000000000000000000000000000000000000000000000000000100001001110110101011101110111101001
000000000000000000000000000000000000000000000000000000000000010000110010011101101110110100011100
000000000000000000000000000000000000000000000000000000000000011101111011011000001111101110001101
000000000000000000000000000000000000000000000000000000000000110001100010010001010000101010010010
000000000000000000000000000000000000000000000000000000000000001111010001110001101100101001111101
000000000000000000000000000000000000000000000000000000000000101011000101001111110110101011111001
000000000000000000000000000000000000000000000000000000000000101000101001000010010110111111111100
000000000000000000000000000000000000000000000000000000000000000111101010101100110111110100100111
000000000000000000000000000000000000000000000000000000000000001000010110110010101010001111101111
000000000000000000000000000000000000000000000000000000000000100110100100011101001111101011011111
000000000000000000000000000000000000000000000000000000000000001010011010110001011101110001111111
000000000000000000000000000000000000000000000000000000000000111010000111101001110011001101110011
000000000000000000000000000000000000000000000000000000000000001000110010001111000111111100000010
000000000000000000000000000000000000000000000000000000000000010101110101100011010000111000000000
000000000000000000000000000000000000000000000000000000000000101010100111100011100100000111011000
000000000000000000000000000000000000000000000000000000000000100000110100111000101100100110000100
000000000000000000000000000000000000000000000000000000000000000010011101101111110111110110011011
000000000000000000000000000000000000000000000000000000000000111100001100110010001101011111011110
000000000000000000000000000000000000000000000000000000000000000000010110110100111111100011001111
000000000000000000000000000000000000000000000000000000000000000000011111110001000001010101110101
000000000000000000000000000000000000000000000000000000000000011100001101000000000001101100111001
000000000000000000000000000000000000000000000000000000000000110111111111100111101100110101110001
000000000000000000000000000000000000000000000000000000000000010111010011111101000100010010001010
000000000000000000000000000000000000000000000000000000000000011011010110101100101011001110111001
000000000000000000000000000000000000000000000000000000000000001100011000101110010011111111010110
000000000000000000000000000000000000000000000000000000000000011101010001001100011001010101110000
000000000000000000000000000000000000000000000000000000000000010011110010100111000001000001001110
000000000000000000000000000000000000000000000000000000000000100001010100110100111010101011100101
000000000000000000000000000000000000000000000000000000000000100001110111010110100011110010000101
000000000000000000000000000000000000000000000000000000000000001011101111101100011010110101100111
