000000000000000000000000000000000000000000000000000000000000110100100101000000000110000011110000
000000000000000000000000000000000000000000000000000000000000111001001110001110101010000100000101
000000000000000000000000000000000000000000000000000000000000111000110101000100100101011100101001
000000000000000000000000000000000000000000000000000000000000110000100100101111101001110010001111
000000000000000000000000000000000000000000000000000000000000011000011111111110001010011000011101
000000000000000000000000000000000000000000000000000000000000101000011011000011111010000001111101
000000000000000000000000000000000000000000000000000000000000101111101000110000001001100010110100
000000000000000000000000000000000000000000000000000000000000110010110001001001101011001001001100
000000000000000000000000000000000000000000000000000000000000101110001001010101011001010001000101
000000000000000000000000000000000000000000000000000000000000010011101010111100111110111110010011
000000000000000000000000000000000000000000000000000000000000110010101111101001110010100011001101
000000000000000000000000000000000000000000000000000000000000101111100000101111000101011001111000
000000000000000000000000000000000000000000000000000000000000111101011010100011000100010101000011
000000000000000000000000000000000000000000000000000000000000011000010000100110111000110000100101
000000000000000000000000000000000000000000000000000000000000101111011111011001101001001100101101
000000000000000000000000000000000000000000000000000000000000011011011010100110101011101010111010
000000000000000000000000000000000000000000000000000000000000100111010000100101011011110111001010
000000000000000000000000000000000000000000000000000000000000101110010100000101001100000010111101
000000000000000000000000000000000000000000000000000000000000010110110100101101101100001101011111
000000000000000000000000000000000000000000000000000000000000111110101010111111100011001111111110
000000000000000000000000000000000000000000000000000000000000111001010111101100110001001101011110
000000000000000000000000000000000000000000000000000000000000110101011001010100001010001011101001
000000000000000000000000000000000000000000000000000000000000001010101000101000110101101010010011
000000000000000000000000000000000000000000000000000000000000110100010101110111010110110010101001
000000000000000000000000000000000000000000000000000000000000010010100110111101101011111111000100
000000000000000000000000000000000000000000000000000000000000111011011011111110101100000101110110
000000000000000000000000000000000000000000000000000000000000100110100010000010101111000010111001
000000000000000000000000000000000000000000000000000000000000100011010011001111010111001011111011
000000000000000000000000000000000000000000000000000000000000100110010011111111000110100011000001
000000000000000000000000000000000000000000000000000000000000111011001101011001101111110001011110
000000000000000000000000000000000000000000000000000000000000110011110110110011001110010100011010
000000000000000000000000000000000000000000000000000000000000100000011111011000100000101000010000
000000000000000000000000000000000000000000000000000000000000110001101000101101101100000100011111
000000000000000000000000000000000000000000000000000000000000000010101000110001000000010000110011
000000000000000000000000000000000000000000000000000000000000111110010000011111010100010010001111
000000000000000000000000000000000000000000000000000000000000011010001011110101010010000001110001
000000000000000000000000000000000000000000000000000000000000100000000101101101011011001111011001
000000000000000000000000000000000000000000000000000000000000110000111100000000101110110001010000
000000000000000000000000000000000000000000000000000000000000010011010101100100001111011010110110
000000000000000000000000000000000000000000000000000000000000111011111101010000111001000001110000
000000000000000000000000000000000000000000000000000000000000000001100101011110110111110001110011
000000000000000000000000000000000000000000000000000000000000000010001000011111000101001100011001
000000000000000000000000000000000000000000000000000000000000110001111010101011010110101100011111
000000000000000000000000000000000000000000000000000000000000001100010000100111010000111100010010
000000000000000000000000000000000000000000000000000000000000000110010010111000010110110001011110
000000000000000000000000000000000000000000000000000000000000010111100001111010000010011100100011
000000000000000000000000000000000000000000000000000000000000111111110100100010011101011011110001
000000000000000000000000000000000000000000000000000000000000011011001101001100110100101111010100
000000000000000000000000000000000000000000000000000000000000100111001100110000001010010010100001
000000000000000000000000000000000000000000000000000000000000010110110111010111110100100001100001
000000000000000000000000000000000000000000000000000000000000000001101111101110011110111001000101
000000000000000000000000000000000000000000000000000000000000101101100110000011010011100101111100
000000000000000000000000000000000000000000000000000000000000110011011100001101110011000000001010
000000000000000000000000000000000000000000000000000000000000100000010111111101010101010011110111
000000000000000000000000000000000000000000000000000000000000101001111001000001100001100000010010
000000000000000000000000000000000000000000000000000000000000110001111011101101111111010110111011
000000000000000000000000000000000000000000000000000000000000001010100001100010010111111111000000
000000000000000000000000000000000000000000000000000000000000000111111110110111000101001000110001
000000000000000000000000000000000000000000000000000000000000010101101111110100101100110000110000
000000000000000000000000000000000000000000000000000000000000111001100011000010110101111011101110
000000000000000000000000000000000000000000000000000000000000001000011101011100101110110100100111
000000000000000000000000000000000000000000000000000000000000010011010001100111001000100011001101
000000000000000000000000000000000000000000000000000000000000001100001101111001011010101111111001
000000000000000000000000000000000000000000000000000000000000011110001100111000100010101011111011
000000000000000000000000000000000000000000000000000000000000010011100010010101111001010100011001
000000000000000000000000000000000000000000000000000000000000001101011101000111100110110111100111
000000000000000000000000000000000000000000000000000000000000111110001101111101001100111011100111
000000000000000000000000000000000000000000000000000000000000001110001010111010100101110110000000
000000000000000000000000000000000000000000000000000000000000010001010110111100000010011100111001
000000000000000000000000000000000000000000000000000000000000110111101110111000110010001011100110
000000000000000000000000000000000000000000000000000000000000001100011011100010011001011001010011
000000000000000000000000000000000000000000000000000000000000001100110001010000000011101000111010
000000000000000000000000000000000000000000000000000000000000111010000111111100110110011010011110
000000000000000000000000000000000000000000000000000000000000110111001100010100001101011000010010
000000000000000000000000000000000000000000000000000000000000110001000110110101000110001010011010
000000000000000000000000000000000000000000000000000000000000000100110110111101011101011100011100
000000000000000000000000000000000000000000000000000000000000011000001110010101011111000011000111
000000000000000000000000000000000000000000000000000000000000000010101101011000010010111000000011
000000000000000000000000000000000000000000000000000000000000010011111000101000111001100011100100
000000000000000000000000000000000000000000000000000000000000001010001101100011110100000100001101
000000000000000000000000000000000000000000000000000000000000001010111111001000001010111010011000
000000000000000000000000000000000000000000000000000000000000010001100001011100011011001100100101
000000000000000000000000000000000000000000000000000000000000100111010110010100111010101000011101
000000000000000000000000000000000000000000000000000000000000101011110100101111010001011110011011
000000000000000000000000000000000000000000000000000000000000000010100011110100101110110011101110
000000000000000000000000000000000000000000000000000000000000111101010001001111011111001110001100
000000000000000000000000000000000000000000000000000000000000011001000111001101011000110001100000
000000000000000000000000000000000000000000000000000000000000101111111100001001010110101011000000
000000000000000000000000000000000000000000000000000000000000011111001101101110011011100110111110
000000000000000000000000000000000000000000000000000000000000000000000100010000111010011000111011
000000000000000000000000000000000000000000000000000000000000010000010001110100000101011010001000
000000000000000000000000000000000000000000000000000000000000101100000010101101001000100001011110
000000000000000000000000000000000000000000000000000000000000011110110100000001011001011110110010
000000000000000000000000000000000000000000000000000000000000011011000011010000011010111011100101
000000000000000000000000000000000000000000000000000000000000001101110111100001110011011101100101
000000000000000000000000000000000000000000000000000000000000011111010111110111100101100010010010
000000000000000000000000000000000000000000000000000000000000010000101111110000011010001000110111
000000000000000000000000000000000000000000000000000000000000010100101101000101100110000101110101
000000000000000000000000000000000000000000000000000000000000010011011011001100000111110111100001
000000000000000000000000000000000000000000000000000000000000100011100101000110100101000110111011
