000000000000000000000000000000000000000000000000000000000000001010101111100010110010000111011111
000000000000000000000000000000000000000000000000000000000000011000110110000100010110101001011101
000000000000000000000000000000000000000000000000000000000000111111110110000011100111011010110001
000000000000000000000000000000000000000000000000000000000000001111110101000100101101100010101011
000000000000000000000000000000000000000000000000000000000000010111000010110001001101001010111100
000000000000000000000000000000000000000000000000000000000000011000110111001000001100111110011010
000000000000000000000000000000000000000000000000000000000000010001000110110000111011000001100001
000000000000000000000000000000000000000000000000000000000000100011101011101010011000100001011101
000000000000000000000000000000000000000000000000000000000000010111111011000100011001011101000100
000000000000000000000000000000000000000000000000000000000000100010000000000100101000100011101110
000000000000000000000000000000000000000000000000000000000000000000011011101110110001001001111111
000000000000000000000000000000000000000000000000000000000000001000111110111110011111101100001100
000000000000000000000000000000000000000000000000000000000000110011110101110011000011110111100111
000000000000000000000000000000000000000000000000000000000000111100001000100010000010111000011101
000000000000000000000000000000000000000000000000000000000000000100110000011100010001011010010111
000000000000000000000000000000000000000000000000000000000000011011111001000010010010100110011000
000000000000000000000000000000000000000000000000000000000000100011110111100110101000010000111111
000000000000000000000000000000000000000000000000000000000000100111110101111100100111001100001010
000000000000000000000000000000000000000000000000000000000000100111001011000010111111110111001011
000000000000000000000000000000000000000000000000000000000000000110100101010000000011100100001101
000000000000000000000000000000000000000000000000000000000000000000100000000010100001001111011111
000000000000000000000000000000000000000000000000000000000000101000001010001101011000011011000110
000000000000000000000000000000000000000000000000000000000000110000111001000010000111101100001000
000000000000000000000000000000000000000000000000000000000000100100011001101111101101000100100010
000000000000000000000000000000000000000000000000000000000000011011001111100101110111100110100101
000000000000000000000000000000000000000000000000000000000000000110100000110111001001100010101110
000000000000000000000000000000000000000000000000000000000000111010101101000010000111110011011101
000000000000000000000000000000000000000000000000000000000000001000010001010000011101111000010000
000000000000000000000000000000000000000000000000000000000000111010011111111110010000110101101111
000000000000000000000000000000000000000000000000000000000000011111011110010100110010000110011111
000000000000000000000000000000000000000000000000000000000000011111110100011101101010000001011010
000000000000000000000000000000000000000000000000000000000000101010010101011101001011010101001010
000000000000000000000000000000000000000000000000000000000000100111100000100111110101110011100111
000000000000000000000000000000000000000000000000000000000000110110000111100011110011010001011011
000000000000000000000000000000000000000000000000000000000000110111111100001011011010000111010110
000000000000000000000000000000000000000000000000000000000000111101101000110111111000010111011000
000000000000000000000000000000000000000000000000000000000000000101011001111111101001000000011101
000000000000000000000000000000000000000000000000000000000000111110100000110110001110111110100001
000000000000000000000000000000000000000000000000000000000000100100100111110000101111111111110111
000000000000000000000000000000000000000000000000000000000000000011110100111110011110110011100111
000000000000000000000000000000000000000000000000000000000000110110011110010110110110111100111011
000000000000000000000000000000000000000000000000000000000000010010100110011001010000101100000001
000000000000000000000000000000000000000000000000000000000000111111001010101100000001011101001010
000000000000000000000000000000000000000000000000000000000000100001111100111110110100111011111101
000000000000000000000000000000000000000000000000000000000000010111110011100100011101000010010001
000000000000000000000000000000000000000000000000000000000000101011111110010110001011001000101011
000000000000000000000000000000000000000000000000000000000000010111011001110101110000110000110111
000000000000000000000000000000000000000000000000000000000000100111000101111000100010010011011010
000000000000000000000000000000000000000000000000000000000000111000001001111100110110110101000100
000000000000000000000000000000000000000000000000000000000000111011110011011001010101111001011001
000000000000000000000000000000000000000000000000000000000000011010100001111001001101011010000111
000000000000000000000000000000000000000000000000000000000000111101011111011010000011010110111000
000000000000000000000000000000000000000000000000000000000000100110110111110111010001110010010011
000000000000000000000000000000000000000000000000000000000000111110111110101010111011111001111001
000000000000000000000000000000000000000000000000000000000000100110101010010001000010100010000101
000000000000000000000000000000000000000000000000000000000000001011010110010000010001111000101100
000000000000000000000000000000000000000000000000000000000000111100010001000101001010100101010110
000000000000000000000000000000000000000000000000000000000000000100000110000110001001011010000110
000000000000000000000000000000000000000000000000000000000000111100101110011111001001001001001001
000000000000000000000000000000000000000000000000000000000000010011110100000111110011010010011111
000000000000000000000000000000000000000000000000000000000000000001011100101111111011111011001001
000000000000000000000000000000000000000000000000000000000000100101000101000000101000100000101100
000000000000000000000000000000000000000000000000000000000000110101111010010001100111010111101011
000000000000000000000000000000000000000000000000000000000000010110010100001011011101001000101111
000000000000000000000000000000000000000000000000000000000000100011110100011110011000110000010101
000000000000000000000000000000000000000000000000000000000000111000010010011011111110101001100010
000000000000000000000000000000000000000000000000000000000000001000001011000011010101100011001010
000000000000000000000000000000000000000000000000000000000000010010100011000111110011000011110001
000000000000000000000000000000000000000000000000000000000000001010111000111011100110010001101001
000000000000000000000000000000000000000000000000000000000000110000010110100110111001100001100110
000000000000000000000000000000000000000000000000000000000000001100001100101000010010100011001000
000000000000000000000000000000000000000000000000000000000000110100110100010011110110011100001000
000000000000000000000000000000000000000000000000000000000000000111111101000101000001101111011100
000000000000000000000000000000000000000000000000000000000000101010110110111101111010001000100000
000000000000000000000000000000000000000000000000000000000000001110100110010110110100011010011111
000000000000000000000000000000000000000000000000000000000000101001110101110001100010111000110100
000000000000000000000000000000000000000000000000000000000000011000001110011110001010000110111011
000000000000000000000000000000000000000000000000000000000000100010001011011100110011010011000101
000000000000000000000000000000000000000000000000000000000000010100101000111001000011011000011001
000000000000000000000000000000000000000000000000000000000000011110000100110100101101011100000110
000000000000000000000000000000000000000000000000000000000000110000101011101010110000001111101011
000000000000000000000000000000000000000000000000000000000000110100100111001101101001111000011001
000000000000000000000000000000000000000000000000000000000000111111001110100110001011010001010000
000000000000000000000000000000000000000000000000000000000000111000011011011010010111000100100000
000000000000000000000000000000000000000000000000000000000000001101001110111000111001010011010111
000000000000000000000000000000000000000000000000000000000000001101010101101001101000100011110011
000000000000000000000000000000000000000000000000000000000000000101011100101110001011011111111101
000000000000000000000000000000000000000000000000000000000000010111001011100011001000001100001100
000000000000000000000000000000000000000000000000000000000000011101000110001001010111000000111101
000000000000000000000000000000000000000000000000000000000000001101010101000110110100101000111011
000000000000000000000000000000000000000000000000000000000000100101110001010100110010011110010100
000000000000000000000000000000000000000000000000000000000000100101010111011010111010000110110100
000000000000000000000000000000000000000000000000000000000000101101100000011011100100101111101001
000000000000000000000000000000000000000000000000000000000000100000101110001011110101011011011111
000000000000000000000000000000000000000000000000000000000000101101111010010111100101000110111100
000000000000000000000000000000000000000000000000000000000000000111010100101011001011101100110110
000000000000000000000000000000000000000000000000000000000000011110101111101110000001111010111110
000000000000000000000000000000000000000000000000000000000000011001010110101101101001010100111101
000000000000000000000000000000000000000000000000000000000000101110110111100000001101000011011011
000000000000000000000000000000000000000000000000000000000000111101100110011001111000100101110101
