100011100001100101011011110100101001000011001110100101001101111001001011101000011100001010111100
011101101111111110111100101000001010110100110001100001101100010100110010010000111001110101010000
101100110101110101000101011000100010001110000100111010000001000111011010011001110101001001110101
100101001001111011011111010011100110010000101100010000101100101001001001101100010001101111000000
110010101010111111001110100100000110101000110110111010111001001111011100111110010011011100000110
100011101101010111010011011100100101011100110000001100011011001000100001111000111110001100001101
100010110110010001011100001110110111011110111011101001000110001011011011010111111100011001001110
111111101110111100101100110111001001100011000110111000001100110100100110001000110101000011010001
001101010100010100101100101011001011011111100000001000001100111010110111000110100110011000000100
101001111110101110111011100100010001110001000010001100000100100110100111010010101101100010101011
110101011000111110101011111000111001111001010010101101000010101001110110110101001100101001110101
111011110110111111111011001101000011000111001011111100111100110000111000001000111010110000000000
111011111100000111011010101101110000101001100000001000111101001111101000101011001101001111101011
100010010001011000110011110100101000110111101011101100100100010110001100101100100011110000110011
001001010001001101011110101101010001000001001001010101111110010001111111110010101001100111101101
100100101010011010010110101110001010000100011100110101101101111100100111111000000100001010001101
101011010111101010001001011010101100011011010100010110001111101100000101100111101100101101011111
001111010000000111100000010101111110011111100100011001011011001000010100101011001010111110011101
011110011100010101101001100011000010101010101100001100101001000000110100010110110010101000001000
011110111101101100011100100100101100101110011010001101010001100011101001101010110110010001100110
010000101000101111010000001010100000001000100110100100101010110111111110101001111101001101110001
101001100110010000000100110110010101101110111011110001110110111011110101001111001100100101010110
000111100100000101100001111001110101011000001101110110001110110110110010010101001101001001101011
011011100101100110010000001111011001111101111001010100000010011100110011110111001011101111011100
010011011001001111010001000110110010001110000010010101000111101111101001101011010110101001001110
001010001110101110011001101101010110111101010100110001101110110100010000110000100011000010111010
000010010110010100101111001000110000000101101110101011011010111001011010110111010110110100000111
100101000000111001011111001111111000010011100100010000100100000110011111010101011010100001110100
100010011001101111110100001011010101100000000000011100001010100011101101011111001101000010010111
000001000001101110101010010010111001010000011100010001111111100011110110110010111001001010001100
010111011000100000010111101111111000100010111100010100101011000001001111010011011110101100100101
101110101000110110011011000011101100101101011001111111100010000010110101101101100111001011000001
000100110110101010110011110110010001111110110000001000001111110010000010110111100000000111110000
001001011110100001011110011101001100000110111010001001001111100101100111100010110011010001111111
001100010011011000000001000011101111100011000100001010101101111101001000010011001101000100111001
111100111100101011100110011110011101111100110101001000001101010010100100101100011100100010001100
101111101000000010010000000011100000101100001011011001100100000111101011010111101010110111100001
110101101110111001101000011011101100110111010110000010111000000011000111110010011001100011011000
101110111010100010101011011011001001011001101110010110010111110101100100101101011111000001001010
001000111011111101111110010010100101000101110110101010111001010100100100001011011001000000110000
111011100110111000111001100000001010001110111110101101111010010000000111100001000011100000110100
110110011011010101001011011011110111110101101110000111000100010110011010111101001100111101001010
000111100010100001001100111111010110001000111110100001011010100010100000000100110101011001011001
100100011100001001101111110010100001100111110101001010110111111101111110100011101011110001000001
101000100101010111000001000111000011010000010100111110101000111110010100010001000100110001010000
100100000101101100111010000010001110010011111110000010001000000111101100111110010001010111000011
101011110100011011001010010111001001110000001110110110000111100000100111001111100000001100100011
010001101010101011100100111011100011101010101110100101001001111101110111011010001001100011000000
101100111101010110101001011011010100010001100001111001011101111000001111110011110111011101010001
010101111011011010100001110011000001000100101100110101100100100001010000001110001101110100011010
000000010010110100100001000101001100110101000110111001101010110001010000001100000100001111100101
010110101000011011110101000010100110010000111010010100111100011010110001100011100111000001111100
110101111011011010010111101111111010001100110100101101000011010011010111111001010100111110100110
010111101001101001101001111010010011011101000011111001000100110101111111100011011110010111100101
011000110101110111000001110010001001001000110010100100000111011110101110010001100110011000110001
100010010100101010100111010001100111100101001110100010110010000000011011011110001001000100000111
110110000001110001011010000111111110101010100110011100100111101100101110000111100110101100011001
010011100101101001011110010110010111110011101100010111000001011010001010101111111111101110101101
010101101101100011000110111010000101100101011110110111010011111000110111101011111110110111110101
001011110111101000111011101101010001111011010110001100101111110011111100111000100100100101110100
000010010110100010001111111010000100000111010111100111010001001100101001001111000011001101011111
011110111100011011001010110100010111001000011010011101110101000011011010110011101101010101010000
010110100000000000110011100110111101100110111111000010010101101101100110110011111101111010010011
001010111111000001100110110100000101001000001000101111011011111110010001010111111001100101101110
111011100100110111100010000100110110010111000111110100111111011000111001011010010001011011111010
111101000011000000100000000000010111110110000111100000000000111011001111001110100010101001110100
000100100101100010111111100110111001011111101110111000011101001110000110011100110110110100111001
010000110010101101010100011100101100101110100100011101010100111110000011011000101111001101100011
101011110100110001111111001000111000100101011011110110010101011011110011101101010010011111010011
111111000101110101110101010110101111110101101111101100011010101001111010110111110011000110100101
010010101010010110000011101110000000000101001000011011110100111010010100000010010011001111000010
101011000001101010000000011010100010100101001110100001000101110000110111111001101110011010101000
100111000001110011000000101110000100101010100001010001000101000000110000001100100010100001111001
111100101110110001101000000101011000001101111101100100110100010101000101010100011001101001110000
010111011001110101100011111111101010101010101000001010001101001111100010011110011011010010000111
011011111000010010001001110010110101001011100110100110000000101011011111001010110100000101000010
110100000001010000000000010000011100111111010011101111001001001011110111110111101001101011100110
110000110111101010001101100001010111111111101101100100000000000011001110011100111101001010100001
000110111100111111101001101101010100111110101110010010110001000101101101010101010011001001100101
011000101011001010010100001010010011010111010011111111001100000100101101101101011101101000011100
111111110011101110111011111010010101101010100001001001000100011001100001010000000101000000000000
110000011001100100100100010111011000000111110010110101011001110111111110011000001100000000011010
100110000011111011100110101110001110000010010101001110111000101000001000110111010000010110000011
101111001011100110011010111011011110000001000100001000101001101100110101110110010010010100010010
111110001000110100011101110001010000011000101001011010001011110101111110101010110011010000010000
101000010111010011000111110000011110110001111101011111011110000111100100010011101001110010100110
100110001100111010101101001101100100101100000000101111000111011001011101101101000111101100100001
001000011111100010001101100100001111110001110111000111010101110000111101010101111111111011110010
010100011011011000111001111101111111111100001001010101001011110100010011001011101010000010100111
011011110101000010110010010001111001101100110011000100101010101001100000100011011001010101101001
101110110110110110011000111001001010011101111101010011100001100011010000101000001111001110011100
000100111010000111001111110011011001101010001100010110101100010000100011100101000111001001001011
110000010111001110101111100000010011100100101111110101001000100001000001010110110001011101010011
101001010010000111010111011001011101111110000101110001010100000111101010000001100100000101000000
001011110011011101101011110100000000001001011110010010101111110011101001111101011000000110011000
110110111101010000000011001111011100101011001010011111010101101011001101000011101111100011001011
100000101111100110110010011100100110101111111000010001001000011011000001010101101000100101001000
100010000010100111001111100011011111111010011110001010011010111100010000100110000010100101101000
110010001011000101100111110000010100001100000011001111111001101100100001000001010100100011111000
110011111100111100110111110111001100111010100100100000010001111101000011110011101001011001000111
100100001011011010111010010110100010100110101110100100100100111011010101110100011101001001010111
101011110101111111001000110010100100101110001001110011010011000010101101101010100100010010100111
100111100100110101110001001110110011011110010111111111000010101111001000010000010010001110001101
011111100100100110000100111111110101101011111011101100111011111011110110001111001101111011110011
001101001100010100110011111010001010110101010100111100111011010000110101001110011001000000101110
111111110110010101111010001000110111001001000111001001101110110011101011111110101001100010000111
100110001100110011010111000100010100100110001000011000010110100010100110111011011100001101110100
011011010011011100111111001001101100100001010010000000000100010110010011001100011010001001111110
010010011110101010010111000000011110000101111101110011100001110100110001010001100111111100001010
001111111010111011010000101111010000011001110010010001101101001010101111001001011101001111011110
010000100111110101111111001110010000110111100010101010011001111000011111110110100110010011101100
011111000111010111000101110100100000000010100010100001101111000011110111111000101110111010101101
011100010001110010111011101110111010101010011100011101010101111010111011111111010011010100001110
010100101111101110011100101110111100010100001011000101101101101000000101111100001010010010011111
010000010101101101101111001100111110001101101011001110100000100101011111001101101001011101011100
001110011101000001110111000110011100111111110111001100110000101011110000001100010100000001010110
100001010011011101100010011001010000000001000000000100011100100111001010000110101011000011010110
100011000110001010011110110000011000000101110001111111110000001000100010000110000100110101001100
001011100010111111010011100100101111010111001001110111010111101001010010011010001011100001101110
000110110001000010101111101011110001101001100000100001011001010101110010100110001101001011110000
101011001110010101101011011000001000001101101010110110110110000110100111111000100000100001111100
111110010101000101110110001101010011101110101000101010111101110110101000100110000100010000001110
010001110010100001011001001011011011011100111001011110000000100011011100101010100010001100110100
010101001011011101101110100111111011001100111111111011101100101100010000111100011100001000000100
101001111100100101100111010110110111010000001001000100110100111010001110000110111010110000011111
001011011101111011000101100000001110110100010000000100001100010011001011001101111011101111111111
000110111101101110111111011011110111100001111001110011000001010011101000101011011000110011000001
000010000011101000101111111101111110101110111011010001011000001110111111001001010011100110110011
000101010000011001010011100111100100111101111101101000001001010011010001101010011110100101110111
011011000110111000001010110011101101011101011011000100100011111110000110011011110000100001001001
101011100010000100010100111000101110101111100100000001001111011111001110000010010110010110000110
010011110001000011011001100001110111001101100011101000101111101011101100010101000001011011101100
110110010100111101011111000101100111001011011001101010100100010000000100001100000110001000000100
100000011000100101110101101000010101100010001010000100011010100000000001111110000010101000001011
010001111101101010011111101011010010000100101000101000101010100100010100100101000001110111110000
101110100110110100001111111011011000110100110110100010000110001011110100000111011011100000001101
010010100001101001011101101100010011100000001000011111111010000001111010110000010111101011001000
101100100110111000100010001100001010011101101010001000110101100111110100110001010001001011101111
110000111101011111100101011111001100111001011100101011111100000101010010100010010010110111010110
110000100000010001111100110101011110111001000101000000100100101000000101010011011011100000011000
010101011000110100000101101010010000110000111011111010101100001101011010100000000101101000110000
100000111001110000111101110011001101010010100101111000111100101001000100101101110001111110010000
110010000100110101001111001010100101001010011011101010100011111100011100110000011010100100100111
011100000101100111100001100010101111011110110000100100010100110000011101111011111000111000100110
011001101111110110110111100010111100010000001101100100110111101001010111111010010110000000000001
100110111001110110110011000001010000110000000001110010010110000100000110101000100100101010001001
100111110101010110011011101110000110010111110110010000101010100100011010101010111001111100010010
000110111100111110101001100011001110000010110101101010000101110011010011101000000001011101011001
000000001010100111001100100110110001010101100110111101001000100111110000011010111000111100011011
010110110110000110100010111001110010001111110111011011100011000011010100001110100101001111000100
000101101110011111100010001111011110111110100111001101010010001010000010110010101101101000011110
001000011101101110111001101000010110011101100011000001011001110110101011100011101011011001000000
111110000001001010010011101101110111001000011110000001101011110101100000100111010110101100101100
100111111101000100110010010110100110110111010100110110010100000101000100000011000011011010001110
010110100011100110111010000111100010111011111001001000111110011000110110101110100010011010111000
111000101001111110001111101001110101100100000010111111000011100010000000000101111010011000101101
110001011010110000010100110111011011000010111010100101111011010001000101011011011100000110000011
010011000011000011100010101111100010110010110000100111101100100100101100011001100001110110000000
111111111101001000110011101100011101001010100100111101111011000101100110111001001000111001011001
010001001011100010010100101100010010001110011000001111001100110110000000000011110111101100011011
100001010110011110011101001010001110010011001001111110111101001100111011100100101000100000000110
010100010001000010111001001011010100010101100100100111100000001101111010110000000100111101011101
101010110111011000010011011101111110110100010111011001111100100110101111111011100100110111111001
111101111001101110011110101011110100010011101111100101101011001001011100010010110101100111011110
010010001010001110001111011001000111010001101010000101100100000101011000100111001011011001100110
011110000001011101001101101001111101011101101101101110101010111010101001101110101100011010010110
111111001100010110000101011001111111001110000101000011011100101000010101111101100101100101100100
001101000000001010101010100110111110000111101011010101100011111010101010011001111110101100011001
000000011100000011100100110100000110011101111110001100110110110100010011010101001010010011110001
000110010111110101001011000111111111101011111000000010110110011100101110110010101011011000110111
110110000000101101111101011001100100110110000000001101111101001100001110010000000011010000001000
000111010110011100000111100101101001111011111011111011100111001011100101001110101011111111010010
011010011010011111111100111011111110100001110110110011001010001010100000010100011100110111100010
111011010101101111101101100100010011001100101100101101000000000101000110100100111101100011001110
101010101111000111000110101011011110000011101000101101001101101010000101000101000111100010100000
101100011100000110101011000000011010010000100110111101010001010000100110000101100111010000100011
100101000100100101000000010011110011001100101010100101111100110011010011100001111000111001011001
010010100101110000011111101101010111010100010100011110111001010100010011001001001011011001100000
010100010100011001111101111101100000110110100000100000110011110010011100110100001001110011011010
101000011100101100100110101001000000010010000100000101000100110110000111011101010100101100011000
111011110111001010100011000000000101100001000000000000000000101010001110001001101000010100100101
111001011101011000110010110001110011110111011110111000101001111000110101000110000100001011011010
100110101010000001011010001010111011110101101011101000101011000000001110100110000101001010111000
001100111001001100110001011011001101011111010001000011001001001110011100111100001110011100011101
111101011011110001100111110110101010011100011001001111101011101000000111000110111111010011001001
100100000001110001001101101100000111000100101111011110110110111110010111111011100011110010010100
011001101000110100010000000101101010111000111000100010011000101010101001111100111010001010001001
100101011011001001101010000100010101000011010000111110010110010100000000010101001000110010111101
011010101101000001111100010110000001001100101000101010010001001111010100110001111101111010111010
011011001101011100101000011100010110010100000101010110100110000100011110101100100101100010011000
100100000110011010111110000010011000010000110111111101101101011010110001001101001101110010100000
011110110111100111111111101001000001010010011000011000100011110010111001000011111100001011010000
110110100010111110001110100001001111011111011100001001110011101100001101011010100110011111000100
100001111001001011000110011010000111111011010111101001101111100100111010101001000100001011000010
010011010010001000011101100110100000011110011100111101010111101110100111110100010101110000111110
001101101001100100011001101110010110001010101011000101101010100100111001111001001101101100001010
100011010001000101000001111001010000111101001001100010001000110001110000000111110000000001001010
111010000010001001000001010110010010101110010100000111011111000001010101001111011000101010101100
001110010000011101101101010011011011010001110011100110001110010101101000100000011011100111000000
010100100010000010011001110001111110111111001100010011001111101100111000100000000110001000100011
101101111100110110100001000101100010101111111101000101111000001111011011100011000011000100110000
101010110010111111001011001001010111111010000011001011000010000000011011111111100001110010110001
001001000110101001111101101101000100010101111000111110000011101101100110001111101101010100000000
101011111011000000111110001000010011010001000010010111110000011011011000101011000101010111000110
101010011101101110000010111110101100000110100000000101111101000100100111000110001111100101101011
011000011000110111101111100101010001011110101101100111110101010010110111011011011100011111000000
110011011110101110010100010000001110000111111000010100111011110001100110101000100101110000000011
001011001000101010111010111111110111011110110000111111101110010011001000101011101000100110001100
001010011010001011001011100011111101011001101111011001111111000001011100001101111101001011101000
001001110011101001100110010001010000101111100001011101111101010101010101100100110001101010100111
101111110100101100010010000111100111010101000011010010101011110110001001111111100010101111101110
011101000010100000000010001111010101110001001000011010010110010000010001010111011000100000110110
111000111011001111010000001110101110110001000100011111110001101011000011000011001011011011000101
010000000111100010100001000111101101000101011010000100110010011101010000111101011001100101101001
011111000001101010110111011000100111011111000010001000000110111101100010101100001100011100100001
110001010001000000110101011110101100001110001110000101000000100100101100000100010010110101100101
010111111001101000000000001010011001111111101100100100001111010000101000100011100010100110110011
010111111111101000101111111000000010001101100010001101111000101010111111001001111110100010110110
000000001101100100101111000101000011100100010011001000000101011000000101010101000010111110011001
011000010111011010101110111000000110101100110010011100111110110101001001100111111010010001000011
110111101010100001011010000101101111011100110111101010111000010101000110001011110111010000011001
101111011010001101001011101011010010110110001000000110110101111110011110000111111100001100110100
011001011011011101111010111101000111111000001001001111010010111000111001100110010110011011110001
001101001011010010100010010101010101001001001110000111110111010011110111110100010110101000010110
011011011101011000000000110001010111111011010101000100100101010111110001100010001000110101011000
101000100110010110111110000100011111111001011010011100001010010101000001111000110111011001000011
101100101111101110001111001010001101011010110100010011010010101110111110011110000111111010110101
000101011010011001011111101010111110011011100011101101100101110001111011011101100110110010101111
101110101110110010000110101111101101111110010000111110000100000001001110110101110011110101110110
110010100010011011111101110100011011011111010011111001010100111001100100011100111000000000011001
111000111001011111000111001111100001111101101101110011101000110001011101110001111100010110010100
101011000111011100010111011101101001101000100001000011111001010011010110001100000100101001100101
010111110100110101111010100101110100110011011011111100110010010001010110001101101000100000011001
100100011110001110000011010010110010101100010000100110111110100101110001000000000001000010001001
110110101010001010011100101010111100110101010100000111011111000011010110011101101100000101111101
100010000011111101101000001011011100010001101001000101001010001000011100100111101011010110001110
110111001000001000110110010101100011010000000010010111101011010000001010110011100010011000110000
001111010100000111101101000101000000101000110101101101111100000011000100101001010110111100011001
001010101010010110001001110011111001001000000111111100011000111011001111110011111000011101000010
111001110011011101001111001000111000010010011101101110101110001000111000011101101111101111110110
011100001111101001110111001100001111100100001011110100111111011001101100010000111010010001101010
110101101001110011100011100000100011011010010110111010111001011011001001111010100000001111011000
010010001011000101101101001010110000101101110011001110101101011000010010100101100001001001100100
101010000010101011011001111010011101100001110010100011000101111101011101110001111010100101110010
100100010000010110111011111111001100111110110010010010101011100101101000001001000001111101101111
011110011000110011000110001110100001101111000100001011100001101101000001011111010000111000001011
110001011111100010111010101110100100111110100111010011010011101101001110001010111000011011011010
110001110101000010010000011111100000010000001111010000011101011101101001100101001001110011011001
001011000000011001010001101101001100011111100000111000011100110000110010001100111111100000101101
010011111111011011111101001101100100010011111110011000001010010000111001100110001101100111111001
100001011101010101110001001000101101010001111110100111001101100010000101001101111011011011001010
000010001111110110000111011101100011000110101110100010010101001010010111011010010011111101101100
101110101001010100101101010110000110110011000100000011101000011001101100010010000110100010001010
100001101100010101010110011010111011110000011010111110101111111100000100100101111010001100011110
000001001000101011001111011001010011011010111111110011100111100010111001011101100000101011110110
111110011011001011101101101001011101010100111011101001000000011101111001011110100000100010101101
000110001010100000100110010111111000000001100111000000000000110000001101011111011010101111010100
110011000110100101000110010100011110011111100100001100010101110110111111011101111010000110110111
010000011101110011010111100001000010001001100000010001111000100010011111001001011011011000011100
001011011011010100110111001101110001011101010111101011110111101111111000011100000111010001110101
010110101111000001110011001011111001110100111011010001011010010011111001100101101101110101111011
010010001010110101010001101000011011001101111011110101111011011110111011100011011111010101000000
001100001100010101011110000010110100010110100010000000111110011110101000010111001001011011010001
100100101001000010100000011111101100001101100010110010011000010101110001100011011000111100111010
110111010100111100110011101010111011101001111011001011111110011010011011101011110001100011100101
001111011001100010100011110100110110110110110011110100111010110001101111001010001011111111011001
100011101101101110010001101000111001111011001011010000100000010010100100011001110100001010011100
100110101111001000111101101101110110011111010100011011001010011010001101101100010101000000100100
110111100110000001000101100001001110101110001000011000110001011111100010001100001110011001111111
111110100000111010011100000011110000000110010111111010010011110001000000001101001100010100010100
010000111010001001011100101100011010101110100111001000001110110000110110010000100110110010000110
011011110111001000010110100101001101000011100010000110001011101011111001011000001100111101010100
001100011101111001010110110011110000001100010010010001010110111001011000000100010011010000000100
101010100011011101110110110011000110101000100010101000001011101000001111001000101100011111101000
100101101111010101101010001111100000110011001101010010000000001100110101101110011110001010011110
110100000010110100100111110011100111010100011000000110000000000100100110100001111010100000100100
111001010101011101011000010101111011010110000110001100111010011000111010010001111000101011101011
110000001110101100011110100000001110100100001110111101010011000010100010101000001011100110001100
100111000110010101010000010010010110111111111001110001001111010100001011001001111101100101000011
000100111010101011001110110011011001101110110011110000101110010111110011110001001111000001101001
001001100001001010111100110111101000110000101101011101001001000111110000111101001011100011110011
100010010101101110101110100101100011010110110010100111011111111011111101111100110101011110111110
000101110001100011010010101001001101000100100101011110100101111111011000110101010110111100011011
110101010101011011100000111100000111111111011001011000111100000101001101100011100011101100001101
100001111100010111001110011111111110111010000001000111000001101010010111011000100000001101101101
011010110111100001111000100011100010001111110100010101011100100000011011110001011101100100110000
011000111111101000110110011101000011010001000101100010011100001111100101011001010011011001010010
010010010100010111111111011001101101110011111011101101000111000100011010101000010001011000110101
010011111110110100110100110110001001101101001111100100001100011010001110101011011001000100010110
011100001101101110111010011011100111111000100000011011100001001110110100100110000110001000101001
100100100111100010111100010111010111010000100000111011110010110101011101000010110000100101000100
011100010001110100001010111001111010100010111111011111111010001000110011011000101110101001001000
110101001100011101101111001110101010100001000101100110010100110001110011011100011100101011011101
001010110011100101011110101010000000101100011101111101101000111011010110010101011110001011101111
111100101001011111001110010111111100011011110001100011000000010111010110110000101001001001000110
101101101110011111010011011001101111111011110111001110000110000100111000001111010000101000000111
101001110100101111001100100010010100110110101000111110010001000001100000101110000100011001100110
010010001100111010110100010000101010111101001000110110111001110111010001010010000000111100001100
001111010011101010101011110110100001111100000000011111010101111100111011001111100010011010100011
000011010000010110000010000010000001001011001000110010011010011000110111001010000010111111000001
111001011010110011100000010111011100111101000000011011110001010010100011010100100010111000100010
110001111111010011101110110101000110100110000000100101100100001111101111111011001111000100101100
100110011010000000011110100111101111001101011110000111100000110110111100100110101101100111011111
001010001010010000100100111011101101011110110011011111111100010001010111000110000100001111000100
101111010010000010110110101001011011100010001000001010110111001011100010011010101011000000000111
111010111100011100000001000101010100011100011000111010011101000110100011100111100000101010110110
111100100110110100111101101101110011111010111010100101001111010000011001100010101011111101110101
101110011110011101111111111111111011000001101011000111100000101001100111100001111110100100101111
111101101100111111000101001111100100110111001100101001011111010101001100000111000111101100010000
110011001111010111101110001101001110001010010101111100101110100000010101001000110111101111010000
101011100010111010100000010111101100000011001101101101011011000000100100010100100101000100101101
011010101010001100001010101000001101011111000010011000101001011100101010100010010110101101101001
111000110000101110101011110011011110111110101111001000111101001110101001001010011011101100001111
011001001010110101000001011110010110110101000100011000110110111001101100010001101011010111010101
001100111101000111100000110101100001000111110111110001011000110001101011100100001101111101011010
010001000110010000111110000001011000001000010010010010110010111011100101000110101101001111111111
011101000101111101001001110000001101010001011110010001011001000010110001111001111001110011011101
000101110111011010110101001111000101001110101111111100110010111001110001101010111011000000110000
010110010000101111101111101111010101100001110101011110101011101001101110110011101111001001101111
111011101000011111111011011100110101101110000001110010000101010110101111011000111111010111011110
100001101100100111100110011001111010000111100111110001110100011001101111100100010100101110100110
110000010011111001001100011011101101010011101100110100010001111010111101010000001011110110010011
001111111110010001011000110001011010001001011111011110111000111100001010001100011011010011100111
001111011001100111011110100100010101000000000001100111011000110001011111001001100101101100100000
111011011001101001000010101111110100111110011100110101111110101011110100111000101000100010110011
011100111000001100000001100101001011001001101111001010001010010001111011110011100101011110010011
011101011011110000111110111100011111111101010000000110111111011001000000111010111111101001011010
110111011010110100110101110111111011001101111101000011111110011011110111101000011010100011011000
110000111000010100111011110100000111110000111101010001011110011001010101001011110100100011001001
111001000011100001001000011010100110111001010000001001001000001010110100000001100110110101111111
101011100110010100010011111001010110000000010101101110001001101000110001000001101001100010000001
001001000110100000100010110011110111000100010011011111011100001001101100100100010101000001100100
101011010011001000111100110100010111011000010011011011110001001001001001000000000001011001100001
011000010111000011000010111110011010101010111110111101010001001010111010001010000110000110110000
110101011010101100000010100010100100111110111110011011001001110000010000011000110010000000011010
011111001010110001010001111100001010100111101110010101111010111001100111111101110010101000000000
111001110011111010000100011000100101001101000001110100000110110111111001100001011000001111010110
011110010001100010011000010100110110011000101101010011001000001000001100101010001011111101111101
101100000010000011111101010100111010011111111100111011010100101111000010010111110001111001110110
001110010000110001110101000101010001111010000101000110111011001001111111100100010100010111101001
110101011101011100101101101010011100010101101101011001111011011001001100010101001010101011011010
001001011110101010101010100111001001110010100001111100110011000000111010011110111100001010000010
010000111110001000101100111101100111110000001101100011101011001101100110011110101101110110001110
001010010001101010111111111010011111111011110101111011000000101101001110100000101110110001111011
111101001111011010100100110100111010010110101010101100110101010000111000010000111111101001101010
000000111100010101101001001000101110010101101011010111011001000111110100110001111110110000011101
010010101000100010101110001100010111001110001011110110110001000110101110001111001100001010100110
001010001001000110000100010101101101000110011101110010100011100001001110100010101101001101001000
011011101111001100100100001100100101100000110111001110011111011000110000111001011111010111011111
001010001011011001000011110000101011011000111101101010001000101000111000101100111100111010011010
101010000110001100001100010101101111110000001010111011100100110100001100101111110111101100111001
101011101101001011111000101011011001010001010100110110100011110000000011100010111110110000111101
010110011001010010110000110101010001000010010011001011101000101101001111001010000000011111000111
011001110010010000000111011000010111100011011000110110110101000001000111011111110100000001011110
100101110111001011000100110111111010111011001001000100010101001111001110001011111111110101111011
001101101111011110000111010011011101011100011100111010101000101000001000010111001000100000111000
011001001101000110111001111100101000010011101001000010010101100001011100111111001001111100001110
000110001110111100000010001010000100000101110111101001011001101000000110001011000111110111110110
001010100100100101010001101111101110110000001110111011010110010010000001101011110111001110101000
001000001011101101011001100111111001101101001000111010000100101000101011101011000100001100111111
000010001011000101010110011010100110111001110100000101000001001101110111001101011101110110101100
001100111000010011011111110100001001100101101110101010100001111011000001101110100100101110100011
011011100100110110100000011001110000001100001100111111011011010001000100001001011100001100010110
101011111100010011110010101100001101111101010101001001001001111110000110100111110100010101011001
011001010111001011010101001110001101011111011000011010110000001010100001100000101010010101101000
101000101000010001011011110100001010110000011111111111100000101001111110001001010000111010111011
110111000011010111000111110111001111011111111111111111100011011011000100101101101100100011001001
110101011001011101101011000100001110110111101111010101110011011100011001110101100001111010111111
100111101101000000010011100111101100110001011111000001000101010000010000111011101111011111001000
101011011011101110110010111000110110001101101001010011001011101101110111100011001011000010000111
011101000111011011101110010001100010100000110111011101101011000010001110100010000001000100011100
101011110101000011110100101000110110111001011010011000001101001011010011111101011010111111011111
001100011001110011001101111010001111110111101111110001100001111111001101010011110111011011011010
011011000111111111001110111001110001110001110100100110001110111101001000111110010001110101101100
111010111111000100110111100111001111101110000001010001000001000110110100000010000100111110010001
010011000101010010100101110111011110111010000100001111010000111110010001011100111100111101111001
001001001001010000100011001000100010010011000111011101111010011000110010001111010001100000101010
011100000110011110001101100101110010010000010101110010110111111011010111011001010010100111111100
100100101110111001011100010000000000010100110111100111010110101011110000101101111110000111000000
001010011101111110111011101001111100001110000100100010110110101000010001100010111111000110100001
110100101001100010101001010100111010111000010011000110101111011010011001011001110111010001001011
001100100100110111001001100001001101101110000000010110001101000110011000000101010100110100011100
010001101000010011010011001100101011010010111001111010000000101011000110111010101000101100100010
011100100011001111000101100011011011010010011010001101111001011111011111011111100001000110110110
111001111010010011011000110010001010001000111110111001101001101100000000110000001100010100111001
001111000011001111000101010111100111100100101010101100100000000000101110101100100111000101100100
001101001101000101011000110111111110000100011010010101011010110001101100101010110111101101110000
001011100110010001111110100111000101001010001110110011001100001001010111001011111111011010101101
000110110111111011100001101010000100011001101110010001101110011011011000101111000001110111111000
101010100100100111010110111010101011111001000011011110100101110110001101010111011111000001101001
100110101010110000110001000011010110011101001000010101101011010101011000110000010000010110011011
011111011100001110111010111010001010100101101110011001010100000110001100111101000101100011000101
010110011011100000111101100010111001000110100001100111111110000100010001100111000110101010010010
010110101100011010100110010001000110000110001101010010011110111110010001000011100111111100100100
101000001100110001000111011011110100111101111101101010111101101100011001111111001111111100110000
001101001010101010101110111101001001101011000011101010000000001110111110101000001001010000101000
101110111011101011000010011001101100000010000010010101000010101111000011100100111001010011100010
011101011010000011011100110110001011000010101111001001010101101111000011010111011110011100111010
110101101101100100001110111010100100011101100000011010101001011100010011101110111000101000010011
100100101001111110010000011011111100111000000101100101011111000100010001010001101101000000010010
111011000001011110111100111110100111010100010011011001101111001100000010001100001011111100000011
101010001000101001010110110101100000010011100101100111011110100111100111100000000010111101010001
101001010111000111100100110010001000110011001001110000101001000001010011100001001111000010110101
001001011000010011010110100110111000100011001000000011000100001101001101110011111100110010100100
111010111000001000000001011101001011010110111111001100001011001011000101100011001010111110000100
000111100011000100110011111100100100000000001101111011110010000111100101000000011010011010010111
011111111000111011101110011110000100000100111111100101111010101010000111100011110111101111010001
011111100000101000111111000101000000001101101000111010001110111000111010101011010101100110001000
000101111110000000110010011001000011011100010100101111100110000100011001011110100100011101000100
101001110101110001011111110100110011111011001001010001000001110001011000111001110100001111101111
001111001110111010101100011100101011001000000011011111011010011010111111101001100001100110110010
111010100110110111010011000010011011111001010100001001110000010101000101111101010001111100101111
101001100010001001010100000000111001001010101111010110001110110011111110110010111111111100101011
011100111001000110110001111101100101100111110011010110111101110000101100011100100001101011001110
010101010001111000100011101110101001000101100001010010111100100110000100100111101101110111110000
000000001110010100011011001101000001100011010101010001011011101010110000010000000001000111001101
000100011000011101110100111000011100111110011001001011011111101000000000101001100100111101010101
001110101111010101110110001110001001011000100100100111011111000111011110000010010010100010101100
110111101100111000010011111101001000011000000000100011111000001011010110001000001100011011100000
100101000011110011011111011101001010100011001100001111001101010011111101010100010011010111010110
101001110001010001100110001100010011000110010110010100010010110110100100010101000011111101101001
110110100110101000011110110000010100010101010011111111100001111111000100000010111011110110011100
000110100001110110011110010111101010100001100101101011101011010101111100101011101110110001111001
111110110101010000100001011110000000000111101110010011001011010111100001101100011110110110000101
010100011101110101110011100000110111100110010100101010110110111111011111110010100001000111100111
001000010110000101001001011111001101100110001010011101000000100011110111001011011110100101001110
000011111000100110000111100001001111010010101000101101000011000011110111110000100100101100010110
011110100000001111001000010111000100100111110010011001111001110001111001001111101000001111010000
110000001100000010111001100001100001100101110101110010100000101100001000100100001101110101110011
001110000010000101000000111110110101011000101001100010101001011000110110011010010101101101000110
000011110110110110001101000110010110000001110010101110100101110101101010010101100101011100000100
111000001111111101001001001100100011110111011010000111000100011001111101110011011101001100011111
110011101110011010100010111100001111111011110001101001010101110011100000111001100010011000100010
110110101000101100111111111101111110000100001111100101011001100011011101110010100110010000001000
001101101100101111010101011110110001001001000100001110011100100100011110010111001110100111010001
110010111111110111000011011110110011101110011111001110010100010110000110111000101010010100011001
010110000101000100011111101111000101011010010101000111011100111110000000111000010101111111100110
100111001100111101000101110110111011010001101001011111001100000011100000010000000111010011001000
010000010110001110000110111010011010001010110111110111101001001000001001101001000101001010000000
100000010010110101011110101100011101110100110001100111001100110001100011100001101100001000101011
111101101001001110001001101111110000101000111101011100011010101100001010110111010101100010001001
011110101110101001010001101101001010100010110101011000110111110110110000000110111010111011100110
011110101100010100000000001111010011011100100001100101101001101001111000111111011010111001111101
101001000111001111111011000010001011110000000000001111011011110110111111000010010101000100101110
110111000000110011111001111101110000001010011001101001011011010101111010111000111100001001010100
001001000111010011100101001111001011110100101000011010100001110101101110011111101000101001110011
100100001100010101001100010111010010100000101101100011100110011101000111111111001110111001010010
111001101010100100010011000111011111111011011101001000100101110001111000111100010111001010011110
010110011011100100010110100001010011110100110010011000001110111110110100010110001111010000010010
011001101011101101011110000111011001111001110010110010101100011101010110011101011110000000101110
010100111001111010101111010110110011101110010111100000000011110100011010010100100100110010110110
110010011100011000111011000001111011101101011110000001010111110011101001010001111100110110101110
101000011111011011100101111011111100101110011010011001000101111001000010101000100110111000011100
001010100000111000111011000000111111100100001000110001101101011011110100001101111100000111111111
000111101001010101011111011100111000011100111101101110011011001011110101101100010101110100100010
110100100010111001100010010010010010010000100000110001101011001010100100111010000001000101010110
010010000011000010010101000100111010010001100101100000010100110111000010000100110101011001010000
010101011110000111000001011001011001010100100111011100010001100101011010101011010111001001001011
110100101111000100111100100110111101101011101111110111100110010100011111110110111111010000110100
101001001011101101100110011111111000101100100000011010001011001100111000110100010111110101100010
101100000000101010001111011101100011100110110001101111010100101010000100011101100111001010010100
001100001011000011000010101000101111100000110000010001100001111100000011111011101111101111010110
100110010001001010010110011110101010011110010001011000100101001011011111010001101000100111110010
101111000100011011011101100010111011101101100110111100011000101101110010001110111101101001011010
000100011010111010000000000101110010100111000011111000000011000111100000011111010111111011001110
100110111110001000111001111001101001010010101100100111111000100111101100101010011110101011000001
010100000111110110010110100010101010110001111001011001110000000011111111101101001111010110110111
110000001011111000101010110101011111010010111010110101000010001010010000001001101110110001110110
110110000110110100010010000010001101001001000110000111010100110100101110111001111100011101111000
000100101010011000011110001011100101111111110110100001011011010011000000111110001110010100110100
000010101100100010010000001000010100110000000001000011000001110101001011001101111010110111010010
111011000111011001100101001000010000101010111101101110011111000101010011110101110000000100011111
111011010011000101100101100001111010000010001100110100111000000011011111101011010011000100100110
101111101111011010101011100101001100001111000111110010011101011100110101111000000100111010100110
111011111101110101110010101001101101010010011101110010010010000110100101101110111011110011000100
010100101011000110010111111111100100100110000110111000010000101001001110001000110111111100010110
110100110000101100101011010110001100001110111010010100011110100011110000000010000100110101110101
100011000101011111101001011010010111100100110011100011100001110100110010111110111110011011011001
000101001001000101010110011011000110101110101100100100010110011111001100101110010011000111101010
101110110111000010011010110101011001000010101101000111010010001001101011110010001101111000010010
100001010000001000011000001010101001100110010001010000111011010111010100000000011000100110010110
011111000111011111000000110110011100110001101110101011011101100001001000000100111001010110001011
100110101100010100111011001011101111001010011100010110101101110111001111110000111000111101100111
111001100011010101010100000110011001011000001110101010100010100010000000101000001110111000000101
001000001111010110011101000101001111101011010000010110101100100001000000000011000100101100110111
010110110110100101010010101110001001100011111111011110101011011010000101001001001100101101101110
011010101111101101111111001011110000000000001111010001001001101011011111110100110100011001110101
000110010001011000001001011110111110110010100111110110101100101001100000001100100100101111100011
101011010001100010010111110110001000001001000101010111001011111001010111011010010010000010100010
000001010101000100000111001011001000000000001001111001111001001010101010011101100110011010111011
000100010110001110110000011010100100001001110100111000111000101111101000111111100011011100100001
001110011010001001111111001000010000100011100111001101000100010110110001101000000100100100011010
101101010100111101011010010011101001000000001011110101010010001010100000000001010011101000000101
001111101010001110011101111111000100011011110101111100100011000100110010100001001010111000111011
100010111110000110001101111110111001011001111100101001111000111101100010000010101111010110010010
011000000100010000000000110001111001011100011000011110001000011000010000101100100000111111111011
100111101000100101101001000100100111000111111111110100010100110111011011000100101011000011000100
010100111001001011110101000110011001010110010101011101100100110100111100010111101111011101010101
011011111111001010110011101000111110011010001101111110101101101011000110100111100111001010110001
110001101101100110100110001110111111001010010000111000101100100001110100110011000100111110101001
000000000101001010100000111001001111100100101110011111001010011010101100101011100011111111001101
110011110110101001111011010110000001010000010111100111110110101101110100101101000110101101000100
110011001100010001000001101011000001010011010110011100001001001010001100011111111010011111111001
001000110100101011101101000111101111000000101001110100010111011101000111101100000001011110111111
010101110011001010101110010101111000101000100101101000000001111101011101111001010001000010100100
010011010111001000101000000011000001000011100011111001000010010010001011011110011010100001001100
010000100000101010111111001101010000001100000111001100000000100000010000010000001010110011010001
010000100110110001000010010011100110000101100100000110111000001011100000001101010101110111000101
001000110110010000001101110110100001110100100010001110100110000000110010110110000000011100101001
000010101110100001001101101100001101110101000011000110000001110010110000001111010000011011001111
100001111000101011111101001100110010010000101110100011001001000010011111000000110101010010001111
010011111001001000100011010100111101110110011100011011110001111110111011110100001010110011011101
110000100111010001011111010111111101101111001011010111100000110110001100111001011000110010111100
101101011001001110101100001010111110100000101100011110000011111000110001111010010011001110110110
101001011100000001110010111010000000100011001011001100100001010100101000100001000001010011111101
100011101011000110100011100010001000110100001111000110101101111011001101100001110100111011101001
001011111011011010010000111000000110110001000000001010001011110010011110111011011001011100100111
100010011111010100111000110101110011111010000111110000100010101010111111010101100110000101000011
001001111000010111001100011110111011101011110011101010011100110110001000101111101000100011000100
101000011001111111100010100100011100111100110011111100111101010001111000110010110010010010001101
011101100101010110010011000110001001011010111001100010010010111010101111011001001100011000010011
100010110010110001100101001011110010011000111000011010000101110011110011010110101001000000101101
011010111101101111001000110000001110011000100101101111001100011011101001101010010101001000110001
110001010101000111001100001010110011100110011111101101010101010000010111110011010111101101000101
010001010010111110001100111111000110001101100110011110101100110001001100010010010101010010000001
111010001110110100101110011110001010001000110110100110000100011001111010010011101110111001001010
100001010010010000011010111010111010010010101001000101100111100011101101111110011110011100010110
010110010111011111101001101001100001010101100110100101101100100001101110100100000110001001110101
100001010101010100001011101110100100001101001000110000101001110110000100001111110001010001000100
110110001011010111101011111110110101100011100101010010100001000100001111010010010001011100101001
111010100101010110010001101011100111001111110101010110101011111011011000110100000011011010010011
001000010011111111101001100001001011010101110000111100111010100000000011000111100010001100001101
101011011101001011100011001010011010110000111000011101010110100100110000001110111101000000001001
110100011011111110000001100111110101010101000111001111110000101101000011110110101101111100010000
110001100010010111001001000100000000101110000111111100010110100010111001001110001011111001001001
011010010101011001011111000101110001001011100101010110010110101111001010100100000100001011001110
010110001011100000110110000000000000101000100011110001010001010010010111011000011000011111111011
100100010100110000100111100000100101100101011010100101000000100000100110001010100011110000100000
110001100110111110110111111000001101111010111111100100111111010011111101100111010000100010101100
111110110010100101110001100101010011010000101100011000000111000001101111010000100000100111111011
100001000000001000010100110011001111100101111000000011010110011011011110010100011100110000111111
101000101100000011000011111100101010001111110011000010101010000010110001011111111011100100010110
111001000111001000010110010101011011010001001011101001111101011101111101101101100000100010010000
010000110110001011101110110000001010110111111000011010010110101011100110110001101101100011001011
101111001100101111000111011000110101100100011000011000001101100010101011011010010011001000011101
110100111111001001111110000000011000001010001010010010110111001000011010111011110111100100010101
010000111111101001011011010000010101110110010100000010101101100101110010100110010011001101000010
110101111001111011101001110110011110101100101111111011111001100110110000100001100010101111110110
001100111110000101110001000011100100011111100110010110000110110111100100010101011001110100010111
011101101001000001110011101100110001101100111100011110000001011110101111011001101000000110111110
110110000001100101000100001111101000011100000010011010010010001011011011000001100000101110100111
110101100101011010111100000000100111010111011001001101110101000111100000000011101101011010100000
101101111111111111000111111111001001101100111101110101110111111010010111011111000011000100011001
100001001010011101010000110000011001110001110100001100100000101100110011100101111101110101011101
001110110101010110111011101111101001101011011111000000101010011001001011111111011011010000100100
011010100010001001110010000001011110010110110000001000111111111011101011100101010101101101001100
001010000101010010101001000100101000110101011110001001100110011000110011100101101110101101110010
100010000000110101110101100010100110100000101100011100110000111110111111100101110100100101001010
111011011110101101010001001111000100110101000000110100011010111100011000010100101011110100001101
001010011101101011111001010000100000011110111111101111100001101110011111011111011000010011101111
100100010100111001111100101001101111000110000111110010001000110110011010100010111000001000000011
010111001100111101101010011111010010111100101010011010110111100100011111110010000000100011011101
101111100011010101011000010111001010110110001101101110010101001000010001001000101000010010100001
111011000110011001110110111100010101110011100101010000110011111011001101010010000000101011011010
110101000011011000110110000010010101000100000101110110000001011101100110111000001110010100001110
000110001001101100010010011110111101011011000000100111010101100100000101101010101101100100010001
101100111100100101001010111001011000110100110011111001111011100101100000010101010101101000110001
110000110110000100010110010011101011100110101001001001100000010010110110100000010000000100100010
100001100101100101001100011110100110100101110001001101111110100110101011000010111011011001100101
101011000110010010011011111111001001110100000011001001011111100101011010000100110010111011011010
101111100100001100111111101011011010101111101101111011000000010000010101110111011011011001100000
010111011100100011100000001100110001110111101001110101011110011011110010100011000110011001010110
100100111110010010000011101010010111100001111000110000011100101111000010110110111100101000100011
110110111011100110100100101111010111011000011101110111011011011111111011101111001100000101001001
001010011000111110101000101111111111110010111101110000001101001010101001110110000101000100011110
010010110111100000100101010110000110011011010011001011110101010110001001011100111010101010111111
011010001110010000101010101100001111011011001101101101110010110001101111100100011001111000111110
101111100101000111010110001110001011010101010110110110101000100001000111100110111100110101010100
110101101101010011001001110111101001100000000110011001100101101111010011001100100100010000111001
010000101000101001000000001111101101100101011011111101000101100111110001111010100001100100000111
110001111110001110110101011000010010000101000010101111111000011000101100011011110110010001100101
111001010110000001111110001101111011011110111110111000011000101000010000111101010001000001001001
010111010100111011111100101011011001001011110011110101100011000001110110111001101011000110000101
001100101000001011111101010000100110010100011111100100011011111111100010111100101010010011000110
101011011100000101011100100010001100100011101110111011011011110001101100010100001110111111101100
011001000110001100011011000110100110011110010010010101101100010110110110101001110111100100011001
100010100101110111111010001001010111111011100110001011111101110010110110000101001010110010111100
110011100111101010001100000000011010001000001010111100000011101000010001010101111101111110101010
110101111111100001011100000000101010011011111010011100111001011010011110100000111001001100010101
111110010001101101101000000000010000110011010110111101101101110010011001010010000000110001010101
110011110101111010111111000100101110110111000010011001011000001000000010111110011100011001000101
000000111100011011100101010011010110111110100010010110001001101011011011100101110101101000011100
001000110000001101111100100000100001100101110010111111000000100000011100011001000011110110000011
000101000011111000101011111101010101111110110000010010001110100000001101000000010111101011110110
011111001011011010000101101110100100000101110110011111001000111010011100011000100101110000110010
110100011111101010111100101110110111101100111010011110011010010101100110101110000101000011111010
100001000001111000001000111101100110000010011000011100101110010010001001010011101100001100111110
100111111001100110110101111000010111111101111101111110000110010101111110010101000111100101110010
111010100100000110000101100111001101100000111000100110100101100011010101000100000101111011100011
110100011001010100000001011011101111011101011001000110101100111111001000001111110001000111001011
001100001011001011001111100101001110001010010001001111111101111101100101100000011111111010101011
110000010100010011001101011001111011011000011010111101011001111111011110011000011011101100001101
010011000010000011100100001000100111110000101000101011011011010110010110001100111100101101100101
001000010011010111111001100010110110111010101110010010000010011100011010110011011011000010001001
011010111101101110000000011001010100101111001011001111110000001110111110100100101000011100111000
011100011101100111010101000011110101010110101000110000000001110001110001011010001111110111000101
101000001001101101010101100111110011010110111011010001100100000001011110000011010010100100110001
010100111000000011001111001001100101001011000010000111001100100110110111001111001000111010111101
110000110001111101110101110000011100001111011101100110110110011001010001101001101100100101011101
011101111000011111100111110010101110010011110010100011000000100010100011000111111000001000101110
110100010011110101010100001001011101110110111011101011001101011000110111001101000101001100101010
010001101111101110011011111101111101011101010101110100111011100010001110111110110000001111000110
000001001110110001000100000000001100000100101010111011100100100010010011111100111101011011011100
001011011111100100101100010011011011111100100111100110001000101010000101010010011011100111110000
101111110101001010010010101100111110111111011011000010110110000000011001011100000101101110011010
011000100010111101101110000010110100111001111111101000001110110101101101000001101001001111011011
111101101101010111000011100011001010111110100101110011001001001100110010010000110000101101101101
111101110111110111001001011010010010010000100011001100001010100001101101110101011011101011111111
110010111100101101010000010000101010101111010011101000001110100010000010111011000111001010101010
100001110010001100011010001110101111001111110010001101000110010100010110000101100110110110100010
000010100101111010001011010111100010011110001000000001001011100100011001011000001101010111010100
100110000000110111010100100111101101101011111001001111110011010011010101001111100101000000111011
110110100011011111001100010001100110101011110010101111010011011001011100101000000001111110101000
010010001101110011010111111010110010001001100001110101101000000000101101010010011001010001100111
101000000010010011110110110001110110101010000101000000110111011001101001110010101010000010001110
101101101111110101101001010100100000110000001001100111010001100000000000011100110000101001101110
100000100101010110111100010001100111101000000111111000111011100001111011100111011011101010011110
000011000111001000100110011101000101010001011111001100011111100001011001101011101111110100101110
100100110011011000110111101000101010101010000001010001111100110011100101011000010101011101101101
001110010001000001100001110111001010001101000101000001010010011011110010101110111100010111001111
111100011101101001111111111010001011110100000010001110010111110000111011111100100001001101011011
010001111100011001100110111011010100000110001001110101101000101110100100010000001001111100111101
100111011001110010011000100110100110010111010100010100110000101010000100110101110101001011110011
101001000111101101110010111010000010010100000110011101010010011111100001110111000011100110100101
001111111101000110111011110011000010101101001000100110100111100000001001001100100101100011101111
100111110010101000110011100000011101100010111001100011110110100110110100101000111011110000111111
111100000011110110001100100010011000000010001111011100001110111010010000001111100110100010011010
101001101010111011101110000000100011101001000011110101100011011011110110111000101000000010010011
000000010110110011000001110000111001011110101100011100101001001011100010011101101001011011110000
001100010111001001110001110001010010000101001110100010001010010010010001010011011101010101100101
110000110001001000011100110101110000110001101001110001110100100100000100100100111110011001101101
100100001100000100011010000111110111100011110001101011110111111010001100001111000101101111110001
011001111000000010111010011110100010010001110001101011110100111010100010011010010011101000011101
101110000100110000110100111110110000001000110100010000000001110101101001111101100000001110111110
000101001100010111011001110101001100110100001100100111110010101001110011001100101000011101101110
000110101010010111101001111001100110000100111011101010001111010011110011100101111010001110101000
000000001111111111001001110011111000111101010011000101111010010101111000000111001110100101101001
111110111111000110110100000000010101101010111100101011110111010101010100101010100010100010000101
011101100100101111011011101011010010011101011011111011111101101000011011111001100100010101111001
110101111011111001010001100001111101010010010000110011000110111000011010000011001110110110010100
110111101001001111101000011011010000100011011011010010101000001100111100110001101000111101011100
110010100110010100100101100101111101010101000111110010000111001001001010010000110010111000111010
110110010010010100011100001011110011011111000010000010101001011011010110010100111000010111000101
111011111111101100010011011010010010110111110010110111010010001100011110000010001001101111101001
101110011100010001010000101100011100110011010101010000011111010111101011111010010111100001000100
111100000000011101000010001110001100000010000010011011010010000101000111101111000001011111000001
100111000011101110101110101101110110001010010111101010101100101010110101000110000111010101001111
101101101000110011000111000010111011001000111111110101110000101100111010100011001001011101101111
001010111100111100010000000010001111011110100101111011101010111111110101101011011111101110001010
011010100010000001110101100010111000101011111100010001101001101001011010001100101011101000101110
010101101111010111110100011000001000010011101110010011100101011001101110000000101111010100101101
000111101100011001000100000110111111110100110100001000101000111111011010000110000111100110000010
000110110100111000101011100001111111110111001000011101110100001110110000011011101111000101110101
011000100001011011100100101100100100001110000101011101110011101000111110111001111001111111001101
001001010010000000010110000011111110110110100011001100111100111011100110010001100001101000011110
010010011010110111011110011001111100110110111000000011110101011100011010001101101100001111101000
010010010010010001111000011111110010001111010000111100111101101111110111000011000100100100111010
100111111011111010101101001001001001001110110000011001011010100000101110111111101100001001101110
111110011110000110110000010001011111010101101001001000111100101111101010101100101010110100011110
000001010111110000111010010111011000100110011010001100010001001010100110010000010111001110000000
000100000011010000101110010000001001110101011111010000001101011110010100101010101001011110000110
111100000000011011011110001000011011000101100111011010110101111111010111110110001101110000000010
101110010001010110110100110001000110111000101000000111110110001001111101111111011100111001100000
111110000100010001001001001000000001000100101101011001100101110011100011011110110111000001011011
010111011011010111111011001111100000101001100010111111001110011011100000011011111000010101110011
000111111101010111001001000110011000000110001011101101100111101111011000001111101011111000110000
011010001010000010110010010011111000010011101110001010000101110100000111001010100101000010001000
100101011100101110000101011011100110000110100001010101011100100000000011100001101111101101100001
111101101101011101001000010110100111110011010110001011101001110011101001100111001101100010001000
101000111100100110010110111110111000000010011111000111010010111100111001111001011001000101011110
100101011000110011100110000111110111001001110100111000010010100001011100101000100000101011100000
001010000100101000001100010100011010001011010101111010100110111010110110010100001110100100011011
101011101111001100010101001101100011101001001101011110011011001111111100001110000100100100010100
110001110001111110101000110101110001111001111011001100110001101000001100010001101000011111110000
001010011000011100110111010101011110110111110111100010010110100001010111000001111111100001100111
110110110000000111000011100111110011010110011001000110010011001011010111001010001000001001010000
010011010001010111111000000101010000101110111101000010110101010000100111001001011011011111101110
110001110010111000101101110010111110111101011000011111100010101101001010011111101001011101011010
100000110010101101111110001100100110011011011111110110100011101101010101100001110111101000011000
101100001000001000101111010110111000101000000011110100000010101011100110001101111110100001100100
000100000101110111000010011000011100000000111001000000101011001011100101110110001111000101010001
001010110010110010001011111010101000110100111010110011010100011111000110110001111101111000001011
111000001001010101111001101001000100110100001011011101011111000001101001101111010110000000010110
000000110001100001100001111001011011101000010010111011000101010010111110100100001011111101010101
001111110111010001110110001101010010100111011001110100101010100011010010111111001011110100101001
000001110100100000000011010101000111101000001100000001011011101111000101100011100111101000110000
111110101001101101110101010011111110001000101100100001010101111011101100101100001111010110110110
010101100101001100001110011110001000010110101111101100010101110001010100000101110110111110001011
001001111001110010011010110101101000100001000111111110100010110011000101110110000001000001110010
110101101011110111110001101110101011101011101011100101011001101111000011000100100110000110011000
000011110101110011101110110101011000001101000110011111001000111010010011101001010001011111100101
001011010100011100001001000000101011100100110001001101111100000110110010011110111100111011001011
001001010101110101011000000010010100001000110100111100011000100011001010101100000110101001111100
111100001000011100000110100000101010000111011010000010001110110100110001110011011000110000111001
000110001100010010111111010001000111011110000101101100001011010001011100111001011010100101011001
011110111111000101010101011111110011100100001101111110101011001101101101011010110011111000001100
001111001111011100101101101111010111010001111100111101101100100111000010001111011111111101100100
100110111001111100011100011001100010000101110100011011100100100011100011000110011010001001001111
011101000100110001000010100111110101010001111001111111101110111110001001000100100001111110011110
101111000100111101010010100101010110001000000010010111010000111011101110111110001001000111011010
000010011101010010011111111001101011110010011001111110000011011111000000111010100100001111100000
100101010100010000001100010011000000101011100010101101010111000101001001001101100001101010000101
001101011000001111100100111110001011000001100111111011111000010101101000110101011111000111011001
111000111111011111011101101100000100000110001010000001001001010110000001100000000001110100100011
100010111000010110001111000101001010111010000110111100100001011011111110101011010101001001000101
011000110000011010101011001100000101110010110000001010000001100011100100100010011010101100110110
001001110000100111010001011110011100011000110101101000010111001110111101011011100100011010001001
000001011011011100010011101111101000101001011101011011000000000111001011001000110001001110110011
100101001111000101010000000001010000111010000110011010001111001011011110001111111100100111010010
001101010100011101011111100101110010001010101110110110100101001100011110100011011110111100110011
011010011000100011000100111010001001101101001111110110100101101011101010101000100110010000000000
011000101001100111101110001110010101111011000001011110001111101111010110101101011000001011101100
111001100011111100011001000101111011001010100101100101011001111101010001011100010110001001110111
100011110000001101000011110000011010101011110001110100111111100001010111010011011011010110101100
100100011010000110010011111111000100011101100011110001110101110010001101101001111011011001010101
110001101001001011101111110001000000101011010110111110101111100101110011010101100111100000100110
001001001101001011100000101100001110011110001101111001010010110001101111110000100100010111110100
111011010000010110110100011001010010100110001011001111001011101100001101001110001001011000000111
110000111110111110001010110111100100100011101111101100010000101010011101000100010011011100110001
010000000100111010100110111100110010011011011000101100111110011010110110001011001010011011101100
101001100100000001110010100111000101100110010000000110111110101111101101101110000000110111110111
001110000100111100101111110001110101000000001011011110100111110011100000011000010100010101001000
100111011110010100010001110111111000010000110110100011101100101111001110110110010100110101001100
011000110110110110010010010010000010111100100100000000011010110011000010111100100111100111001101
111110011000110110011100010000010000000100110100110001000001111110011110000000111000011110110000
011001010001111110010111011100110001010001001101100000010101011110100100001101111001110000001100
111010111111010010110010101100111001001101101010101110111101000011101001101000100100000101011011
110011001101111101000011001011001001000100101011111111110101001000110000001101010010101010110111
001111000010101000101001010001111110110010010111101100101000010001101011001011000100010101011100
000000100110100110001100011000110011001111100010100101001011010011011111011010111100100111101011
110000101011000100000101000111001000101101001110111100011010100010110011001010110001101111000101
110100101100001000011011010101111100011001011110000100010001011001100110100110010000011010101000
100110010011011010010101111001111100100101010101111100000111001010111011010000100100111000010110
101011000011110010110001100111111001100111100111001000011001101001110010101011110101100010100011
001101011010001100100000001010000111111001101110111101000000101001101100111111011001111000001101
100101101101000100110001011110010011111011101010110111011001100111001000001111001101010111100011
010010000111100000001100001101000110010001010010010011010110011101111111100000101101011010111101
010000010111111110111110111111101101111000110010100110000010010100100110011111100001101000110101
010010010100100111001011011001000000011110100011100011111001100011011010101001111100111011101000
110011010001000111110111000011100000000111100111001001100001000101000010101010101110011100101000
010011010010001111111001000010000110100111101000101110011101100010110001001010100000101110001011
010101000001100000001111111001011001000010001111111000010110010110110011000001111001110001011100
101000100110101101011100101111010011110111000111111011111110001010100000000011011110110110000110
000100101010101010111110011100001100011010110001110111011010000110100100110100100111101001101001
110000000110000110111111011010110000011110000100101001011111010110000010010000101111001000111110
010011100110000100010010001000010011010110110101000001101001111111000011001000100100100011111101
111010001010110111110001101010000110100110101000011101011010100011010011101001010001110111100101
000010110011001111001111111110100010001111101000100101110011010101000111001011010001001101000010
000101111101100010011110001110000101011011101110001011110111001110100001010110101010010001100011
110010001000001101101000111001110110010001111100111000110010111100010111100001100100110110011011
001100101101101010110001011111010101010111001010010101000110101100001111001000100001011101010011
010110110010100101000111100001010111010001100110110010111101011001100011110001100110010011100001
010011100010101010000100011101001010110000111100110010010101111111101100011100011000101001111010
110011000010001100100010011101001111110100011111101001001011000000110001010101011110101101111001
001011101101001011101010011111110011101110110101101000110110000110110110101001110011101101010011
101000001101110011111000010010100100001010101011111001110010000111100011010010100111101010000101
011110111010110101000001011011001110101110111011110110000001111101110010110001000000000011110001
011110001010101110101100100111100111000010100001001000011110011100011000111100011111111101100000
001100011111010001110001101101110011100010101111100001000010010011100110001100111110101111000000
001011100011100111100011010001100110011101111101010110110001111011101000100101111001100110111101
101101101101111001110111111011001101100000101000110110101100110100001100101100011000000110001110
001010011111010101001101110010010101111100000001000111001010101111100110011000111100110101011100
101100010100011010001100100011000101100000010100001110001111110100111110011010110100101001011000
000100000111010011100000110001101101010110110101011110110110111011000101010010100010010110011101
100001100010100001100110110110000110001101000111001110100101011110010111101001000000100011001010
001111000010001110110100011101101011010010001110010010001111010110100011101110111011010111010010
110110101011011111101001110111100101010001011000111001110001001111100011010011001101111100100010
010000001110101000100110110111110011001011111111010100110010111101010010011110100100011001101101
111010111101001000000110111111011110110111111011100001100110011000010111011000101110110110101100
110100101100110100010110001000000111010100101101101111011001110110000011000111010001110000001000
010010011110000111010000111100011011101100011011111110011001111110010101001100000011001101001010
001110001010011001111011111001110000101111100001000011101011100101110111111111011011110111101110
011010010100100011111001000100111111101100111101100101101001101100011111001100101100110101100000
010101111001000001111101101001100001000111100111110011101010011101010001000001001101011010101010
010011110000100011110100010100010000000101011001111110110111010110011100111000111011111111110011
010100011101110000000111110011000100001010110111010101101000001101011000101010110000111000101111
100111001000011101111110000001000111010000000111011111100001110111110110101010000000011111011110
000011010001111011011100100100100011110000000111010110110001100100110010111110110111110110000011
110000001010100010101001010011011100001100001000111010101000010111000101101111110100001010000010
000000010101000100010110100000000010100010101011101010010110001001001111100111110100101001001011
101111111111001000010011111000111111111101100110111101000100101010000110011101101010000110010101
110001111000111010101010011111011011110110111000011001000101100110111001010011111111101110000100
101000001000010101111001011111111101101111110100110010110101110000110100011001000010100101001101
010100000010101111011101100010111100001110111110100001111101011110000011110001001111011100111101
111101001111010110010011111100111001001000010110010011000110010011100010110010110101010000011010
110011110011100010001010111101001100011011011111011011011100000010000011111110101000101011101111
011011101101101000100011111001010001000100010011011011000001001110011000101110010010010001101100
111101000100101110111010000001101001100000011000111111111101001111011000001110110111110101010111
011000110100110011111010000100011000010111000101101110101111001100111100111100101000011001001100
000110000011101001011001000011000011010001011101000011010101101001011111000100100011110000111110
