010000111010001010000010010100111011000010101100001010110100111011010010000000100001010110100001
100000000000010000000111011110101100100101011100110010101111000000000110011010110010100000001011
111011101100000001111110111111100100000000111101111100011010010100110001101111111011010110001000
110001110110100010111011011010010111111011101101010011000110110100110101110100100111011100001100
100011001000110101010101111101101011011111010010001101010100011110110011000100110110110000111011
100011111011100100000000110000110100001000001101100010010111000011101010000000010010011010111010
100100000011011011001111111110010111001011101100010110100111011100110010100101001101110011101010
011001101010011100011000001000000100100011110001101110111000111110000000000111001010100010100101
100101011001111100100011001110110001110000101110011000101100101111110011110011101010111111000100
110011000111101100110100001100100111010011111010110001101110110010001100011101011100110000100001
001100010101010101101101111101101000100001100110011001101010000110001010100101111011000110100011
111000101100010010010111101111000011000101110110111011111111011010100000111001000001001010000100
010011001111101010110001001110011100101001011111110000111000101001111001010011111000110011000101
011000001100010011100111100101011011111011101000001001111011001000000110001010100011111011010000
110111011010100110100111000000101010001110111010000000101101011111001111011000000110000011000100
001010001111101101010101101111000001011010101111101001000111111110100011111001000000110110100100
101000101100011011001110111100100001011100011111110100010010100010100100111000000111000110111010
011011111110011001111010101110111001110111111001101001110010001101010101001100011111111000110101
011011111110010101011110110110111011110001001010101010100101100110100000110001101001011011000100
011100001001011100011101001010010110111110110100111100101100101111001001001010100011000000100001
011100101110000000100111000100011101111111011100111111011000111111001111000000011000000101111100
011101001011101110101111000011111110010010110111010010100010011000010000100111100000001110010010
110111101110010111100111011000111001000110010001111001010001001100100111001101110010100111101011
000011111010110010000011011111010100101110100000010100111100011100001100011000011011001110101011
100101001100110001001011100011100110110111101001101010011011001000000010111100100001110100110100
111101110000111011111111011011101001100010111001100101101001011001101001010001110100100111011110
010001100001100010110010111001010000110011000001010110001110000000111010100010101100100010000001
010010000110110100111101111000101011000100001001101000010011001111011101110001000100011001000110
001000100101011101101110111100000011110111100110000100000010011110101101100010100000011111111011
110001100011001110100011010010110111011111000101001101001001100001010100110101100010001010110101
101100101110000000110101010111001011111010111100001110100011110111001101011011101000000010110110
111111010101100010101101011001101011001010100101101101001111010101010111000010000101000111010010
001010001110111100111000110000110001001100011100001000011011101100100100100001001101111100111000
000001110111110110011001100100000101011110011010101010101011010011001111011100101111001111010111
011100001001110101000010010001111001101001111111000001010111001100001111101100001101100011101011
010001100001001110000100011110001000110001110111011010001101100111011000111001111100011100111001
101110001101011111101010011011100111011110010001111101011000111101100011000000010001111001110110
101111100101110010001101000000101101111001100010001110110010001111100000011110100101110011111011
111010001110000000101011011001110000000010011100110010110101101101000000001001011001010100110001
101101011101110011101100101110011101101011010000101001110001110100000111011100111111000010110101
010100001000100000000001000010011010000001011010010010101010000000110011000100011011101000011110
101000011101100101101001000001000000010111000011001111100110001110111010100111101100000101100111
001100010111011001001111010010100110010110100110100101000000111111100111110100011001011101000001
011000101011110111001010101010100011101010001111001101100000010111101010101010110010110010001011
000101100000100000110100101110111000100000011110101100110010101010010111000000110011111110011110
010111010010011110000010110000001101100011111010110100100000010101010111100001100010010111000101
101010111010010111100011111101101010101110110101110011101010011111000011100110000000110111101001
011100011101001101000110100110011101001110110110100001000110000101001111001101010000000101110011
010001100001111110101110101101000111101011001000000001110100011010111111110110001001101011001010
010011110000101000110111001111110010111110010001110000100111101110011011011010000111001111011001
001101001000001110001000101010011010101010101011111011111000110010011100011011011001101110010011
010100001001000010000010010010110110110100000100011111010111111100011101001110011110001011000000
011111010000011111110001011111101010100001111111100111110000100010001001011000011010001100000100
110001100110111000111011101010001101010111010110001100010100001110101001011100010010001000011110
010101010011010011101111001010110111101000100011100100110011001110011010001010001010110110011011
010100110011001110011001000101001110111111101111010101110000010001111111000010000101000111101011
011010101000001010101101110010000111100100100000010110101001010101100111100010001001111110010111
100000000100000110001111101010100100010100111010110011101011100001100011111101000100001001100000
011100100001000101011111101111110111000000110000101111010111101111001000001001001001101010000111
110001011011111010110000111111110111010011110100001000001111111000100000101111101100111111100110
101010110101100101001011010100101111001100011000001010110101110010010111000111110000101001110000
010011100011111001001111100010011001001100101100011111011011101011101011001101100110000100011010
101010100110100101110001101011100111010001000111011001110111011101110101101110000010001111011100
111000111011010100101010111111101001000000001000011001010000110110011110100011001011111010000001
100110001010100000111110011011100101010010100101101010100000110010110010101000101001010010100101
011000000111101110011101100101101011101111000111110100100101101100011110011011110101010010001100
111110100110111001101101111100010110001001111001001110000001111110010011100110001001001001010011
101101101101010010101101001110000010010011000011101001011101101000111100011110100100100010111000
010101100101101000111011000010000101010011101100010011011100001111111000111101101010010111010111
110110111110101011101010001011011001000010111100100111100101001011110000001110101000000110000001
101100110011011110111011110111001101110000001000010011010100010111100011100111001100001010100101
011011100011110101000001111010010101011010110101001110001100111001101111001100100001101100111011
010001101000110100110000001000111100010011011010001001011011001011110000110011110011100000101101
011001000101001000111100110011001101110010000001000111011001101001000110011001001100101011000010
101111001011011101110111100010011000000100101010010101001111010110101010000000111000110111001110
011000101101011110101110001001101110111000001100100011010100100111101011001010001001001010010100
011001100111011100001110001011011001000110010001111110011010101000111010011110111101110111101101
111111111110000110010010110100101110001101100011011110111011101110101011100110100001001111101011
101110010101000011110110011100001101111000001000101000010011101011001010010101110001101101001110
011111111000001011111000010010111110000100110111111000011101111111000011000110111101100010100011
010110110101001100000101101000001110110011000101010110111010100100100101100010000001101011111001
000010101101000101001100010000100001111011111001010000111101111000110110010111001111100001100010
110111000101100011001000000110101001111010101111101000101000000100100101000001100111001011001100
000010110010001111010111010000010011001001111010001111110111110001101110010001100111000000010111
110100110010100101001110111011101101010000010010001010001010011000110111110000001010000000011001
010000110110110111100000011010011101110100001111001000011100000010010001000111110111101110101001
001110000110110001000111010111010010101010101010011001000000101000000110001010111001100010111101
111010101010010111100111000010001011011000101110101101001111010111100011101101000001100001000100
100010111010000000100110101110010101110101110000101111011010110110101101011101011111110110011001
100101110010101001111000111101000110011101110100110011100010001100100110010111110011001110011100
000001000011101110101100101000011011001010110100001011010111000101111010000011010011010101001001
100001000010110011101100000001101010111001101101011100001110011111011001110010000010000000111010
011001001001001100100110110110111010111000110001110010100000101000000010000100101011110101000011
010111101011110111101000010100110000101100100000000001010111100001111000011111001100011000011110
011101101111100001111001110011111010011010100101011000111010111100001111101001001100111010000100
001100101111011111110001000101000001100110001110111110100111010001001110011011101001001100111010
101110101110011010101111100000101101101110110011000100110011011001110000011101011010111100101100
010110111001010001111100101100000010111110000001000011001110001011011100100000000001111010010000
000010101010110100100101011011011011101010001111001001001010011100101100010011100001101011001111
111001010000010000111000001100111110001100011100011101010110111001010001000101001101111100001111
110001110111110101000100000100101010000111110010001100111100011011000111111011001111110111111000
101001011110110001101100011100111011010011011001010110001111011100101110010010111001111000101010
101011000110011100011001010001011100010100010100010100001111011100100111100001110001010110001110
100000111100000111111110000110110111011101010111100111110111101011100111110111100000011101010100
010000101001000111101010101011010010010011011110100101110011000110110110000000011101011101101001
010110100001000011000010000101011000100100110001001100111001001100011000011010101100110100110101
111001000101110000101000000010010100111110000110101011100010100100110110000011000010000100010000
110011100101100110100111100101010110010011111000000100010001110111001011110000010011100001110000
100110111010011100001000101111011100010100110101000000011110101100110001010001100110101100011101
111111001101110100000110011010111010110011000000101001010110110011101111100100111100000010000101
011101011010011100001101001001100001101011100100100101001010111001011011010100011001001001011110
100000110010001001111110011001001101111001011011110100100101000000111111010001110111110110101100
000110000110000011000010100111011110100001000110100001101001100000011011111101111110011011001000
000110100111011100000001111111011010110010101001110001100101110110100111100011010101110011010010
001100100010101110110110111100000101111000100100101010110100011111100100000000110101010011111100
110000010100101010111011100110110100001101100011100011011100100111110100001100110011011100001110
011101001011101001101011011010011010010000011011100111101011011101111111111010010101111111010010
011111011001010100110100100110011000001110000000100111110100000111111010010110001101000001111000
000101000000000111100100001001000000011110100000000001100100111010000111000011000100101010100011
010111001011111111011101101110111000100001111001100101111011011111101111101011010110101001010010
001100110011011000110010011101100000011001110000010011001101101000000001111101010101001000101011
110000001010101011000011010111011001001101100101001000011110111110011111110101111100101010010000
011010010101011010011010110000011001111000101100110001101111000010111110111000000010000011111111
001111011001101000010010111110011100001101011001000000000101010000110000001100000110011100010111
001010100011001101000110110111111111001110011111101010111111011111101110110010010000100010110100
111000010110001100010100100111111101111110001010111110100101001001100110001011011010111100010110
111101101111011010000111100100001100010100111101110001100111000110110100110010001100010100101001
101010001110001111000010110001011001100000010110111001011001110011111000011110111001010111000001
101110110110000111110100011100011011110001110011011000110000101010100110111111010010011110110001
110001001010110011000101001101110001100000101110011100111011110110110001110011111101100011101100
111001000000110010001000100001001101100010000000100110100101011111111010001011011111000100101000
001101011000100000100111101100111000001010110110000100101010000110111111110100011111101010011010
101100011111101010011010000111100011000010001010010011000110100111110101000101001110011110110111
111101110011111101000010100011011010011010110010010001000000101010011011011100001011000100000100
001001101011000000010110101011110101011100101010001110000101010001001010000011111101100000000010
101000111101010110011010101101100010011100110110111011111001001011010000111110100111000010011001
010011111000100010111001100100100110010011010011111011011011101111010110101000000100100110001100
011000111101101000110111100101100010111111000101010011011110110001110110100111011001111010110101
001100001101101001010000011110000110111100100010110111111100000010101010001100010010110011101000
010000100110110001110011011000101000010011000011000010100000111100001101100101000001000111101110
101101000111110101111000100011100100001111000010000101000011100100110111110111000011100011110000
110000011111100101110101101000011111111011101101000110001000001000000001000011001000101010010010
011010011011100001010010001100010111101110111100001001011011101100010110100010011000011101011011
111100011110100110010010100000010110011001001101110010000101011111110110000000111100010000010010
011011010011100110011100001010010111101001000110001111000100010101001111011011111110001110001111
001001111001101110010000101001111110100011010010010100110111110001110010011010111011111000001101
001100000000011001101101110110000000011010111101111101001111111000101000110101100010011010010010
001111011001000010000000110100101010100011010000011000110011100011100011011000000010100110101111
011010010010110011010010110000001010110000101001010111000101101101101010010010101100011101001101
111100111111111110001100000001001000110011010100110101101011100101011000110010001101001100110011
010001001010110100110011001011101111110001111001100011000011101110001000010010001110010100010111
110101101111100001100110000111000011001010101010011101110111011100000101011010010100001000111010
110111010100011010101100000100011000010100111001001111110101000011111010011000000111011001011101
011011111001001010101100101110110011110000101010111110110011000001100101101010101010011011011110
111101011001000111001010001101001011011001110010001101101101010001100110010011001101001100110101
110110101010110001001011101000001000110001110001100101010100000101100010011010010101010110110010
100110001001010001101100110100101001010001000101111111111001110111000110111100110010110010111101
000100000001010101111010000111111000001000110111011000011001000110011111001001011100110111100001
101001111111110100010000010110000001010001110110111010100101000110011100001011100100101111001011
000011110100011101100111111011011001010000010011110100001111001111110001101001001001111100001100
110000011000010100100100101111100111010001011110000110101000100001111110010101000000011111010101
010010111100111111011001000100111101010110001111100010111001100010110101001001000001110111111011
011011100011110101011101000101001010000001110010100011110110011110100000111001010000111111001011
100100111000000001000111111001101001110011010101100001101111011101001001000000000100010111111010
001001101001110101011100000011011010011010011001011011011011011000010101101011001110010110011011
011101000101111010110100110111110000000011111001101011001001110000001111010100111010111101001111
111000000011000111101001111101110100011011010010100001101100111110111110100000001011011111001001
001100101110001101101001110110111010101001110000110110000010100010101001010000000100000000011011
100001001010110011010011010000111011000000000110010000000100111000000111000010000110010011011101
100101110000010010000001011011000001110101001001100000111000111011010101101100000110100010010100
101010001000001100010011111000111010100111111100011011000111001001110010101100000000101000001001
101001011000100111011111001100100011110100011110010101101101001100010001110100000111111000100111
111101110000011110001111001110101001011111110111010011100010000011010101000111110010010000101010
001000110110110100100110011101100100011111100010101011100000100110001110101000001011100111000001
000000110101111110101111110011011101111111001011010111101000111001001111110001001000111001111110
101111101001000011011011010010010100011010000110000001110111101111001100101100110011000101000001
111101110000001111011101110010111101010101100101010100101100011001101111010001111000011001100101
000000001000010110001011010011100110001100000110111011011110011001101110100111111110010111010011
110000000011110111100100000001111100001111110100100001101100011110100110101011110001101000110101
001110001000010000111011000000110100110011101111001101010100000101010001010001001111110011110010
000110110001000000111010100111001101101101111101010111111000101110111001011101000100011100011100
000010000000111011110000010011001011011010011010110100010110001010110011001101011110110010110000
100011000111011110100000001001111100000001100010111011100101011000111001000000011001111111101011
001110011100001100010010100001011110011000100110000011001111101111100100000100001011010010000111
100100000001100010111000011011110111101101110000011001011001110111011000011010100000100101001100
110101100010001001100111011000101001110010000101100101000001110010100000100010111111100101111011
101011111110110110001011110100010101010100010000100111000010111111101101101000011110101001010100
000000000111000110011110100011100000001000000110010011101001001000101101011100011111001100000110
110010001100100010101111010011100100101100110110101110110001011111110011110001001110010111000100
101010011100100110001101010000011001000001111101110000111110110010000000101000010110000110000100
011111010000010111010111101100011101111100110010111111111100011001101111110000100000111000100111
100000011000010000110100000011111111001001000100000010101111101111001100110110100101111001001011
000100110000000000001010101011011110000101110100100010001111110111001001100011111101111000001011
110001100111100001000111101111011000100110111001111100001110010100001000001001011111010110010101
010000111001101010010101011001110101011010101000110010100100110000100100101011101001011111110001
011101101011110100001001101100111011110101001000100011101010010100101111110000011111010110000101
000001010110111100000100001110101100100111101011011011100111011100110011110011111110100000100001
011001110010110111101111100111111110110000101110110001110001100001100110000100110010011100110101
001101000000111110011110100100001000001001100100111101101001010001001010111011110110001011100001
001001000110110100111010110111101111101101000001111010101010000111100001111000010010111100110011
010111001111000111001001011101011000011100011111111000101010010011100111010100001011011010010110
011010110101000101101110011110110101011000111000011001101010011111000000011010100111111100111111
000010011110101111110001101011100010011011110000001010010011110100011101110100111100101101101110
001111111101000011000110110000000101101111011100010010001001111001101001011110100111000110110010
000010000111111011101101100110111100100111100101100001011001111110000111010010010001101010110011
010100010001001010101100110010000000111111101100001010011000111010100101011100001101011110001000
010001111001001010001010110010111111111110110101010111011000100100001000001100111110100000110011
100000100100010011000111100000001101011000101011111011010101111111111110000101000001010010000111
000001000000101110010101001111111000001101110101111100010111101000001101100011000101010011100011
111110000100010111000000000011001001100001110111110100101111010111010010111010011000110100100100
101100001101101101100111000000011110010010110010100111001110001111001011100111100101010011101110
011101011101100011001100100000000111111011101111010000111010111001101111101100000000010100101000
101100001100111000001110110110001111011010110101101010001101010001010001111100010101100100101110
101110100100000010000011111000111100110011011000110000101000001111010111111011111111110110010010
000001001001011110100101001010001101001000011111101110100001001111011111111010101111011100111101
000100100010010100111101011110100001100001101101111111100010000101001101111010001100010010010010
011000001000100101011000110110110011110101111011000101001100101111111110000001011110000110110100
011100011100000011111010100011000100001011000111011011001110101010111001111011110111110111010100
100000010101110100011010101011101110011000000100111001111100110011000000001111100010010001101110
100000000011011010100101000010000101010000010000110110100001110100111101110011101001111000100110
110100000001100101110000100011000101010001110111101101100100000111110001011001100100001100010100
000011100111111110111000001101011110001001000010010111100000010010010011100101111110000100111111
110000100011001010011101000101110100010101011110110010000000011010101010011100001011001010100000
101101111001110001100111010111111010010010001011101010110010010001000111010001111101010101111001
000001000000110101110101010010000100010110000001011000111110010001010011000010100001011111011010
110111100101010111101001001111001011001000101110111100100010000101100101010100110100000110110001
111000110101110010001110101011101100100000001101100000001000101011100111110101011111010001111011
100101000110001011011000010010110011000000011110010011010110001011001110000010001010010111101011
010101111000011111010011101101111011000011010001000011000111000101001110111101001011001001011000
110010100101000011010110110111000100001010001000101001101111100100010000110101000001100001000001
011011101000101010110110011001111101111100110011111000001111111110100010100000110100100110000011
111100101000001101110101111100011001111110001001011111001101011001100010101101100111100111111010
001000001011010010001011011011001000010000011000000010001010000100010101110110011010110110011100
110001000001010110010100011000001001011001000011001000100110001010011110010111000111110100100010
001110011100011000011110111000110100001100111101101101101110001101000000111101111000010111011000
010100101100010010100000001100111001010011011100111111000011110110111111110001110100110011110010
100110110011101011101011110101001101011100010001000011111110001111011101001111100101100111010001
001100100101000111110101110100101101000001001011111111110110100101000011100000110100010110110100
001101011010101100101100111011011101011000010001001010100001101000000100100010111110010010110000
010101110011011000011100000001100101111111111100101110010110000010001000100010000111110011010001
011100000000100011101001001011010100110000101000101110111100000110010010010100100101111100000001
001100010110111100111010100000101010011110111001010100100111111101111100110111110110010100111010
100111111011011001010001100111010011000001010101001011011011110010000110110010111111011011100111
101000110001000001101100011111111101101000101110100011001110001011111100100100100001010111111011
010110000101110101100000010000011101011001000011111000100000111011011100011100010000000111011000
101010000100010010011000101110100001100000010011011110110111011010101111010011111100101110011010
010101010111001001011110100010101000111101100011011000101011011000101111101110111000011000111001
000001010010001111101110110010111101011001110000000100001101001100010111010100101001010111000001
011010011011110010111101010110000001111110110001100100011010010100010000101101010011010110100010
001100011011011010011001110000111011000100010011111110101100011101101111010101110101010100110100
100011100111001110111101000001010000100111011101100111110001000110000010111101001000100101001110
001011100100100110111001010110110111100000000000110110111011101000010110010101111010010100010010
101011011110110110110001100000010110010111101011001101011011001111101111010000101011110011001001
011101111011111110010110101011110101111010111011101010011011111111011111000100101000000010011011
101100011010011100000001010010100001010001010011001111101001000101000110110010001011100110000111
100111000101011001110001111011101111001100001001100001110010010011001000100011101011111111001100
110111101011111010000000111100111010001101000101011110011101001110100111111110101010001110001001
011111100001111010110101111111101000101111110011110010111000010000000110011000001110110001110100
111011001111110010101110110111000111101001101111111001000110101010011111101101100110110000100011
111010100111111111110011101110110110110001000100011110110010011010010001011000000011110001101010
110001011110100001001000010100100111100010000111010111001101001001111111100101101010111110101110
110000101100000011100110110111001010010111111110011011110010111101101100100100000010101001011000
111111111010010100010010011000001110001010010100100011101001110110001111001100111101010010111010
111101010010001000011000011101001101011010111001111000010101011001010100011000111110001110001101
010000101100000001011010000011011001010010100011111011111001011001100001110111011001101010100000
010010110110000101010110011101011110010100111101101110110110110110011110101000101010010111101001
111111001011101111101100000100001011010011100100101010001010010110000110110010010101001101111011
101010010111010001111101000110001011101011111011111110101110010011111011110011010100000010111011
111000000011100000101001000101100000001100001010110110000000101101100110110101101000100001101101
100101111011011111010001111011001101011111010100110111000011000100100101111100101010001101100101
111111110010110010101111001001000111101010001100000110010010101010100110101111001010111000100010
100010011010011001100010010101111000010111010011100101011100001011001001010000010010101011111010
110110000010101101010001110001001101011111100001111001101111001010011101010011001100110011100101
001100001010110011110110100001100011010001100101100101101010010100010010111101001100010110011101
110001111001100010101100001100110100000100011010011011010011101101010110001101111011000000011010
010100100010111000111110010011001101110000011110110010101000101110110110110110110011001000001010
110011111001100100000111011100101110010110100011100110110000100101010000111110000001110100001100
000100111000101010000100001111100000110010100001110110100000011000010110111000000111010110111110
111110000101000100101111100000011110000011100100110100011011110100011010001010101101110001111100
011000111001010000110111101100100111011011011000110010011001101100011100111100011110000100001011
101011101110001001000101011111000101101110010011001100011000100010011100111111010111100011101011
001001000001100000011111101100000001001010100010000011100001001110011000101101110001001101110000
100010111010110010110111010100110011000110110001001010000110001000100101001101010000001111010001
110101110000110100011101011010111100000010110110110111110000000010110000011110101000010101100011
100010111100111001011100111010111010101000001110110011111010010001101000100111110000100001011001
011111010111111011100100001111010110010001111010100011001101000011011110001111001010000011100010
111101001010011011000010100111111001001010101000111000100000110100010101000010101000001111110100
101000000110010111101011101101111111000111100011001110001011011100110010111100001100000100010000
010001100010001001100100111000111101010001111101010010101000100111110111101001101001000001000100
010101001101001010110100000001010110001110010010010001100001111110101100010101111101001101110000
111111000000100001010000010111011100111100110010011001111101011010101011111101111111011000000010
111101011011010101000011000111000001000011010100100110101110100011011010010100011010001010110110
011010110010011100010101111001100100111111001011100111011111111110110000000100101111011011010000
100101111010111011100110110110011100100100010000110001011101011000011011010000010111111100110010
000100000110101111110110101010101000011110010011001110001101101011001101011101111001110001011000
010000010100011101101011100111000001111111111110000000100111011100111000101001001101011100010011
111000100010010011111111010000001001101101011110110100010011111110000111000101101010010101110100
101000111101100011000000011010100111010101100000100110111010000100100010001000111111111000110001
111000011001000100111001110110001101101101110010101101111100001101110001110100010111001000101000
000001000001001010001100111111101011100101100011001100001110100111101111010011011010000111110111
011010111101011001111110100010010111101001111110000101111100011001000101111111000001111010000100
100111011111111000111110000000110000000001110001100001001110000101011100110110001010101011000011
101001011011100111111011010101100010000100100100110010000010111010110101000000001001010101110011
011101010101010110110010101001010011110101111101111100111011011011100010100011000110100010000001
000011101101101100010011000110000011010010110001000101100011011101010100011110111010110001101110
100000101001101101010011011011010111101100100010001011111000000101110111001110010000111101010100
101110111111000001000010000001011010001000000100101110101101111111010101001101000100110110000111
011100111000100001001111111000111010011100100110011111111000111011010001000110101100111010011000
000101110100000101010101100011010110000001000111101100001101101010011010100100101111111100011101
100100011011011110111101101001110000011000011100100110010110010110100110111011001011101010000010
100111110111100111001000110001010000011111101101110010010111011110001111011001010011110011000010
110000101001111110010010011101000001101100001110010011100010110100101010110001001100001000111111
100010100001101001111110010111101011101000101000110011011000111111011010111111011000011101000011
100110110110101001100010010110010111011101101011000111000011111110001011001101100111101001101010
100111001000001111101000011001000111100111111100110000001000100010101001001111001001000111100010
011110010100001011010101110100100000111110110010011110001010011010100001101110101000000010110001
010010110100100011100001101000011100010011010100101010011000101010011101001011100010000111111100
011001100110101010100000110101001101010101100100011000111010111001100001110001110010000111111000
110110101101110101101000000000100001100010110011001100111111111001010101100011000010101010111000
101101111111011101111010001010011010111100000010110110010100110111100111100100001000100010111110
111000100000100111011101111010110000101001111011010100100110011010110001110001001000011100100100
001011111111100011100010000000001001110111011010110010100000000100011110010111100101001010001010
111010001011010111000101010110000001110110101100111010001110000000100000010100001111111011001000
100001100100101010111000010110101010111001101011111110001100111111101001001110111010011000000001
010111001101011110011101100101101101110111101010100000001110110001011111011111000000100011110111
000000110011110111001101100110111000001001100111001101110001111011111101101100010101010000001110
011110010100001010011110111011101000000010011001011110001100011110100000011001111010011110011100
000101001110100100100101100000101101010100000110011010111001011101111111001100111010101001001101
001101111000101111101111101001100100000111110001110011110000100100011011110011101111001000001000
100001011001110110100011010101110111011111111000101010111011010100101001010110101000110001000100
100100001111100100010111010110101000011000000011101001110111111110100001010101001000110111101001
101111100011001011011011001011010010011011110101000111011000111100010111001010010110000010011011
000000100001011011000110100111010000110001011010010111101000100110101000100001000101011010010101
101000010011001101010001011000101110110001011101110100100000100010111010011010001011100101101001
110101001100111111011000101110011000110010011111110110011100011101110110110000010100001110010110
010110100001100001000000010111001010110000101001100011100001001100101111010100000110111000100100
101001101110010011011111110011010010011111010110011110001011110100110101011100111110001101011101
100111101110010110011111101010010010110000100001110011101000010010000101010111101101110011010010
010110101010100010111000110011010011001110001100000100100001111000011000010101001101111010010010
001011001001000101100011000100000001000100001010001010110011000110110101110101111001010100010100
010000010101000111000011100101011101111010110010000000011111001111100101100101100000100000001011
111110011011001100000011100011110110101110011100000100000101010011111001110100001100111111010110
110110100000000001000111000100101010010000001110000111110010111011000011101000101011100010101110
111010100010110100011110101110101011011111101100010001000111111011101010111111111001000001001010
111101101011100101011111010001010100100101000100100011001111101000101000011001000110101011100000
110111100101110110010001100011000111101110110110010101101100101111101101001001110001011000000000
111101010000101010001000111011011100010000100001000100100000010010000011001011010000110101100001
010110011101000101111011001011101011010101110101101010101001100001100010101100010110110111111001
111011000001000000010011110100101010110100100111010011001011101110111111111011011011010110110101
001011001110000101010000010101101111010011100111101011101100001011000100111110100101100000100011
010010110001001101011111100010011101011100011111101110010000010111101001000010101111011011001100
110110011111010100111000110100010110100010110101011110110011111001101101111100001110001100001000
010101100111001010111111011011110100010101111111111010001111000010011010100110011101011000001111
100000001111011111010110011110111111100110100001111011001000111000000011001010111100000110000100
000001110001011010000010100100011100000110010010010101001011000111111111100001001110110001111101
111100011010101010110010010001110010000011110111111101101111011010100111111000001010110011111111
111111111001110111101000010111100000010110000101001101001001110110011110110000101010101100011011
011010001101010100111100011101001010011101110001111101100010100100101011011100111111011010011111
011001010011011001100000000101101101100101001101000101011110101100010010010001100100001011011111
001000111010111010101011110011111100011100001111110111010000100000111111000100011000000100010000
000010101000010101111100001010011110000011101110000000000001010110101011011001111001101011011101
111110100000100110101000010010100101110010011000111100110111011110101111000011001111111110110000
011110000111010000000110000111110001111000111011110011100101011010001001101111000011100011000000
110010101011010001110111101000110101001100110101111100000110110110100011100100001000000111010111
100011110110110101100111010101010110011111010000100101011011111011110101110101101011111101000110
111000110101011010000111010011010110100011100110010010010010000001101100010000111011111100100011
010111100001000000010001100111011101100111111000110111100111011101110000110011001101010111100001
100111101011111100010011111100001110101011000100101010001010010010010000001010110001101000000001
011010001111111100101001111011000011110011100001011000001101111001110111011011000111101011000001
111001001010000001101001000100100100100011100001000001001111111110010110111101100000111110100100
011011100101100001011001101101110101001110011100001100001100010010000001111111111001111010101000
011001101111111000100100110111010011111001101011101101010100001011101101010111110111111000101110
111111100111010101100110011110010011000010100101110101011101011011001010000011011110001101100111
100000010001100000101111001000011010100000100100010010111101011000101001001011100001100100000011
010100010100111100001100011111000101000011001101010111000011111111000010000010001100000000010100
110101100010101111011100111000111101101011110101010001101011111011000011100010001001001000010110
000100011001110011000100000000011001100011111001111110001111011101011111000000000001001101101001
001110001110111101101011111100000010111011100111101101111101100101100111100011010100101111100011
100110001001000111010000111010011000011110111001110011000001001010101101111010010001010000001000
101101010100011101011100000100011011000000000000000011101011010001101100101110000110100101001010
000000000100110101100000010011001110111100111011001110011010101010100011001110101010011100011101
011110001001110001001110100001001100110001110000000100010101000101001111101101010110001110110001
011100010011100110010000001000111000110101000011000000010011101111100011101110000000110011111100
010111101111000100000101000111101011000000011001001011011101011001111110111110111010111001101110
000000000011011110000111101100100001101101010101001110110010011100111110001010100100000100100010
101001010000111110001100100011100000100001011101111100001001000010100110100101000011010001000111
110111110110011101010010001001100011111011100101101010000011000101011111011000001111001001011010
101000111100111100100100110110010110111100100110101101110010000110100100101111110011011001110001
011011111110001000011011111100011111111000000101100001110010111100111101001010000000100100101011
110001011001001100000111101110111011110001111010010010001110001111000000010001100011000100001100
110000010110011110110111100100100010001011110100110001000000111010111110100001010001000010111001
001111011100010100101100100010011011111001011110100110001010110000111100010111100111111011011110
100101000001011111010101000000011011101111000100010111100110101001101000011110110010001011011100
111101001000001000100111111001101110100111100011101011111010100010101101011110101100111011011101
010101111010101111011111100111100111011101001011010100100101101100010111111001101001111101001101
001111000010111011110101000010011110001011111001110100010111110011110110001011011110011101011100
011100101100111011111101110000000010110011110110101010111101110000010100010001111110010000111000
000001101100101110100100110010101001101111100100000000101010101100110101110011001110000000000001
001111111011100011101100100101111011101111001010100101010011101110111101010111110110111001000010
110110100010111011110110000111001011000111100011011001011001010000001000011101101001100111011101
110101010001100011110010010011101100001111000010100001101110110001111010111100111000000011000001
011100101011111000010111111010111110101010011101100110011111110001100101111110110001110011101011
010101111010001001001111111011000100111010011100101000001110011001000000011000010001101001010001
010110011111000111110000111011000110101110011100101110100001100101001100110010100111000001011001
011011011001100101110010100010111010100010101110101111010011101010001010011100110101101110011111
011110111111101001010111000111010100001101011010000001010100011010101010101101011111010111101010
010001101100000001111011110110011010011001100111010111111111010011001100100000100010111100011010
100100100010101010011000011000010101111001001111001000001100111100011110111110001100110000101100
001101101100001110111101100000011000110100011110001100110110011111101101000110100111000111110100
101110010011001011001100001010001111101001100111111010101010010001110000011111011000001000001000
100101010111000101100100011111101011111110111100111011001111111110101001111101101000011010111111
000010000101101100001111110100000000010111001111011100111011111011010101011010111011011111001011
001111110111100000000100000111011111011111100011101101000110000110001010011010000011011101111110
000101010010100111010001111110111111101010100100100011110110111100100100111101101000001011001010
001110011010011101000101010100111010000011110010010010011110011100011100110010001111001000111011
100000000010001001111110100010000010100010001100101011010001111110110000001001100000011000011100
001111011100110011101001100010010110101010000111100001100011010010110001011001011111111111000011
010001010111111011110101010100110000110000001110101011000111100101100000101110000111001010001000
110010101001111010001111110000111010101111100100110100110101111100110100110000001111001110101000
110100000110001101111100110011100001011111001111111110111001100001100000100010000001011100110100
010011011100101101000000000011000000001011100011111111000100101001110110001100111010001001101110
000010100100110000000010110111001011110011100100110111100001010101100110101110100011110111010011
111011101001010011111101000110000011001011010010110101010100001111111111011101011101000000010011
100001010101000011010011111011010001010010100010001101000010111010001111001110111111100101010011
101100011100001111110011110000001001111101010101010000000110011011111100001111100010010000111000
100010100100111011100100010000111110100001010101010010001001110111001111100010010001100010011100
001111111011011100000010111010011111101101010110101010010011101100000011101000011010111110001011
101101010100110100001111010011111001011001011100111011010111000111101010001000000000010101100110
111101111010010001010111101101101010110101011111001011111100100011100110111111010011011010110110
001010010010111010111000100111110100011010111000000110010010001000110001110000000000111010010101
110011000111000110000010001111011010111101111110111000011001100001001111010111101110100010001000
000010101010001110100101000110010000110111010111101111001011000100111111100101111011001101101010
000001101001111000100011000111001000100100111100000000000111101110110110001101011000000111111100
010000001101001001110100011010010010001001000111000111100001111010110001010010011011000000101011
010100001011000101110111101001000111011100000000011011111011100110100010101010101111110110010001
001110111010101100110010111001001000010100000000101100111111111001011001001100011001010111001111
110111110001100111000111000111110000101011110000111110111100011100001101000011100001110101001110
010011101011110101001100001110100110111010111111111101000101010101110110011110001001110110101010
101001100010101100110011011100000101011001000110111010101100010111001111100001100100000000001110
011010001100001010101100011000010010111000010111001110011000011100001011110001100011010101100000
110011011001101110001001111110000000010000011110101110110110001011001100011000101000100010111000
010100110000101001001011101001011101101111110111111001011000100001100011010001001101000010010100
100110000011000000111100001010011001010100100100001010000000001100111001101010100100011011101100
000000111110101110100010101000101111110001001110100010111110101011111111111010111011011001110101
100111101011111011110010011010101001000000110110000110010100101100110001010011000101101010100111
100011010010100000111100001001101000010011101100000101111110100001100101000000011011001111100010
110100011001001000001111100101101011100101110110101101100010011110100100001111011111010000111100
100000000101001100000011001001011011010101011000101100011000110000000111101111110111110100101101
001001001000010001000100000110001000000011010001111000011101010100000011011101101000010010010101
111011000111011000101101110101101101100111111111111101111011100010011101000110010111010101110001
111001101110001111010110011010010100001000001001100101100110001010100010000011111001111110000011
000010000010000001111000110010100111100001001100001011010000110110111000101100000100100001110100
101100111011000100100001011011011010111111010111011010111001111011100011000001100011111001100111
110111111000100101011110010011000001000011010001111011111101001110100000110100110111000010000110
011100001000101100000110011001011110011100110011010010111000011001001100011010110000011110000010
010110010101101100100101111110000000100111000000100000000001111100100110011000001001100000101001
011010001111111011110000100011000111110011001110010111100001010111101000011111011000101011111101
000111101010011011000011001011000010111100000110000100010100110010000111011110001000100110011011
011111000011001001011110100101110011110001111010011000110000111100000000000100111101101101110100
001010111010011010000100000001011101011110101011010110100101010111101010100011111010100111111101
111010100001100100000000111110101101000000000011101001100101111011101101100100000101111111100111
011010111010110111010111010101001010010100011110000101010000101000001100101110011101011101110101
110101001110111000111111101010000101001110100111010100001000001101101000111100110101110001101001
110100010001011000000000111010111010001100101010001001000000110001101011001111110111101100010010
100011111011010001110111110011101010001011111101001101011011000010111111011010011100101110001110
000010010000101010011101000000000110010110100011010111111011001110101000111110111011001001101110
110101011100011101001001101111101010001001111010110010100010101100110101010010000000101001000000
010111110011001011111101011001010101101010000111010010011110110100001011010011111001101101000100
000101100111011011001100111000100101000000101110100001101000101001111010001011010011101111101010
000000000111010100000010110001000011110011110110111111111011010111110101100100110011111111001101
101010110000110001110111111110111110100001101100101010111111001010010101100001000010001110100010
001100101001001011001001101110010010100001010111110100111010111001100101111010111011101100100100
000110111000111111101111000101011100000011100111010011001000110011010000110001100110111001001111
111010000111011101100011100111111101001011110011110001101111010100001000000001001100110011000111
010110100100011000011100000000110010001000101101010011001000100101100100011111011011100001111000
001101111110110100010111010000100011000000111000010101101111011100100010011010111101110101011001
011111100010100110001111101110010110111000111010100011101101110100011010000101100010101011011001
111001101011010101000011011000011100000110000101011101011001011001000010110111100101011001001110
001101001011001101011001110010011010101011011101000011011111111001101111010000010101000001011111
111111101000000001011000110111111110110111011110001110010101010010010010100000011110111110110100
101011001000101001110011111001111011010000011001111011100000010001000011101100000100010001011111
101110001110100001010110010010100101000010000101011010111110001000111000111100100101011000110110
110000110011101110010001100111111011000011010111110010110001101000001001011101101100111110010100
010111001111100011011010110111011101000100011001111010101000100111111011100101101010110110101011
110010111010000011111001001111100000001101011110101011000100110111001111111101011000011111011111
110000110001010100110111011100101001111000001100101100100001000100000011001010101010010001101100
110011001111011111100100101101011111111001010100000110101100001001011101101010110000000001011011
000010100011110110000010110001000000001110111101100000110111110011011010100000001000001100100111
010111000101000000111000011100010000100101010001001110111101110101001010010101000101001010110101
000111000110101010001010100000010000010011001110011110111001001010100011010110001000101011111100
100010100010001101111111001101110000011110001010000001101100100000101001110010111110101111100111
011101110111011100010111000100010101110000010101000100101111000111110000100001101011100100101000
110100111111010110001010010001101000100100111000110001011000111110011111001111100110110010011001
111011100001011001011101111010110110110000110011010111101011110110111011010101110110111001110100
101001100000010000001001101100010100111110001101001001001111010010100100100100010011100101010100
110110000110010101001011100000111000100101010110011010111110001000001010011011110111001110010010
101001110011101100000101001000010101010011100101110010100110001101101011100010010010100110001010
100111110101101110011100000110010110101001110100100001100000010110100001110100110000100000111101
001111100010000011010101000011010111101010111111101001111100110000010110010010001100101111100111
110100001011000100100111001011010100011100110100101001011010001101011010110110000101001110010000
110010110100001110111011100010100111000000010100110010111100111010110000011001001001000000110001
010111010001100100101001001101110001010011100100111111010011011101000110000111010100110101100001
010110100111010110000011101110001110100111110110000110001111010001110101010010000001000110011110
011101101000110111100010011101011100011100001011110000100000001011101101100000000010110011110000
110100010101001101101111000111010111111111010101011010100101111011000011110011100111010011101111
010001001001001111010110010111001110111100011011110110101110011111011001011000011110101001000000
111101100110110100100001100001001001011110110110101111001000011110001000110000111101001010010011
100110000001010011100111010110011101001100111000110100011111100001110010111001100000000110010010
011100001010110110001011011100000111001101000011000101000001001001100100011110011011001101011101
110000100010100101011101100111100111011110101101110011011010110001100101101111000100010110111011
111010001100110110100111100010110011100101011010100010010011000101000101110001110011001111000001
110111110010100000011010011110000001111011010101101110101110110010000010001001100010010001100001
111111010000101011110101110000100111101001000110100100111101011111100101111001110001010110000000
101011010100110001111111110011101101011111100010110100111001001000000111001110110110110111111011
111000110011010001111011010100101001000011110000101011101001000000100001000010001111111001100001
001111110100010111001111110010010011011011110001010110011100100011000001100110010000001111000101
011111110011010101011010111011000111000011110000000100111100011010110110111110000011011000111100
011100111100111011100010101011100000111011100111011100110111110001000001101010110101110011000001
001010101011000000001110111000100101000101010101100000000010000100111011001000100000001101110101
010001110010101110000100001000011001110011011110100000110010111010000100000111010011000011011001
010011000101010010001011000111010000110110110001000111000001011010001100101101011000001011010011
010110001000000001000101010100001101111101011001010001011110100101101000110011101011000101110100
011101010101111101111011101011110111001100101011101110010011101011010100111010101101101011101111
111000011011001110011100000100101110010101111011000110110011101100000101001111010100001001100100
001010000111111110101010001111110110101101110000111001110010111000100000011010001011011011101011
001101110000100101110111010010110010011110010110010010000011000000101100111011111010000110010010
000100110001011100110101000100010100010011101000110000000101011100011101100010000111001011011100
110101110110110111101110000010101010001001001110101110101101010111010101011110000010101010101100
100001100100110000001010111101111001100011011101001100001011010010111111011111100001011000011111
011010110111010001000110010011000000000101010000000011111001011001000001100010011101110101000011
100011001001110111000011111001011100011101100001011000011000110000101111011110010000010100000010
110000100111100011110011011110000100010001011001000110010111100000010000100001001000000011110001
101100011110110100100000001111001000001111111000011111000101010101111010000100010100001001001001
010100111101100011001001110011111001110101111010111000011111010111010011010111111110101011010000
001010011011110111011001011101011101011111011100111001001110000000111100111100100101111010101101
100110110110011101110110101000100101110101101100101011110010011000010111000100001000010100000010
011011100001101001100110010010101001010101111011001101111111110001001000001111011111111011110001
100010010011110010000101110000010111010001000001101100110010100001011011100011111011101000111000
001001011101000001100011000110001010011011101001111101001000001011110001111110100101001001111100
010110001000011100000010000111110001000001000110110100100000100010010011000100110101100101111110
111001111001111101100100000001010110001101101101001110001101000100111011111000010010000010111000
010001110111000101100010011110111111001010000100101110010110111100011100001000101000111001111010
000001000100110110110001000101001010110001111011100100111111111001010110101101001111010010000011
111100101001010101010110110110111000011001001111011010111100010001100101100101000111101000101000
001000110111000110000011010110111000011000010011000010011111000110110100000100110110010000011101
000111101101111010010111110010010110011100111101000011000101100111101100110000100011010010101010
101110110010000101100110101111010001111111010001111010110001111000110101000110000110110111000000
000000001111001101110101010010010011000101000110100011101000111111100110110001011111000101110001
001101101011111011011110001100000111000001001100010001010001001000111110011100010110011100000011
110001010100001111000111100100010010110011001000000000001101110000101001111001101000011110001011
100111011010101110011010111100000010101111000111011100111110010111111010110100110100010111000100
101010101100100111010011011011000010101000110110011011100011110110010111100101110101110011110101
101010111111100000000111101111100000011011010000101110110001110101100100101110100000010001100101
100011010010111110001110000111101011010000011010100000101111110111110010100111000011110100000011
001000001010101011110001111110011001000111100101001011010000111100110101011100111111100011100010
010010101111000001111011011011011110010101011001001000110010010010111010111011000101001000100100
111001110010011100000110000001100111000100111110101001001000001000110000101111111100110011110101
110011011101100011011110000001001001100011010100100010110001110001111011100110110000010101110011
111000110010011111100100000010101111000000101010100001100000001111110001000011101110110111100101
100011010110100010101000000101111010011101110110101000110111100110100010101111101001101101011010
011100001100110011000100000110110110101010111010111001100111110001110010010101111011100010011100
010011010100110011001011110111111010001101111110000111000111110100101001101101101001111010110111
100001000100101011001011100011010100110001110101101000110100101001010101010001001010101011100000
100100001100011001010001010000000111101110000111101001110010011111000010001100110110010111101010
000011100110000110000100010011100111011101000011110011100000101111011111001111111011010110110001
001001000000001110000011111011101001111111100100100111110011001101111101111111101111011010110000
010000001000110001110010011100110101011000001101010110100000100111110011111101111011011000111010
100010010111100000110101011000101110100101010111000110001111100111011110011100000110100101000100
010011111101000011010010011101010001100110111010110010111100100100101110100100111100111001001000
100110000010010001111010101011010000101001101111010001111000011010100101011110011001001010110000
001011011100101010100000111100011100001111011011011100100001100011011010011100000110001110001011
010111111110110010111110110101011001110110001100111001100101100101011101000010101110011001100110
110011000100001011111001101000111001001001001000100100111001001101000001110010100010111010101110
100100001011100000100100010001101011001111101100011110011010100110000101001000011100000000010111
101000110001011111001110011110101110111010111100001100011010100110100101010001111000010000100101
011110101000100100101101001111100100011100010001101010111001000000001000101000000000010100000100
011111000111101011001101001110001100101010111111010100000000111011100001001010101010101110010000
100011110011111001011010111100000001010110101110111101101110111011011101001000010001000011101111
000111100011011010100011001001011110111000101001010001000000000101000101000100001011011100010011
111111000001010011100001010000010011000100001011100000001011011111110011000010010000110010000000
100111111101011000101111101111010110111101010100010011110100000100100010000010100111100001011111
001001011111110101000000011010011110110110101100011000100100110110010011001100011010101011100010
011101001110111111010000010100110100110010100110001011110010110000010000100011111001110111000010
101011010001001011100000110100110100001111000001111110000010101101100110010111010011100111011100
110001100110011110001101111110011101111100001011110100111100101100000101011101010000110100101011
111100000010000110111011000100011101101010000101101101000000000001011010010000011111010111000111
101110111000110001011011100111100000010011110110100100010110011100011110101010100001010001100010
011010111011110000000001101011010100101011001000111000100101000111110100000011110001010011000101
010111111010100101001001011100110100010001001010010000001001011100000110001110000010111110110011
001001100110100010000111010101000000111100001101011100010101011010011100101101100110010000111010
000011001011001010010010011101101011100111001010101101100011100011001101000100111010011010010110
001110010110110111010011011111100100011101011111111011011011001010000001101110101110011011000110
010110111000101010111000111100101100110001111011110110101110111100001111111001011110001001111110
101100101001001001101000011011100110100110110110010011000011000111101110011111000010100101100011
000111011101110011100011111010100101111001000100000110110101110010010100101110110100110111110111
011010001100010100011010111000011100001111101010111000001000011100011000011000101000000011100011
111110011000011000001000111111010100010000001100101001001111000011101000101100110000000001000000
111001001001000000111010011011111100101101001011001110010111001011011111110001100101001010101001
111100111100000101110100101010110100100000001110000100011011101101110000101010100001100011100110
011011000011101111100100000010001111000111011110100100110001100001100011100110010001100011111111
110100011110111001111000110100110010110100000101001011101001110010101000101011111110010001010010
011000000010111110111010010100011101110011011111110000010011001110110101101100101010010100110111
100001101101001110000011100110101101001101000111011010110111101000111001100100000000111001101000
111000001111011000110100111111100101000100111111111001001101011110000000100001000000000111111001
111101100001000110111110011101110001011100110110111100111101011001010100001011001001101101001011
101100011000101111101011100010111100010101000110011111101001111100001011101101110111010110000011
101011110100000011000011101011100011101100110010001111011110101100111011011010001001101001111001
011011100001000000100001110010001100000001101001010001010110110101000001011001001111110001010010
011110000010011000001000011110011001000011101100100100100110001000010101001111001110101110010101
000011110110001011110011101111110111111010110000111100001010101101000001000000101011011011001011
101010110110100011111100111000110100100110111010101010011000100110110000111001001111101111110110
110000001111100011101111001100001010011101110100010010001001001001100110001001100110110001000000
000100100000001110001111010010110101010010110111101010011000110111010110010101010011110100011111
111011001001101101110111110010000011011111100000010111010010011001000000010110001111001111000010
101011110101010000010000011100011000011001011010110101110100101110101100100011101001111111000100
011100101101000000010010100100100011101111111001101110100101100000110110100100010100110001000011
111001000111001101000101011011100111011011100000001110000001101010100010010000011101001101100011
101001101011000111010101011001001111100001111100011001011000000010101010000000110010001000111111
101101001101100100111110010111110000101001110110011011000111011010001000100001110111100000010111
100110000110000000000000011000001000111000110110100111111011010100011000001001010001011010111110
000101011000000010011011101110100010011010010010000110011000011110111001100001100011000111001010
110110011011010111000010010010101111101111110101100110011011010000110111011110101001001100101101
011011010011000110010100010001001101001001011000100010111011010100010111101000101001101110010010
100110000000110110001001010001010111011101101001010010110100110010110100001010010111010110011011
110001101011101110110000111101000001111100100000100101010111011010110100001100111111010111110011
000100001101111000010101110000100011000000111000101010100110011011000011010001110100000110100110
110101100100010010111001001110101111011111010010011101000010111100001101000101000101011100011100
101100011100001101100001011110011010111011001011100011001100011010000111110110101010101100011011
001001101110110011000011011111110000000001011101011001101111011001000011000000111011110000100000
101110110110101101101111110011101111010111101111111011101111001100000101010011111000000010000001
001010001100010110110101010101101001100000000111000110000001011011011000111001010011001110101111
101000111011001010000100011000101110001011011001100100100001101100110000011001111000001111000011
000111100001111001001010101100001111111001111011111010100000000111010000010111100100011000110100
001101110010100100101101000000001010000001011011010011000101110011101001101111011101010101101101
000101111110101100101011110010001010100010101000010101100101110010001011100000111111101111011001
010001101110011000101010000000010101010000010000111100010110011100100111001110010100001000101110
010000100100000000111110100011011110110110001001011000111110010100110010000100101101110100010010
111110011111010011001111011110110100101001001111100001100110111000001101100101101001010000100010
101101011101010000001010000010111010111010100111100101110001101101011001011111010111111110101111
110010101101101101110010101000111110011101001101100011110011010100010010100111000111010101010110
001010101100000111100001110110101000101011001110110001110110010010101011100001011011101111100100
000001100010100100110011000111100110010000101110000001111011000011010101100010101011000100100010
011110100101111100010101011011111001100011011100101001111100000000010100101101001111100011001101
101111101011111100010010100001111011101000010101100011110000100110001100101101111111001001001011
010010011100010011100100001101001000101100110010100100011100011100010000001001100111110010100011
110000100000011011000011110001011001011001101011101000010011011001010110110010010110010111111111
111000000010111000111110001011000110000011110000110001100110001110001010110101111011000000100001
010000111111110101010001110001111110001001000000000001000011001100101001110100111010110010010000
001101000001001000011100100001100101100000001110010000101001000101000111000100111110101001010011
001100110010101100110100000000011001110010111110011110000000111100110100111000111100011101100111
111100001110011110111110101010001100100100111010011100111011010101110101011100010010001101001011
011000010001010011000101000101001100000001010011110110010100001010101101001010111000110000111110
011011011100100101000001101011010011000011010000011001000000011101101100101110110111010110101111
100101010111110001010100010101000111101100001100010111101101101000001000011010110011101111001101
111110000011110110111000001001011110001000001000001111001011100010101101110111101001100011010011
111110011111100110010110101100001100001010010110111101000100111110000100101101010011010010110111
001011111000001001000011010101110101000000110010111010110111010001100011111011001100110110011000
000111000110011011100110001101010101111101111111100100001111111110010110101110000000110000100110
001100001001011100101000000110011011010110101001101011110111111100000100011111101001000001111011
110111101010011101010100010000001100100101111011111001100010010100010101101011011000001101100000
000000010001011010100001001001011111010101011001100111101000101100011110100111100111010101010001
000001000010101011111000111001001000001000101011110000110101010100000010000000110100110010110001
110100000100101001111111100001101000100000001010111100011100010110001111000011001101010110011000
110000001001011101111001100111000011010100001001110010001110100111101011100100011110001100100011
001011001010000001111001100110110010100011101111101011111110011101111011000001011110010000110011
011001000000100000011001111110101111001010000111011001100101101001001110000100001111010000100011
000110100001000100101011000001010001010100000000100110010000001101100011101010001011111100100000
011011000000100010010111100000011001000101000110111101111011010100000001100011001001101101000100
011100111000001101110011001100101101000001001010011111110100011011111001111000100011011110111101
011100011101010011000111111011111000000111000011111101010011110001011111111000000000110000110101
011011010100100100110111110100001101101001101010101110001111100111110110110101101000100000111101
110111111111011010011011010100001111100011101111010000001001111111010000000000011010100000110100
110000100101100011100100101101010110111101100010001110100100010001010001010101011001101110001011
101101111010010111011111010111011011100110011011001111001001111001110101100101011000111101110110
010100100000100110000111001100111110100000000100101000101010000000011000011011111101110110000000
111000011101100010100110010100010001110000010011111110111001001100000000001011011010101011100111
111000001001000010100101101011111101110010010110110101010101010000111101011110001000101010101100
100011010001101011000000100111010010111010000111101010110110111000100100000111011111111110100000
101011111000100110101010000101011111011111011010101010100110011111011000111100010010101001011000
011000110000011110110101000000110001111010000010101000111011011100011010001000011110001100000011
001001110101111000011111000101001001000100100001110010111001101110001011001001101010011111000010
011110110001110100101001100011011101011010010010010101110111101110111101010100001011110110000100
010101001100110011100101100101100101100001110110000011000110100011110110111100111101011110110001
110100001001100001100101110010011111100110110011100010100000111110111001101101000110100111100110
111011111101011111111101100110010100000000010001110000101000011011101111011011110100000010100001
011011000111011111000010011001010111011110001111001011010111001100100011101011000110110000111101
110011101001101110101110000110101000010010010100001111110011100100000010110100010000101001000100
001110011000111010010110000111011001101111101100101000001010111011010010100010000011000000111101
110000011010110011111010011001011110011001100100111000101011110011000111010010110100001111001100
011001100010001100100010011110000110110100001010000111000100100100100111111010010111100010011001
111110110110011101000000100100111010100011100100010001000110101100000011001010110101001010111001
110010100100001101111010011111111001000011101100101100001001000001010100111001001110100110100111
011100010101111101010011100111000010001101100000000101001011001100110001011101001011101111001001
010110111011101010011110111110100110101010111110010110100011111100000000001110000110100101110000
001111011110100100101100101001101100011101011110110001010100111111001011001100011000110111101111
100010100100111100110100011111001110100011001101001010001001111101011001011011111110001101011111
011011000000111110101110111111111111110000000001000010010101110110010111010011010111100101001000
110100110001111100100010100011001111010101000110001100001111001101001100111111011011110110000011
110000010010101101011010000101101000001101100010100101101010101101011101001011101111010011110110
001110010110001010111111111111101110011101110000010011100101011100101101110100110110111101001001
000110011101010100111101101101100101101100110101101110111000010001101011101010011111000110011100
100101011011101000100010111100010010010101100001011001010010111000110011101100110111000001010110
001001010010000101000010100111110100001001000110011000010101100011100110111101100101110100111011
101010010111100100111110010000110111110011000100100111001001011010111110011100010110100011111010
100011001000111000011100010110001000001000000100111001011101101100110110011000011000011111100001
000011101111010001010000010001110111000011001010000001001011110011101010011010111101111001011101
111110010011111000110111010011010110111110010011110011110010101100001110010011110111111011110101
001011101110001001010010011001010010100000001111100110010101010001000001110110010001100110101010
010000101000111001111111001010111010001000010100000010111111100100010110101010000000000010001111
100001010100010101001111000001111010100001111001011100000011110100100010000010001101011100010101
110101000011100000001100110011111110001010011000111000110100111101100000001001001000011110011010
110100001010101110000010011010010000000010101011100100110000111001100100010011011000011100110110
100000010101100111110101110000111001111000001111101010100010001010101010010000111111101011000110
111100011011100110110011101101101001011010101001000010101101100000001010110010111101001111100101
011101110100110011011111000001011100110001011011011111101100101011100110110000111111111101000100
001111001011100110000000101110000000101100000001001010000000001011000110101000010001010110010111
100001110101110100110011001000001010010000110010001011010101101000100000100101010111101111111011
110000111000001001001011001111110111100000010000100110110111000011011100100000110101001000010100
001001101000001110111111001101100010100110000101001101001101110101010011001110010000110101100100
111000101110100101110011111110010011001100000000100011001100001110011101101110001111010100111010
001010000111101101011011000101111111110110000011001111000100001001101111010110101011001001010011
110011110111111000011100000001010101110010111111111011000111101101100010100010011001101101010101
010001011111010010100001101110100100101001111001100010101010111010110011011010000001111000000000
011100000100011100000011111100011000110000101001000000100011110001101110000101001110010110010111
110110110001011111010110001011110001100001111010000000001001000100101110010000011011110110110000
000110011110101111011000101110100111110000100010000110101100101011010101110110010010100110000000
000000110000000010011111100100010110111101110100011010000011100010010011101111111100101001101110
101000011101110000010100101000111000010110111110100101100010010111001110111110000111100111011011
111010111001000111010110110110100010100001010100100000111001100110110000100011110111101101110111
101000001100001000101000011000110011100001111001011110000101001111111111001011110000101111000011
111111110011001100101111011100101101110010110101101101101000001111100111000000011001000100110001
000111100111100101110101111110101110100101000110100110101110011110111001110011000100101011111010
110111100000000001111001001000101111110010011001111100101111100011110100101110110001110101111101
101101110001101011110011110101111000001101001010000110010110110011011100011010001000000011111011
010100011110001001000010010101110011101101111101101010100100111101100111110100111011010010001111
101011101010001010011100011101001100001011111001010011110001000101101010100100001001010101010101
100010100100110111011111001000101100110000000110011001001010010011110011000001101000000011001100
100110110011111110011000111011001000100110101110110011110011110010100000110110100001001000100000
000110001011101101000101110101010001010001010101101110010100100010100001000110011001111101100100
110111110000110001010000110010101100111011010101110110111110011001000101101110000110111101110100
011101100101010010101010010101101000110001101110100001111011110011110100101100110001000000110001
111101111010100011100011101100100011110101110000100111100111111000101011100110111101010100001111
011100110101100100110110101111111100110111001001011010011111011011001001011010100000010101101001
000111011101101011111100001000011011010000000100001110101101110011011011001111010110000000100111
011011110110110111110011100101000100000010011001010011011111110000100010001101011111001100010001
010001101001111000101110101000110010111001010110000100001000010111111100000111010101001111000001
100000001010001111001000011110000001010001000011010111101001111101101000111100101111111010111011
110001110011000011100001010000111110101000111110011000100010001011110001110010000010000100111001
101000010010010111100011010100110100100100010111010100010011100001100101000000101011000101101000
100001001000001111000101101001100000100100010001000000111110110100010100111000011001010111000110
111110000000100101010110101000011011110010011011010010011000100001110111101011010100100011111100
011000000101111110100110100001000010000110101010101100000000000110110011101110000010010000010101
000010101001001010000000101011110010100000111111111100100111110110100111101100000101100111011100
011100011001100110000011010000110010111100000111011011101011110110100101000000000111101100100010
000010111000001100111001001001010111111101100010010000000001110100010011000100000101010101110000
110111110000100110100111111001010000010000010000010111001001001110111111011001101011001110110111
100010111010101101001001100110011010001110111110110011110110101101101001110011000111010010110000
001001111100001011010111100010000001111011100001010001110111110001100001110110001000101101000111
011110100100101110110110101100110001001111000010011010001100101010101110000010111011110010010111
011000101110100010001000001000010101011010001100100001100111000110001111100000111111011000000010
000000110110110001101001111001101110110000101100011000011110100011100000101011010000011011101101
011111010010010101110011101100010111010101101101010111001000110111100101110001110110010101000010
111101100111111110011111110010111000110111101000000100001010010100010000101010000011111111011111
010000100100010001001011011001101111101111110011111100011101001001001110010111100110011000000010
011101000001011100110110000110011001100100010000011001001010010101111111100000101111111011100100
110110001010100010101111111101010111010110110001111101110111011010011010111110001001100101011101
010000110101010011000010010010100110010000010111100000110110011000101101001101101110011001100011
110001011010100111010000100011100100111111110110011000100000101110000010000111001000111101001110
101010100000010110011011000100011101111011010111011010100010101011101000000010010010101111010100
000110010010001010110000011011100001010111010100111100011110011101010110010010010001010011111110
001101100011111110011111110010100010001011110001100000000101000100101111101011101110011110000101
000110110101001001111101101101110011000010111011100110001000010110111001011101011011111111111101
001110111010001010101000101011010111000110000010111111000001011011000000010000010001001100100011
011101011001001010100111010001110011001110100110001111010001101011111001011001001010100010011100
000101111011011111001000001001111101001011010110111111010001000110101101101111010010101001000101
101000001001000101010111100110010000000010000010001011010100001100011110111100010011011001100100
010000000101010000101101000100011010110001101001110011101111000000110101000100111101110001101101
110110011110110110000110000111100100001000110010111100011010111011100101001010011110100011011101
001100110010001110001111110111000011101000000011101011001101101110010111011101110110100010101001
101101110001100110111011011001000001101000010100011001000101000110100111010010011101010110010100
101010001011010001001001011000111010101101111010111110001111000111001010110100111101110110000011
001000100111110111000111000110111101000101010011101011110010011000001100011101001010001111101010
010011010100111111011111100010010101001100000101010000001100111101010110101110001010101100111000
101111011010001110110101111111000001000111101010011110010110110000010000000100011110011111101101
100000010100101111101100000111111000000010010110111101011100101100000100000111110100111010101101
001011100001110100011111110101000111001011001000100010001001100100011100101001110100010101001100
101001110101010001100101100110000110111011101001010000100111101100101011110001101100000000100110
110001100101101010101010111110011100001100001001011000101110010101001011011010110010001001001111
110010101000100000100001100001110100101110001000011101100111000011010110111101010100110000100101
111010001000011111010001101010011000111000100101010100100110110010100001111101001000111000000011
101011101010100001011110110000010111111110110001111101101111001101100000001010010110111110111110
011000000001110111100010111111011110100001000101101001100011100010011000010001101101111111010101
100111001001110101010111001111000101100100000111010111000110010111110110100110111011111001010101
011111011100111100110000100110001110101000010110110011001101100010101111000000110000010111010111
001001011110101001010101000001101011111001101100110011101010010111100101111010011111110010000011
101011001101100001000100110110110101111111100100110000100100001111100100111000110100001110001101
110000001010100010011011010000101101010110010000011011010100110011001111110001001100100101111010
101110000110111001101100011111101010111100111111000000010110001001110101111111000001001111110000
010001011101111111111101010001001101110010101110000101100010000010101000101100110111111011111010
010010001100011010111011100100011000000011000101011001100111110110111011010111100011001000000001
