000000000000000000000000000000000000000000000000000000000000000110011011001000010110111001100010
000000000000000000000000000000000000000000000000000000000000001001111011011101110000111110101110
000000000000000000000000000000000000000000000000000000000000100010010111101000110001110101100001
000000000000000000000000000000000000000000000000000000000000111000110010001010000100011001010110
000000000000000000000000000000000000000000000000000000000000101110110100111110101010011000100110
000000000000000000000000000000000000000000000000000000000000001011101100111010000100100110100011
000000000000000000000000000000000000000000000000000000000000100011001010001001101010101101101011
000000000000000000000000000000000000000000000000000000000000011000101000101010100111111111101100
000000000000000000000000000000000000000000000000000000000000111111101001111100111000110010000110
000000000000000000000000000000000000000000000000000000000000010101000100101010101001100011001111
000000000000000000000000000000000000000000000000000000000000100111011111101100111111010011110011
000000000000000000000000000000000000000000000000000000000000101000100111101110000101010100111010
000000000000000000000000000000000000000000000000000000000000000101010010010011110110110010000001
000000000000000000000000000000000000000000000000000000000000110011011010010111001111100011001000
000000000000000000000000000000000000000000000000000000000000110010010100100000000011111110010110
000000000000000000000000000000000000000000000000000000000000111011001011101100101010111101100001
000000000000000000000000000000000000000000000000000000000000001100111110000111010000001001000101
000000000000000000000000000000000000000000000000000000000000110001111000100011111010110001011100
000000000000000000000000000000000000000000000000000000000000111100010000000011110101000011110111
000000000000000000000000000000000000000000000000000000000000111100011011000101000100011001001011
000000000000000000000000000000000000000000000000000000000000100010110111001111000100110101111010
000000000000000000000000000000000000000000000000000000000000100100010110001010000110000101000110
000000000000000000000000000000000000000000000000000000000000110110000101101111010001111110010000
000000000000000000000000000000000000000000000000000000000000111100001010001001100010110101110010
000000000000000000000000000000000000000000000000000000000000100111100010110010111000100010010011
000000000000000000000000000000000000000000000000000000000000011001001001111000011001001000001001
000000000000000000000000000000000000000000000000000000000000111110101000000110000010001011110110
000000000000000000000000000000000000000000000000000000000000100110110010101000000000110111100010
000000000000000000000000000000000000000000000000000000000000110100010110001001010011010001110011
000000000000000000000000000000000000000000000000000000000000101001001010101110110011111010000100
000000000000000000000000000000000000000000000000000000000000010010011111010110110001101110101110
000000000000000000000000000000000000000000000000000000000000001110111000000001111100101000100010
000000000000000000000000000000000000000000000000000000000000101100100111001001110111111001100011
000000000000000000000000000000000000000000000000000000000000010110000011100110010001001000100110
000000000000000000000000000000000000000000000000000000000000101010000111111011110100010110101101
000000000000000000000000000000000000000000000000000000000000101111110101100001001000110110111111
000000000000000000000000000000000000000000000000000000000000011010101100111100001111011101011000
000000000000000000000000000000000000000000000000000000000000001101011000111100010000101100100110
000000000000000000000000000000000000000000000000000000000000111100011100100010000110101011100011
000000000000000000000000000000000000000000000000000000000000010110011010000100100110010001001100
000000000000000000000000000000000000000000000000000000000000001100000001111100010100001110011111
000000000000000000000000000000000000000000000000000000000000010000000110010011101001011000111110
000000000000000000000000000000000000000000000000000000000000101010101001101101100111000111011101
000000000000000000000000000000000000000000000000000000000000110111000101010000110010110100111010
000000000000000000000000000000000000000000000000000000000000111111101100000111000000111100101101
000000000000000000000000000000000000000000000000000000000000101011001110100010001110001100001110
000000000000000000000000000000000000000000000000000000000000100100110010001000011001000001011100
000000000000000000000000000000000000000000000000000000000000111001000111000101100001101111100101
000000000000000000000000000000000000000000000000000000000000110001011100001000101110000000001010
000000000000000000000000000000000000000000000000000000000000100001001001111111111100110100111001
000000000000000000000000000000000000000000000000000000000000000100000000111011000000100111010111
000000000000000000000000000000000000000000000000000000000000101011000110110101010100011100001100
000000000000000000000000000000000000000000000000000000000000010101010010010111001000101001010101
000000000000000000000000000000000000000000000000000000000000010100001010101101000110011100100110
000000000000000000000000000000000000000000000000000000000000010101011010100111011000001111111000
000000000000000000000000000000000000000000000000000000000000110111011010101110100101101111100001
000000000000000000000000000000000000000000000000000000000000101001000000101110011100011111110001
000000000000000000000000000000000000000000000000000000000000001010100110111011011011100101110111
000000000000000000000000000000000000000000000000000000000000001010001100010100111000000100110111
000000000000000000000000000000000000000000000000000000000000101100101001011100010000011000111001
000000000000000000000000000000000000000000000000000000000000100001000101011000111011010001100111
000000000000000000000000000000000000000000000000000000000000100101001101101100001101100111111011
000000000000000000000000000000000000000000000000000000000000110111011110111010000110111001100111
000000000000000000000000000000000000000000000000000000000000110100010000100001111001011110000010
000000000000000000000000000000000000000000000000000000000000110011111010010001011010010001100100
000000000000000000000000000000000000000000000000000000000000101001000100001000010000000010001011
000000000000000000000000000000000000000000000000000000000000000001110001111001101011010111110100
000000000000000000000000000000000000000000000000000000000000000011010001111101111011110001110011
000000000000000000000000000000000000000000000000000000000000010101100010011001101011010011111101
000000000000000000000000000000000000000000000000000000000000000111010010111101101001101100110100
000000000000000000000000000000000000000000000000000000000000000000111001011000111101001100010111
000000000000000000000000000000000000000000000000000000000000000011110001100100011101110001001110
000000000000000000000000000000000000000000000000000000000000001000001111011011000000000100001010
000000000000000000000000000000000000000000000000000000000000010101111111110001001101000011000111
000000000000000000000000000000000000000000000000000000000000101000001100011001101110011011100101
000000000000000000000000000000000000000000000000000000000000101111110101101010010011010101011001
000000000000000000000000000000000000000000000000000000000000010111000010000011111001111111111110
000000000000000000000000000000000000000000000000000000000000100100100000001000111001000101010001
000000000000000000000000000000000000000000000000000000000000111011010000100011100110010101110110
000000000000000000000000000000000000000000000000000000000000100111001001001100011000111110100001
000000000000000000000000000000000000000000000000000000000000000111011000100000100010110101000000
000000000000000000000000000000000000000000000000000000000000001001110011011011101101010011110010
000000000000000000000000000000000000000000000000000000000000101001110100000100100100110011011000
000000000000000000000000000000000000000000000000000000000000111101111010000101010011111111000110
000000000000000000000000000000000000000000000000000000000000011001110011011010100100011000010011
000000000000000000000000000000000000000000000000000000000000111000111011111111001001110101100000
000000000000000000000000000000000000000000000000000000000000000010101001011001110111110001110100
000000000000000000000000000000000000000000000000000000000000011000001100000101111111110001001100
000000000000000000000000000000000000000000000000000000000000101010011000100100010000110001110111
000000000000000000000000000000000000000000000000000000000000100001101110111110010010110010100110
000000000000000000000000000000000000000000000000000000000000111010101110011011111110000100111000
000000000000000000000000000000000000000000000000000000000000000100001110101111111110010110010001
000000000000000000000000000000000000000000000000000000000000111100110010011000001000111101111101
000000000000000000000000000000000000000000000000000000000000011001010101000101111001111010101101
000000000000000000000000000000000000000000000000000000000000001110011011011101111011011111000011
000000000000000000000000000000000000000000000000000000000000000001000110000011111101111001010011
000000000000000000000000000000000000000000000000000000000000001000000100110111010101111011010001
000000000000000000000000000000000000000000000000000000000000010100101111110110011111001010101001
000000000000000000000000000000000000000000000000000000000000101111111000111101001001000111010100
000000000000000000000000000000000000000000000000000000000000110110010111011110101010011000101111
000000000000000000000000000000000000000000000000000000000000110000010000001101011000110010011010
000000000000000000000000000000000000000000000000000000000000101010001010010011111000110101010000
000000000000000000000000000000000000000000000000000000000000110000111110000000000001011011010101
000000000000000000000000000000000000000000000000000000000000000111111110001001110011111001001011
000000000000000000000000000000000000000000000000000000000000011010010110101100010111011010001100
000000000000000000000000000000000000000000000000000000000000110000001100110010010101000000111100
000000000000000000000000000000000000000000000000000000000000000110110100111001000111010011001101
000000000000000000000000000000000000000000000000000000000000001001011101001101011100011001100001
000000000000000000000000000000000000000000000000000000000000101000110111010010001011010011111011
000000000000000000000000000000000000000000000000000000000000010011000100001010110111101111000100
000000000000000000000000000000000000000000000000000000000000100011001010111110010010010001011000
000000000000000000000000000000000000000000000000000000000000000101100000110110110100101100000111
000000000000000000000000000000000000000000000000000000000000010011001011000010110101001101100000
000000000000000000000000000000000000000000000000000000000000110111101010000010011000001000110010
000000000000000000000000000000000000000000000000000000000000010100010100000101000110110100000000
000000000000000000000000000000000000000000000000000000000000001111100001010000110010000111110111
000000000000000000000000000000000000000000000000000000000000000011111001111011100010010010011100
000000000000000000000000000000000000000000000000000000000000100111000010101110110001000100100010
000000000000000000000000000000000000000000000000000000000000000111101111011001101011110100101111
000000000000000000000000000000000000000000000000000000000000101011001000001101011010101111000101
000000000000000000000000000000000000000000000000000000000000101110110110000001011110111110100111
000000000000000000000000000000000000000000000000000000000000011011110111011100001001011111000011
000000000000000000000000000000000000000000000000000000000000110110100110111110001101111111110000
000000000000000000000000000000000000000000000000000000000000000011100111001000111001110011000001
000000000000000000000000000000000000000000000000000000000000000010101000110010001000010010100000
000000000000000000000000000000000000000000000000000000000000010001010111100000110111111001001101
000000000000000000000000000000000000000000000000000000000000000010110001011001011111001110010010
000000000000000000000000000000000000000000000000000000000000001101100010101011100000011010010000
000000000000000000000000000000000000000000000000000000000000011110011110111000111101101001111001
000000000000000000000000000000000000000000000000000000000000111110110010001001101101100001111111
000000000000000000000000000000000000000000000000000000000000011101101111000010010010010001010100
000000000000000000000000000000000000000000000000000000000000110111100000101000110100001001010111
000000000000000000000000000000000000000000000000000000000000001110001101110101011111010011101001
000000000000000000000000000000000000000000000000000000000000100011111111010100111001001110001010
000000000000000000000000000000000000000000000000000000000000000101111001100100110011010001010110
000000000000000000000000000000000000000000000000000000000000110111010100000111011001000101010001
000000000000000000000000000000000000000000000000000000000000100111101011011100010110101000010000
000000000000000000000000000000000000000000000000000000000000100100110001110101011011001011010110
000000000000000000000000000000000000000000000000000000000000011010011011010011101011011011110011
000000000000000000000000000000000000000000000000000000000000111010000001110111010110010101101011
000000000000000000000000000000000000000000000000000000000000110001000010101001001000100101101001
000000000000000000000000000000000000000000000000000000000000101000101100011100110010010001100100
000000000000000000000000000000000000000000000000000000000000011010111010111001010110010001001000
000000000000000000000000000000000000000000000000000000000000011011110111001000100111111011100001
000000000000000000000000000000000000000000000000000000000000011011111111101001001111000011000011
000000000000000000000000000000000000000000000000000000000000110111100011000100011000001001011000
000000000000000000000000000000000000000000000000000000000000001100110001000100000001100011101011
000000000000000000000000000000000000000000000000000000000000001000100011110100011001011000001011
000000000000000000000000000000000000000000000000000000000000111110000010011100000001010100110001
000000000000000000000000000000000000000000000000000000000000111111111110111011100011010001101100
000000000000000000000000000000000000000000000000000000000000111000010010111111001011100000100100
000000000000000000000000000000000000000000000000000000000000110100100001000101100110010100110100
000000000000000000000000000000000000000000000000000000000000100001010001100111110011100001110111
000000000000000000000000000000000000000000000000000000000000010100010001110111101011100100110001
000000000000000000000000000000000000000000000000000000000000110110111100111101100000000100001011
000000000000000000000000000000000000000000000000000000000000100101110011010101001010111001011001
000000000000000000000000000000000000000000000000000000000000100001001110100110010110000110101010
000000000000000000000000000000000000000000000000000000000000011100110100110111000111010100101110
000000000000000000000000000000000000000000000000000000000000000011001100011010001000111100100000
000000000000000000000000000000000000000000000000000000000000000110111011100100111001000101100010
000000000000000000000000000000000000000000000000000000000000100001101011001001110111011000110100
000000000000000000000000000000000000000000000000000000000000111011111111011000111000101100111111
000000000000000000000000000000000000000000000000000000000000100101111100000111010010010000010011
000000000000000000000000000000000000000000000000000000000000000111001111000101101011010010101001
000000000000000000000000000000000000000000000000000000000000010100110100101000111100110000000111
000000000000000000000000000000000000000000000000000000000000010010110111000010111110110101100010
000000000000000000000000000000000000000000000000000000000000100001110010010110010011111101111111
000000000000000000000000000000000000000000000000000000000000001010001001110010000100010011001000
000000000000000000000000000000000000000000000000000000000000000110001111111001011110101110111010
000000000000000000000000000000000000000000000000000000000000010010001011101101111100110011010101
000000000000000000000000000000000000000000000000000000000000100011011101100111001000000001111100
000000000000000000000000000000000000000000000000000000000000010100001010001101110000010000110001
000000000000000000000000000000000000000000000000000000000000001111101001101111100001001010010100
000000000000000000000000000000000000000000000000000000000000100110110010100000010001111101001101
000000000000000000000000000000000000000000000000000000000000101110001100111010110110000001101111
000000000000000000000000000000000000000000000000000000000000101011001100100111111111101011010100
000000000000000000000000000000000000000000000000000000000000100011001010000111000111000000010100
000000000000000000000000000000000000000000000000000000000000100100011000110110010101110100000010
000000000000000000000000000000000000000000000000000000000000100010010000110000111111101001011111
000000000000000000000000000000000000000000000000000000000000001011010011111101101010011001101001
000000000000000000000000000000000000000000000000000000000000001001100111001011000010111111011011
000000000000000000000000000000000000000000000000000000000000010001111010011000100000110001011111
000000000000000000000000000000000000000000000000000000000000010110100110101001000100001000110011
000000000000000000000000000000000000000000000000000000000000011111110101100111011111111011011010
000000000000000000000000000000000000000000000000000000000000110110001110110111001110001111000010
000000000000000000000000000000000000000000000000000000000000110001011000010101000111111010000001
000000000000000000000000000000000000000000000000000000000000101010011011110101001101010110010001
000000000000000000000000000000000000000000000000000000000000000100100000100101011111100000001111
000000000000000000000000000000000000000000000000000000000000010010000001010000100101000110111011
000000000000000000000000000000000000000000000000000000000000111010001000110000101101110011001101
000000000000000000000000000000000000000000000000000000000000001101100000010011100011111111011010
000000000000000000000000000000000000000000000000000000000000110011001010101011010010100011000000
000000000000000000000000000000000000000000000000000000000000110101000011010000111110001101011101
000000000000000000000000000000000000000000000000000000000000001000110101000111100111010000101010
000000000000000000000000000000000000000000000000000000000000001011101011010011000000011011111010
000000000000000000000000000000000000000000000000000000000000000001110001110110010011110010000100
000000000000000000000000000000000000000000000000000000000000100011100000111110111001000111011011
000000000000000000000000000000000000000000000000000000000000111010000101010110111100100011001011
000000000000000000000000000000000000000000000000000000000000110100000001101110010110001100011011
000000000000000000000000000000000000000000000000000000000000010011100001001100001000011010011110
000000000000000000000000000000000000000000000000000000000000011001111110000110110100001000111111
000000000000000000000000000000000000000000000000000000000000100011110001010100001111110100100100
000000000000000000000000000000000000000000000000000000000000001100110000001001101010001111010111
000000000000000000000000000000000000000000000000000000000000110010110101010111001010010000000100
000000000000000000000000000000000000000000000000000000000000110101000110000000000000001011010110
000000000000000000000000000000000000000000000000000000000000100000001111011101011010010011000101
000000000000000000000000000000000000000000000000000000000000110100111111001000100001100000100100
000000000000000000000000000000000000000000000000000000000000111001110010010110011010100111101110
000000000000000000000000000000000000000000000000000000000000100101111110010100101010111101110000
000000000000000000000000000000000000000000000000000000000000001000100001111000100001001001000010
000000000000000000000000000000000000000000000000000000000000100101100101101111100010100001101001
000000000000000000000000000000000000000000000000000000000000101101100001001000101111101011111011
000000000000000000000000000000000000000000000000000000000000100001111000000100000001000100110011
000000000000000000000000000000000000000000000000000000000000010000001010001100001101100110110101
000000000000000000000000000000000000000000000000000000000000010100111001001011100101011101011011
000000000000000000000000000000000000000000000000000000000000101001111111001101010100110110001010
000000000000000000000000000000000000000000000000000000000000100011101000000000000100110000101111
000000000000000000000000000000000000000000000000000000000000101000000010100100011010000000111100
000000000000000000000000000000000000000000000000000000000000011110101101111011110101101101100010
000000000000000000000000000000000000000000000000000000000000101001001010111111010110000101000000
000000000000000000000000000000000000000000000000000000000000100000100111010000011010111001010001
000000000000000000000000000000000000000000000000000000000000110010000001111011000011000111000100
000000000000000000000000000000000000000000000000000000000000000011011010000011000110100101100001
000000000000000000000000000000000000000000000000000000000000101010000111010011001010101000010110
000000000000000000000000000000000000000000000000000000000000101000100000010001100110110111100101
000000000000000000000000000000000000000000000000000000000000110001000001100000011101110010010110
000000000000000000000000000000000000000000000000000000000000010110010011100110110110111110010111
000000000000000000000000000000000000000000000000000000000000011011110100010001001010111011111100
000000000000000000000000000000000000000000000000000000000000111001010010100101011010100111111101
000000000000000000000000000000000000000000000000000000000000101010110010110001110100011100010000
000000000000000000000000000000000000000000000000000000000000001101011101010100110000111001100100
000000000000000000000000000000000000000000000000000000000000101100111110010100001111111100000011
000000000000000000000000000000000000000000000000000000000000001000011011001100100101110010000100
000000000000000000000000000000000000000000000000000000000000101111011110101010001101111010001001
000000000000000000000000000000000000000000000000000000000000111000010001101110000101111010010000
000000000000000000000000000000000000000000000000000000000000010000100100001000111100011000011110
000000000000000000000000000000000000000000000000000000000000100111000111110111010111111010111111
000000000000000000000000000000000000000000000000000000000000010011011010101011001100101011111010
000000000000000000000000000000000000000000000000000000000000010100011101101011110000011110010110
000000000000000000000000000000000000000000000000000000000000010010010101001010101001100101010101
000000000000000000000000000000000000000000000000000000000000100111011011010010110001100000010110
000000000000000000000000000000000000000000000000000000000000101010101110101101010000011000111101
000000000000000000000000000000000000000000000000000000000000101011010001111001100011101111001110
000000000000000000000000000000000000000000000000000000000000001100011011010011010100001000100001
000000000000000000000000000000000000000000000000000000000000011010110011100000011101101101001011
000000000000000000000000000000000000000000000000000000000000011000000111100010010111100000101110
000000000000000000000000000000000000000000000000000000000000101100101100000000110010011011100100
000000000000000000000000000000000000000000000000000000000000100111000000101010001101011011011111
000000000000000000000000000000000000000000000000000000000000010100000111011101111111111011110110
000000000000000000000000000000000000000000000000000000000000010111110010110110101001101100000110
000000000000000000000000000000000000000000000000000000000000011000010100000000000011000101010110
000000000000000000000000000000000000000000000000000000000000000000110010001000111010100100111000
000000000000000000000000000000000000000000000000000000000000000001111111010001110000110001101001
000000000000000000000000000000000000000000000000000000000000001110000010000001011001001101111011
000000000000000000000000000000000000000000000000000000000000010000100110111100000111100001011001
000000000000000000000000000000000000000000000000000000000000001110001110110110011001010111100111
000000000000000000000000000000000000000000000000000000000000000110011110101001010011000101000110
000000000000000000000000000000000000000000000000000000000000110000100101010100010000011111101110
000000000000000000000000000000000000000000000000000000000000111111001011100001101111100100100000
000000000000000000000000000000000000000000000000000000000000001101011100000110110111001111010000
000000000000000000000000000000000000000000000000000000000000000111100010011101001011010100110000
000000000000000000000000000000000000000000000000000000000000111110000011101101101010110010000010
000000000000000000000000000000000000000000000000000000000000010101010100111010000100110010111010
000000000000000000000000000000000000000000000000000000000000000011110010001110001011100110101001
000000000000000000000000000000000000000000000000000000000000011101001100000100000011010011110010
000000000000000000000000000000000000000000000000000000000000110111010111001111110111110110001100
000000000000000000000000000000000000000000000000000000000000111010011100011011010000000110011001
000000000000000000000000000000000000000000000000000000000000101111101010111010000101100100101010
000000000000000000000000000000000000000000000000000000000000001010011110011111011000001111101011
000000000000000000000000000000000000000000000000000000000000111001001100010101110001011110010110
000000000000000000000000000000000000000000000000000000000000010000001001010111011100101100011110
000000000000000000000000000000000000000000000000000000000000010110101101001101110000111010010111
000000000000000000000000000000000000000000000000000000000000101100000000111010001110000011001010
000000000000000000000000000000000000000000000000000000000000111110001111011011001101000000000110
000000000000000000000000000000000000000000000000000000000000011110001100101111111101100000100011
000000000000000000000000000000000000000000000000000000000000010101001011101010101001000001100111
000000000000000000000000000000000000000000000000000000000000001000000110100110000001100111001010
000000000000000000000000000000000000000000000000000000000000111100110010010011010000000000110110
000000000000000000000000000000000000000000000000000000000000001000001011110110000111000010110011
000000000000000000000000000000000000000000000000000000000000011000110011011110110100101011100100
000000000000000000000000000000000000000000000000000000000000101101110011101100111001000100110000
000000000000000000000000000000000000000000000000000000000000000010111000100000010000100110100001
000000000000000000000000000000000000000000000000000000000000110010000100100001101001001001010001
000000000000000000000000000000000000000000000000000000000000111100000100010111000110011100010010
000000000000000000000000000000000000000000000000000000000000001000010110011011010111011111101100
000000000000000000000000000000000000000000000000000000000000000001110100101111110000000111011000
000000000000000000000000000000000000000000000000000000000000000000100100111000001001000000000101
000000000000000000000000000000000000000000000000000000000000010100010101110111110100110100101101
000000000000000000000000000000000000000000000000000000000000000100101111100100000101111111011110
000000000000000000000000000000000000000000000000000000000000010010011001110011111110010010110000
000000000000000000000000000000000000000000000000000000000000011111100101111101000000001000011111
000000000000000000000000000000000000000000000000000000000000010001000001111111000100111011001100
000000000000000000000000000000000000000000000000000000000000101010010011000101110000011010000001
000000000000000000000000000000000000000000000000000000000000001001111000110011100101101100011101
000000000000000000000000000000000000000000000000000000000000101100110110010011000011000011101001
000000000000000000000000000000000000000000000000000000000000100100011001010110100010101011100010
000000000000000000000000000000000000000000000000000000000000110100011100111110000111101001101001
000000000000000000000000000000000000000000000000000000000000001100110110101110010011101000010101
000000000000000000000000000000000000000000000000000000000000100110111011000001110111100111001000
000000000000000000000000000000000000000000000000000000000000000011100100001001101101101010011001
