010001100010100011101000001011010001101001100100010110111101000001010001000111011000000101000001
011100011010001100000111101100000011110110001010111101110100001110111000001110100110001001100101
100010000001111100010001100100110000001000010110000101001111101011010101000101000101111111101010
010111100111101111101000110010011011001000000010100111110110000100111100000101001110101001110000
111110101100010101000101101011001101101100001110110100110001001100000111001000110010010011011111
110101100110000100101001001011010010110001111100101000000100110100101011111100111101000101111010
100001100100111100100110001101100001101000100010101101110001001011011100100010010111000001000011
110110000011100010000000000111001001001100111001010110111001001101101100110000100001100011000001
100000111101111001111010101110011100110000011010100001110000101001101000001010000100000011100001
000111001101011100011110001110100100010100100010111101101100001010001000001100001110010011101101
110101110111011010100011000011110001000111110011001101010101110111010110001011001001011111101111
010000010011101111011101111011010011100101110010011000110001011011100110110011010011000101000110
000010100100010101011010111011010101000101000110111000100011011011110111110110101011011111101011
111110001010110101100010100000010010000011111000100110000101101100100001000110001101110111011001
110001010111001100010111101100000011000101011010110001000000000001010010110010110011101100101000
110110101000011010110101001110011011011000000010110001100001101000011101100000000100101010011100
111001000100000000010110101101110000100111000110000101111101111001111111010010100000110111101011
111110000001111111001111010111110001101011110101101011010001100111111011101110101000011001110000
110101010011001010011110101100000011001001011001001110110001110001001010010010101010000101010110
001111101110000011000000000011111111100101010110011110010111000010111010001010111101001000011111
011110101000101101100101111111111011011101101000010111001100111001111011001110001111011101110010
111101001101100100110010011001101000110110001110000010100001110100010010101111011110011011000001
001111101111110100111100010000100100101010100001010010011011100010100110100111000101001000000110
000111011000101110010101101100001011000111010101110011011110111101101100100101001111100011110110
111111001001010100010011100011000011111011000100100011100010111101110011011000101100001100110100
000001000001101001001011000011000111111101101111111111000100101001111100111110000000010111100010
111100110101110100001001001101110011100111101001111101100000110101000000100111110100001010101010
101101101010111011001110110101010010010110100001100101101011101010010010110110001101010101001111
000111100000010000101110111110111000100111111110000110110010110000100011001000101101010000011110
110101011011100010111111011111000100100010010100011011000000010111000001001010101100100000001100
110000110010001111011010101111010101010010011010110101100100101101011110111111110111101101110101
110111010111011010111000111100001000110111001010110010011001110111111101010100100010100101001101
111000100110101000011100110000100111001011110100010010011000111111101010100001000101001110111011
100001110111011110110011110010101000010010001110011011101110110011010011011100001110111110101100
010011010000101100001010000011111011110101110000001101010011111111100100001111010100011111110000
100010000000101010010101100100111101110100110001110001100101110011001010011011010100000011001111
100000010111100011110100111001001101000101011101001111110110000110111001100011010110001100100111
111011011011010011110010110011111001100000100000010011001001110111000101010010110100011111011100
000011011111100000010011110011001001111011000100011010001001011010110111100110011010110001001101
111010111110101000001110000010100100001000010011001010001011011111001001111101000001000111011001
101010000001101100010011011101101001110110100100110101101101010011010111101101011011110100010111
010100100001011010111110001110101010110100100111001001011010000110100111011111110011011100000111
001001100011010101100111101111000101001111001111111110010011101011110001001111101100111011010101
111001001011110010100001001001001010110110000011110100111010101111000111000100111010000111110000
000101001101110100110100000010001100111100110110010001001111001001100000001000011101111011101100
101000001101000111101111101101111111110010100110101101101000010010010110101000111101000110100011
101000111100111001101101011101110000100000001011100110110001000010000011110011111010101011110010
101001111100101101010110100101001111100010000110111101110000101011001000010010011000000101100100
100011000111100100000011101001111011110100000010000001001111110101101100100110100001011111010111
001101110101000100001101011000101001111000000101101101001001110110010011001001001001111110011010
111100010011011011110000110111111001101110001010100000111001111101001110101100111100111100111001
100011010000010111111110010100001101110110011011111010001111100111011001010111111100110110111001
010010111000001110001001100010010100111011111111001000111100011111010000111111010111111011110111
000110101110111100101001001011100011101000011011101010011011101011110100011110011001101110101011
100100011000010100111101010010100000100010101000000101100100111110011110011110110001011010110011
101111000101001010000010010100110111000101011010000110001110010011110011100011010010100100100001
110011000111010100100101100010110101000000110110011111101100110000100100110111110000011101000000
011111000011011001000111110110100100110100010011011111101110100111100011001011011010111111100101
111011111101110110110111001011010001111111111101111010000010000010011100110010001010110100101010
001111111000011001110001011010001010000100010111101000101101101001001100110111110110010001101101
100010110110000110011001100001010101010000111110111001011100110011100100100111000011100010000100
000111011100011010010100110000001101000010111111111100010101010110111110000001100000100101100001
001011011100010001110100111001001001000001111110101101101111011101000111100110110101011100010000
100110001001100000001011001111100000011011011000101101101110000010001011101111101100111111111011
011010001111011101010101111001100111001111000101100100101100101110101100011111111010001011101110
011111001111111011000101111101110011101010010101010100010011011110010010000101100111111101001111
000100110100000100011101000011001000000010100101101101001110010100101011000101000110000001100111
011011010101110110010100010011100101010110100101111001100000011000110000011101100110001101111101
111001111001010101100001100100011111110001100101000110001000101101101001000000110110111000010110
101100001111000111100110001110011011111010010110000100100001011101111000011001000100101110111110
011100000100111001110101100110100100010000101110010101110001001011001011111001010001101000000000
001100111001110101111101111010111010110011100000011110101101101110010000010000010001111010111010
111111011101010101111110001000100101111000100010100000010110110111111011010011101000110011011000
010110110001110011101011011011110110100101110000100000001111001111110111110001110101111000111000
001011110010001001001000001111001010110111100010010100011010010000000010001011100010001101111101
110010010111111000101010011011110000110101001111100010111100101111100001011100001110010000110010
110101010110110101101011011011001111110001000010011011100001101001111111110000110110000100110010
110100010010000011101001000010100111110011010001110111001101001000010010010111000100001001101110
000101010111011011010010101100101101011111011110101101100100000100011111101111010010111011111101
001101000000101000101110111010100011011100101111111100100101001110101110001101000110010001100010
110000110000000001110110101110010010000111010101010101010111011000001111101111010101000100010001
111100110101111100100010111100110111100011010101010011100010001001100001010111001100101001001101
010001111100001011010011000010001110001101011011001000010001011001100111001101000101100000111111
001011111010100000111100001101010101111100001001101100110010001011101111111110110000110111000100
001110001100011000001011011110100111011010110110101011001011010100111001111011100110111011011010
001100110001001010100011010000011001000101100111101111110011001101001101010100001000011010001010
111011001101011101110100111000111010111010001011100000001000010100111010001001110011110110000100
000011110000111110111000001010001110101010111001110000000010111101000001111110010100001001010111
110011100011001001110101110100101011000011101010010000100100101001011110010111011101101000010011
111010111101111101100100000101110011011101110101100100000101001001010001100000110010011001001000
011100100100011110001011100100001010010111111011010001110000011110100101111011101100101010011011
111110110100001101111101101000011010001110001101011010111001101011001111001011011101100111101010
011001001010101110101001001101100111011010101011101110010010011111111101100000011111000110011000
011111100101100000100011011110010100010111000101011111000101001101110111100100011000000111111110
000011110011100010000110011100010010000110110010101011010110101001001101100000111110101010101000
101000000101001001101000101010000100100100010100110101101110000001001110111000101010110011111110
000101011011010001110100001110101101000110101100110110010001001010110010101001001101000001001000
101110011011110010001000111100101110000111100110010010000101001101100110000001000111010110000111
100011001010011100000100110010010001010110110011011010101111110110010100011000100100101110101000
000110101111000110000100110101101100001000100100111110001101000010100011001110001000100110111001
001011010000010101110000001000100001110110101011010101110000010111110110011010000000110111000011
111100010010110110010101111111010110011000001011011000010100001000000000011110011010100111111111
101001011110111101111010001000100000100110011100100111011111000001010110111001000011001011101000
100110110101101101110011101110101011111110011101100110111111010111000011010011000111010001010000
111011010111100101001111010000110101001000011011001000111010111100000101100001001000100101110000
010010001010111001011001101011000011110101011001111011111010111000100000010100110111010110010011
110010011010100101100011011110011111001000000000011000011001010110011110110111011011000100011101
011100111101001010111111111010101100100101001111001110011000101110111110011100000101000011000000
011010011011101101000111011000111111110010110010101010111010111100000001101100111010000010000011
001010000010011100001110010010001001111010000011110010100101010001010000010011111001110110101111
000100100100011111000101100001110101110010110001110101001111001101000001011001010111010100101111
110111010001010100011100101110011000111010001101110101110011010011001101110000100000000100111011
110010011000100101000101101101100110111110011011001010001100111011011011000001000010101111011100
010100000001101111000110110011010010001111000101011110111001011110010011100011111101111001001001
101101111100100001100100001000011101101111000011000011111100100001111100110001001000101011111101
110110001011011001011101001001010101100001010110111111001111100110001111111010110010110101001010
111110111001101010111101011000101000001011101111001010110011001000011110110110111010001010111110
011011101111110001111101011000111010011011101011000101100000101000100000000101111010100001110011
011100111110100110110000000101010100000010000010110101100001101010001011010011110101001011101010
010001000001110011100111011010111001010001100111011111000100001010000010010111011101101111010001
001110010010101001111101110010011010101000111110100100010000101110111101010011101000011101111100
111111101001001111001000010000000010011100011000000101000100010111111111001110110011110010111101
111101011011011001110000110101010100101001100001011101001101101101010010010110100010010101000111
000000010100001010101100111111111000010110111110111110100101110111101000001010011001100101101001
101110111110011001101110111000000110110000011100010000110010000101110101101100011111110111010101
111010110100111110111111011000101110110011011110101000011110110110110111010100010110111101111111
001001100000000110111010011110100100010011001010111001110001011010101011101000000110001010101001
011111101111100111001110111001101111010101011101110011001001110001011101001000111111010111110000
001001001111101111111100101000100010101111010001111001011111110100011011010110001011000100101110
001110011110101011110010001100110011100011000101000000111011100001000000101001101111111011100110
011111100011000000000010110100011001011110011110110011011000111100100110000000011101111000101101
010111101010000011100110100010001111110011000000111110111000000111010101111100011101101101101010
110011000001001010101110110100101111010000010101001011011001100100110011101011101001100110001111
000010001111110000000001011101011000111000001100000010110001001000011100001010001111100100110111
101000111010001010100111000111000011010000100001100110001110101000101110001100110011010101000100
011100111000110010101101101000010000100110100011011110100010001100110001011001000011110100000000
100110110011110110011110001000001101110101111000101011000000000101110010010110010001110111110111
000110010111010100001100011000010111111111010110100110111010101001100110101111111100111111010001
110100100110011110011101111110011101100000001010100011011001011010000110100001010011101011010110
110111101011101001001000011010111001000110010011011101001110000101010010001011010100110010111110
111111010000001001000110100000111010111101101000001111001100101011011101100110010010111100000000
000111000001001011011110101100101010111000000000001001111010000100010111001111011011111100011100
110000101011111111000000101110000111011011001111000011011010101111101100110001100000110101000100
001100110101011111000110101110000000100101001001110011001100111011010111100110011110101100000000
010010111001111100010010110000100111010111101110100110101111000100100110000110111100101011110100
100010100111110010000011010110011101010010001100011111011101111011100100100110000001101110100100
011101011111111111001000001011101111101001001111100000101000010010011010011111000001000111101011
010000000001101110010101001111110101100011000110111011101110000011001101110000000111101011010011
011001011010001100110100010011001100010000110100001111101001000000010010100110010110110101100011
011111111001110100100010110111000011111010100001110110010111000101011000010010000110011001011010
101101111110110010000100111101001101000110111100010111101001101110110111110101111101001111010110
100101100100011000001000101101000010111001010011010101010110111001001111111011011111100100001001
011111111111110010110010111010110110000100111000101101111110011011111110001000101001100110100001
010010110100110101110110100010011001111011000111011010111111010001011100100100001011101011000101
000000011011000111011100111111101000101111110110110110111010011100000010100111010000010010111001
100001110001011000011010110110100001110000010010110011001001000101000011100001010011110100101001
111101110101111110111100100101100110110101111001100100100001110011100101000010001110100000110001
101011001011000010110101000010000000000110111101101011001110011111010001010011010101110111101010
111101101101111010011101111001001100001000011011011111111010100111101001111001111111110110111111
110101110001100011111001000111000010011101100101101110101101111000101001110101111100100111000110
010110001101001001011000010000101010110010000011000111110000011100101111101011101101011001100101
001100100010101001001100110100110110101000011010100101111001011111101000010101000101011100100101
011100101010010110111111011110010000001011111011110010001101100110001111111101011000111111110111
010110000110001001110010100010101011001111111010000101100101001100011010011100011000110001101101
101100100111010001101011001010000101000000110100000001100001100000100011111011111100011010110011
101111010010111111101110011100110011111010111111011110001000001100110111101100010010001001110011
100100100011110101111111010100011000010010000000001001010000010111011100110100111011110110001111
011100110100101011000110111011111011000000010101011000100110101100001100101111000000111111001000
000011000111011000001111001101000100111000011110000111011100110100011011000110110100010010010100
110101111000011101011011001110000000101101100111000110100010010100101011101101110010000010100111
100100010010110000000011010101001001000000000001100100010100011011101111001000011100111111101101
000110110011101111010110110001100110101100110100110100011100100100111001101000010001000110100000
001100111010001000100010000100000101110010101101000100110101110011001011110000011111000001010100
101010100000000001100010101011010111101000101101011100000010011101111101110100111001110111111101
000111101101111010010110010101010000111100111100011001111011001111000111011100110010001101011010
001011001001110011110001111011100010100110011100100101100010010011001001101111000110110101101001
001001110010100000101001100110001111110010101010000010000011001111011000011100111100010100011111
101110111011100000000110100001010101001000000000111011001001010111000100110100001011000000000111
101000010001010001001000100000111100110011010101011010100101000001011110010110111101010000011101
000001011111110000100110010000000010110011011100111010111011001001110111011111000110110110011101
101111100100000011011000001101011010101111100111001101001010000101110011100100100101010110110110
011111100000010011001001110110100001100001111101101110001001101100101011001011101100000111111000
001111111110010010100001011101000011110011001100010111111100011000000111111000000110011110111010
010011111011101100100110101010111111111011111011010101011111110001110010101001111101100001011010
011011111111111000101111100011100110000010000111101100010101011101000001100000110011010101111000
110000011001010001110101000100100111001100111000100010100100110011111110010101010001111010011100
100000110101010101100000001101111010100101100001111110111100100101100101011000010011111011011111
101110100001110100100010010111100111100000100101101101001111011100111001000010011100111101000100
100110110101100111101110001100000001001111001011000011111110011111010110100111010111010101000100
110110001001111000001000100110001111011000110110011101100011001101101000111101010001010100110111
001000000010000010100101000010001101110111100000011111000110000110101000100011100101011100110011
011000010011111011011000101101110001111101011111001001011001011101110001010001111011010011001001
010001001001001110010111111100110100110001000010011011011101101110001011000110010110011010101110
100100011101111110101100001001110110111101111100110010001101111100010000001001100110000100111111
001101101000101100001101010100010100100001001101111111111010011110111101000000101000111111100101
100001010100000011001101110101000110110110000100111010100101101110110110000001110110110001100100
100011010110001101101011101110101010110010011111111110011100000101011000010010100100111001001100
001101110001010001001001010100111011000010000000000001011011001101111101110011010011010111011101
001110100111010000010100101001000000110101001100100001110101010110100001000010110110001001101111
010001000101011111011010110111111100010010010100111100100101001000001110100000100001011100001010
100011101010101000101100101101101100100110000000101011101000100001011000100100100010011000101000
001101111011000111001011111011110001000001100001101100100110011000111001000110011100011001001001
001100011011101101000011111100110110111110100011111011110111010010110011010010111111010001110101
110101110100100110110100000010110100110110111011110011001111010100100011101010011011101100000100
011011010100111111010101011011111111000001001000000100100010100010110011101011101111110111110010
101011000111110110010001111010111011010010111010100001000000000010001000110101000111000100010111
000100111111110000000111101001001010101001011011000101101010101000000110010010001011001011101111
100011111010110100110000101001010000000110010011010001011001110110011011100101101101001101010101
000010111101001110110110111111111110110001000100110011100011001100101111111111011101000100011101
010100100010100110101110011000011000000010011100001010110000011010111101001010101101010000001101
000100000010001111101110110010100111000001011011110110000100101011001000101101000100011011011101
011100000100101100001010100100110110111010001010001101011100011000010010110010111011100100110111
111000100011000100011001110010010110101000001110100101000001100001111111011001100001001010100010
010000101111001000000100010101101100011011010001100000010101100011101111001111000101100001111111
110010101101010101111110111111101101111110000000010111001011001000001101110100001110110111010010
010111111010011000101001010111111110010110101111100001101101111010000111010000010101111011111101
100000111110001000101011100100111111110001001111011010100011011111111100111001011011011111110101
111011001001000111101110000101010010101100110111011001110110100111101011110101010001001101001101
100001100111111010110100100011110100111001010011001111110100110011000010101110000101110011011110
100101000110011000010110101101110100000010111100101111101000000001010110011110011001111010100001
011010011011000011000101110010011000110101111100100010000011101000101000101111110111110000001000
110101001101111111110001011110010010101111001001111111111010100101101011000111101001110111101001
010100000000110011110101000000111101011011110010001111100010110001111010110101101000010011110110
000100101011100001101111001101101101101000110100111100000101101001011100011011111101111110110100
100110010001011010100111111100111000101010010101111111011000101100010001100111100010010101001001
000111110111010110100000100101110110001001000011110110011100111000110010100111110111111010100111
111111100110110001110101000100010100000000111111100001011011010101110001101111001110000010001111
000010110110111010111101011111010010011001011110000001001111010100110010111110111011010101001000
000101010010110100011010011000011001000110001001101011010000000100101000010101100110100010111101
000011000001010001000011010110001100101110011011111000010001101000100110001010111011101010011011
101011011100100010101100011110100101111100100111011000011000010001111000100111101101110000100010
001001010011101111100001100100011000100000001100001001110101011101100111100111111100011111010101
100110001111111000010011111000011101000111011111110101101111000100100000111100001111001001001100
010111101111000100000001101010011011111100010111001011100111010101001010111000101100110011000001
001001110000101011111001001101000001101011000000000100100101101101111101010011111001001111000001
111001001110100111101101000101011010011010010001000000010111010000100000011001001010111010110010
110110011111111011010111110101010010001110001101010111000000111100110010111110110111011001010111
010001001000100001111110010010110111000001001111000111010000010110010110010001101001000110011011
110110000110000101001001111111010100011000010100011110101010111000100011101000001101101101101001
101000001100001010001010001000110111111100000101111100011100111000101001011100000101000010001010
011100100011100110110100011100100101000100001110011010001110110111010110000100110100110011100110
111001000000100101110000011101111010111011101001001001011001101011111011011001100110110010010110
001100101111111010100100110001110000011100101010111000111010110110111111010000000110110001011101
001101110111110011000111111010111100010011011111111011000101010101100111110010010001101101110010
011000001111000100100110110110000110110011101010101101110100001101001000111001010011110001111100
001100100010010000010100010100100110101010011100100100000011011001011011010011111110000101100101
010011010001010100110101011110101010110010011111110011111111110000011011111100010000101011101111
111110100111000110000110101001001100001110111111000011110001101011100101011100100011001111101101
001000111101100010111101110101110010110001100001000001111110110011101010111100011001110000011000
101110001011001101011001010000101000001000111111011000101101000001010110111100101000010001011001
011110110011101011111010111000010101011100100010000011110001101111101100101011010001111001111110
010000000101111000101100101001011001100111001111011101010010101011111011101011001101100110001110
000001101001000010100001100111000001100111100001100000000010100000011110001010111001011011000010
000111000100111100101011100110001101111011110000011000100111111101001001111100101100111101010001
101010101011101110101010110001011011100010010101100000111001101011011101000010111000001101001010
110001101111100100101111011110000111010010100011001101100010100111110100011010110100001101111111
110011101111101010010011001100101100110111011100111101000110111101110111010101000111111100111111
100011111010100011000101111101110100101001000011001010101000100101010011001100110100001101010010
000010001010101101010000000001101111101110101110110000101010100001010111101110110111000111011001
100100110100010000001101100110011110100000001001011001010111101111001001011101011101111110000011
100011101111010110001100110101100000111110110010101000000101110100110010100100010011000110001101
000101000101000101100001000100001011110100100000111011000011110110110100011101000100111010101101
100110010001111111100110011101101110101010001110110000001111011111100011110100000101010100100000
001101100111001100010110000011000000101101000110000101001010101110101100010010111011111011111100
001101001100011101001000010100001010001000111001101100011000110101100000101110001101101101111010
101000010010011011010010111111000101111110111111111001011010100001100100100001001110010101001001
001101100111110001101100001101010010101101001110011111110010010111001110110011101010011110110110
010110011001111000110101110110011011001011111001010000111010011100010100100110111010000001100011
100100001100100100101101100011000011000010010100000001001100111110010110000110101001101111111110
100011111111010010100110010100011001100010111010010011010110101001101010000010011010011100101011
001100110100101101101010000010100000010101010010110100000111011111111010011010011110001110110100
101110111101001111100101010011000101001010110100100100001100011101111011011011000101010001011100
101001000010001111100001101011111000010101010000001111010000010000000001000100011011010000100001
011010010100000011001001011100010010010100011001101000000111111010001001001011110001100011001011
101011001111101110111100010100100010000000111111001101110001000000001101100001110100011000000000
100111110000000100010100011010110111000100101011000110010000110111110000111011011011011000100011
101101111101101011100110101101001100001101110111000011100001000001000110001110100110101001011100
100100011101010110111011010101001101101100111000011111101110111101100010110111100110110111100100
011001011110000000001010110101010111001010110011001000010100100100000110001111100110001011101000
010001010110101111111111010001101111011000111010100010111000001011101100110001100001101000010110
110110111100001110000111001010001001010111011110110001110001001111110000010010101101001101000111
110111001100110110011001110111011100011011101101110110000110010110101000011001100100110000010111
101010011101001110001101110001111011000001110110110111001101010110110100001000000101001100100011
111100010011101000001000100110001100010000010000100000111001111001100100101101011001001110001011
001111111000100111000101101101110100000000110111100101110101001110111001110110111011101110011100
111010010100011101010111110100001111011000000101110010001001101010010110000001100010101010111000
101000110010011000101010100010111101110001100000101110001110100001011111000101110110010000000101
101000011110111011100010011101100110110100010010101110000101010000100111000011101010111011010100
100101001010000110010111101011110000100011001100000101010110000000101101100111010111111101101010
111100110011100000101011101111000000111010111011101010100011100111111000110001110100001011100110
100111101001001000010010100000000001100100101111101001110000011001101111110010100001001110110111
010111101100110111110001001001000010101011111100011011000000110001101101010101010011111001110111
011010100010100010001000001000001111100100000100010000101011011011111000110010100010100011010000
010001001010001010100101100111101001110100010101110010110000000101110111000010111011111000001010
000010011010101111000110101010000100110110011010011011000011001011001000111100100100110111100100
001001011100110111110011000111111111101101001011011001101100101000001111001000100110101100100000
011010011010010100010011101010010101101010110100111100001010010000001011100000001111111111100100
101110100001000101000011011110011111100111000001101000101011011100001110101000000111111111000110
011000010111000011001101110110000101111101000111111001101101110010010001110110111001010000111111
101101110110011011111000111000110011010011000011001010100101000110001001101011001101111111110001
100111110111100010001111011000011011011001101101001000111001100001110001000101000011010001100011
001111001001011000110111000000101011000001010011001011010000010100010000100111100000111110001011
001100000111000101001011001001011100100101010101110000001100000001010001100000011001100101111011
001010111111010000101011111101111100100011011001011011110100010010100001101000000111010101010001
111010110010111111100011100001001011011000110100001000001001010000110111000101100000011110001110
000100110111001111100110101110111001001110011110111001101001101001011001100001001111100110010110
010010000111000011001000101101001001000111101000000100100100111010110101100000000001101000000111
100100011010001110000001111011000001010100111011110010100110001110101011010111001101101100010010
101001000000010000101000011100011100000110111001111000010000000000010010111110010111100001000010
111000110011001011101111010111101101111001000111001010101001111100001000100110100100101111110100
101111010111001000100010001100101111101111001111011000110010110101101000101010011001111011100100
111101101001010100100001001001001110000011110011100101011001111010000000000001100001000100101010
101110010000101111101111110011010100110001101110111000111010001101001110010110100010101001000100
111100110001010010111100111101011001101001010010111000010001100111100111101010011001100000011111
011000010011111100111100100011110011100101101101000111110101100111011101000101010011110010010100
010110101001111001010101010010000111111011110001110001010010000010001001101010000100110010001111
101101110000110110001001110110110100110101000010111010001000000101000010100011001110010011010110
010000010101110100111000110110101110010001010101011111011001101101001010110001101001110000001001
001111101100101111000011000000101010011001010101011110010111011000010101101010000000001001111010
111101010001001001000000100010011111110000110100111000100110100110100001001110001100001101101010
100010000111001111001000010000001111111101111000011111111111000110101110011010110111011100111001
000100011010101100001000000001111010001100011101010100100011010000111101110011010110011101111111
000011111011001001001111011011000010011101111111101000010100101101000101111101001100111001010110
110101111100011110000100011111000110010010001100100000100001101011111011000101011010011001100000
001010011101111010011100001010000110001100000010010110101101110001010111100110010000011110111110
101011010010101111100111000001000110101011001001010000000110101000000101101100001001011011101011
111101100100010000110011101011001101010010100011011011100010111011010100101100110101100100100101
000011011010101011000011101101001001101000101000011001101010011101101010100111110111101001100110
010000001001011011111111011001100111000101011110101100101111010110101100111000110011100101010011
000100110101100100100000001001100000111110101100010011100001000111101010101010010011001110011110
011101111011110101100100010000000100111001010000111101001111000000010010101101111111011010111110
011100000001111101100101100011111001000011011000101110011000111101110001011001101000100011110110
011001001011001000001100101111110101111011000101100000011101011011011101000110001111001001001111
110011000001111110001101000110010100100000110111110110111011110110111010111100011001001110011010
101000011000111110001100001110101010000110000011110100101011001010000111100111000000001110110011
100100100100101001100001001100000111101100001110101001111011010100100001010000111111110001101101
001110111101000100011010101001101100000101110001101111001000011100000001111010101110000101101101
011000001101010111010100101110110011010100011111010100111001101011011101110001110011000011011111
100001011110100100010001110100110100010011011100100000011111110001010111011100011101000110001110
100001100101101101001011100110010111110011001101011000001010001100000000010100110011101100110111
100000010110011010100010110111000100000010001001001010100111100110001010011110100001010001111101
011010010101000100011100110101110111001010001111000100101011101011111110111111111111011011000100
101101101011000101101101000110110100101111000101101000010110011010011000100101100001111111000110
011101000100010010001010100010000001101000111010100000010111000110100100001101001010110000111111
111011001000110000111001100111001110100111001001101100100011100101000110001001111001011101100001
111110000010111010111000101111110000110101101001110111111010000110001110101011100101001101001101
110010000001001001011100110101010111000110101101110000000000101101111010101010000101110011100010
111000100111110011010101101100001111110111100011100010010011100001101100010110001100100111110000
101011101001010100101110001110111000100000000010000001010001001001110000110110101011010010000000
110100100010000111100110000010111111010111100010010101001001001010110000000001011011001100010000
010110001011100101101100001110011011011010100100000110110000010111000100111100111101110001101011
111110101001010111100010111010010100010001110010100010000111110110100110011011101111001111001010
100011101000000100100110111110101100010100010111010101011001111101111110100101100111100110011111
001100100000011111101010111101001111100111111000000001100111100101010000100110010111000001100101
100111101011001010111001110000111000010011101100000000000111000011000010100111111111000010011100
100001110100010101110011100010011100010100110011111001001010000111100100110101010000010011101100
010111110111011011010101111101101010101110000000101000101010000111110111101101100101110100111011
100010000100110010010111101000101010111101000110100101110100100110000001010111111110110010011101
011000011101011101101111111000110010100010011011110100010100011111111110111101001101000100100100
001101101110010100101111111111111110000101111110111011001110000001001110111011111001010011110100
101100010110010000110011001111101011001011110110000001100101011111111000010010110001100101001111
001001100111010001101011101110101000110100011011111111110011001000101011100011001100101111110010
001010100100100101100110001011001010100101010000000101101110110001000000111011101000110101110011
011001011001011000010111000011101000111011100010011000100000110100100011010111110111110001101001
100101110010001000001010101000110000010111010001001010001110110100101011011011000101101011101101
110101110000110011111011111100111010110111001111001000101011100100110101110111101101100101010111
010100101000110001001010011010000100001110010000000010001111010001100010001010111000110000001011
110001011101010010010101101101000110101101100010000101100000011010110010111001111010000010111010
111110010011011001100101110111101100100001100000100011000000110011110110111011010001111010100110
010110001011101001110001010010011100001110001101000000110100010110100101010011101010110011101100
010011011000101110101010111100010010000000101000101000001011000001111010101011000000011000001001
011111001111011111010111110000101111000001110000100001100011001110010110110000101011110001000011
011101110101000100011010010100010101011010000011111111101111101110101001000010001010000001001010
111011110100011100111111011110000001101111001100001111010111001010111000011010100010001001011010
000111100100011011110010011100011110001010010101110011010111000110010011110000000111011010001111
010001101011101010010010110110111110110110011011011111110110000010101010101001110000001100000111
111000010010100101000101000101011010011011001101110110110110000000001001011110110011101101110000
101100011101010100111000001001101001101001000001000110111110111011100110100110101011010100010110
001110000011110010011000110001011011001010101010010110100101110010111000010101010111111011111010
011110101010001101101001110011000010111001000111111011000001101010010010011000001110101100011000
111001100011110001000011111111101000010100011010100001000011100111111000101000101010110101100111
110000011011101100111100101010010000110100010000110011100111000111010100110000110010001100100110
100001010110001101010000011100000001010000000000001111010111010000100011110010010001101101100011
001011011100010110111100100010000100000100100101000000100100010010001111100111110001001100010100
000111001000110010110110111111000000110111110101111110110001001000010111000110110111010001110011
111010010000111000011100100110010111110011110011010101110111110100001010001101101101101000111110
111111110000110101111100101000100011011010011100010100010100100100001010001011001001100011110011
011001010000111010101001110011010010011011101000110111101001100100100101111011000011000011010100
010001001111001000011010110000001101000000101101010000100111100101100010011111110110011011110101
001100001101100111110110001110111100001111001110000111101000111011010001000100000100010011000011
110100001011000110100010100011000000111011010000111100110100110101001101010100000101001101011111
110000100110000101011100001100101010011100101000110001011000100111101001011000010010101101110111
001000100101000000111011000011010010010000101011010000011001100110110011100011101110000000100001
111111011100110100000001011111000000110011011011011111010110000100101010010111001011000000000011
011001101110011101110100011001100010011011100111010100010100001011011111011001101011110000100110
101000110011100100111010110001101011101011101110111011001101100001101100001101011100100010001001
110000111111000101110111000101110000100110111101000000011100011111000111111101001001100110000100
100011101000110000101111001101000000001011000111000110001011111111110111000011100101100011011101
110110001010010111011000000010001100000000100000011111000111111000110000010010011100100110110001
000011100101111011111111000111100110010110101110011110101110100110110100101101001011110000000000
011101000101001001111111101010110111010000100000101011110001110101111101001001000001011010010110
010111011001010101101100001000111000000000011100000001001111000110000111011100100110001100001111
110100011111001010100001011101011101000101000001101100111111101111100100110001001010000111100000
111111010111001000010100101110100001001110011111100110010100111010001011000010100001101100101110
101010011001111010111110001001011100011010001011101110011001110101010011101010100100100001110000
000000111100001011101010010010111010000011110100111111010101001010000001100110111111010100101101
011001011011101010100010010100111000101000001101001111101010001000111111101011001111001111111101
111110010101111011101111110001010100101111010110110100100100000111110111010111000101110101101110
010000110001001101100001110010000101100001101110001100001001000001111001110000110101000010101110
110101100101010100000100001011011101100110001011101000001000100001101100110000010111111000111000
010110101001001110001000001010111010000101010110111101100011100100001100101111110110001011010101
001001100000100000010100101111100101101110111000001110101000111010011010000100001100111100010101
100111001101110010000110010001010000010011000010110111011011101110111000111010001111110111100101
110011100010100001111100010111000000100110001010011100110011101010010100001011011110000011001001
011010101001011100011000110010101010101000011010110101101000110011100001000001101011110010000111
001100010011100110000101001111111010110101110101100111010010111011111110010110111101011100010100
110000000101010011000101110100010101101100011100001000110010010111110010101011000000010001001111
000111110100100001000000011011110010100010111111001011010010001010000100011111001111011110100110
110110110111100101100010100100100100100010011101111111001000010101111000001010011110001001011010
010010000000001101110110111001011001110001000001100001000010000010011011011101010110111001010101
000111110100101100010001101110010001011100111101100100101100011011000100111110011000000110001111
110111111010111110110100011110011110001010101011100001111010010000010001010111010010000110111010
011010111011010001010001011001111111000010100011001101100010011100110111101011101011011000100000
110011111011111000000110111011000100001000011111001010111011111011110010010101010100111111111001
111000101010010011110101110010101100011101001011101000111110010001010101100100000010010110100101
011110011100100110001001111100111110000010100111010001001001111001000110001110111000001001110110
101010010110000110010101001001110010101101111100010110011110110111010010010000111101100100011000
100110100111011000010100111011101010101011111111011111101010000001111111010111101001110110011111
000110101010001111110111100011011100101011110100010101101001110000110111010100111001001111111100
111111101101101001010000000011000101000100001101100001000000110011010011111010100010001111110111
011001110110110100010011001100110110110011111110110111111101110000010110000001111101011111100001
000010100111001011100111011001110001111001010100000011101100000100010100110000000000001010000100
001011001111001111111100101100011110111000001101010010111110101010001011101011110100010010101010
011001101110101010011110010010101101001111011000100110110010100010000100101011111110111001011110
000110011101111111110011010000101111010011010100110101010110110010001011010110100010111100110101
010011011010101010001111110001101010100100101101000011111010000010111010110001100111001101111100
100010001000011101000001101101110100110100111000111100100010110000111101011010001001000101001001
101110110011000100010001111001001010001111100111110110111010000101001010111101001001001111111101
101100111100011110111001111100100001110110011010111101111110000111110000000001011010101010011100
011011110101000011001001001100101111000101111011001100000110001001100110111111100111011000010101
100100001011101000011011010111100111011101110111000000000001000010111101000010001000010110001010
001001011101110111111001110101010111110100101111010110011001000010000110110011001001001011110001
111111000011110100000100001000100011101011010000010000010010101010100101001110111111111100101010
111011111110111010001101111001001100101001101001010100000010001101100010110000110000000001001111
001000011100000101001000010001101100111011001000000010101101000010000000100101011101001010000011
011110001001001111110001101110011101110100111101111001110010111010001101100011001000111101000110
111101000101010111101011100101001010100111010101001010111000010001001010000110100101001111111101
001011011011001011010000111011111001000100101010001101111001000111111000110011001000110111010000
001101000000110110001011001110000110100101110101000010010110010111101111010101111110011110110100
100101101110100011000001011110010100000000110110110001110111010101100100011110010101011110101100
011100110001000100100011111000010010010100000001001101011000111100110101000000000011101010010111
110010101001000100101011001011000011001001101100100101011101000111011001001101001010001010001110
001110011011100000100100101100001101100001011101101000001001101000100000010001111101011110110001
110111100111101000111000001000111011101100000010001110011000000110000001001010111100101100011111
111100000000010100101001001100111110110000111010101000010011100101111111010111001000110111010010
110000111011110111111100101010001000100000011000110011010000110111101111101010101011101111101001
010011010101000111100000011001110100101101001000011110101001101100101110100011001111011000010000
101100010010001000001101000110010100001110011000000000110010110001100000100100110101001011011110
010111111101010010001000001001101100000001101001110000101110000111001000110111001100010001000110
100000111101011011000011110111110110100011111011101010111111010000000111010001001100000110001011
101011011101001010010100001010100110001011111001110110000010010010010110001010111100111011011010
010001111000010111010001101110101001000000011100001011001010000100101011110101001011000011010110
001101101100000001100010010110101000100111010101011010111010000011110010101011011011100010010110
001101010000101000100010110000000101011010001010110000011000011001001101000100010101101111001110
001001100110010000101011111010001100111101011001100100110101010110111101101011000011101000111001
011010010111110111010111000100110010011100010010111010000001001101110100000110011001110111100100
011000101001111101111110010000110101011101111111000111111100011100111010110010110101110011100111
111011010010011011000000010011110001110000101110010110100100001101100011110010100001101100000101
011100101011111100100011000111000111111001010101010010010011111011010001110010000101110001001101
001001001011001000101110100110011100110001110111010100101110000000010101111110110110011001000001
100101011011001010011001010011001100100000110000100000011001010111110000100100111011001011101000
110101100001100000100100100100100011101101010110001011110011010110000010000100001101110010110110
000011101111111001011010101100100101111010010111011011011011110001010011000110011100111011000011
011110010111111100000010100111101011110101110010111001110000110101000100011000111001100110100101
001101001110000001110100010001100111001000001000110010000000100100110110001001001000001001110101
000010101011100101110001001000011001101010010111100010100000110111101001010110111101011000011111
100011011110000001100001000010101101000111110010111000011110100011101100111100110101011111010010
001011000010011110010011100111100111110101000000101001010110011100100011011011100001000110111011
000110111100001100001001110110000000011001100111010111010111000010000110011101110000110001000101
000111111111110101110010111100101100011000011010010101010101101110010000111111001010110011011010
010010011101001001111000100000001100001001011000000001000100101001011010010101101111010010111011
101010000100100000001111100000100110011001011000010111110110001110110011101110000101001000110111
101110110101011001000000011000110010100100101100001000100100111101000100011000000101100111100110
010000001000001111110110010100100000110001101000101011110000110110111110110111100100000010100101
100110101101011111101001000101100111110111110010011010010100101001010001011110001001110001001011
110000110100110110100110100001010000011101101000001000101011000101100100010010101111101001111010
110000100000000001110001000010100000010011101000110110000011111000001001111011001010001110100011
111011101111011100101110101000111001111001101001010010001100110101000011000101101000110101011101
011011011100000011011000010110000111010100111000011001001110111011011111111011011101011001100110
001111110011001100000100100011100101110010001111011100001011101111110110011100000110101011011101
001111010001110100011110110101011101010101111101100001010101110010110010011110110010101100110001
001111101111010110010111000011001101110010000010011100110111011010101010111100011011010001001100
000010101110110010110011101111111110001111100100100100100100001010110101110111001010000010000100
111110001010000011110100100100110010010000000010110001111010010111011001011111111111101000111110
101110100100001000100100111010011001000001100110110111101101111100110110001000000011100111110111
000101100111100000110110111011111101101001111001001010010010100101010011110100001110001111111010
101110101110010100011111011100100101101000100110011111010111111000010111100011000000111000101011
111001011000011011111001111010110010101101010001111110001111000100001000010101100000111101000001
000001010011100110010011110101101011000100100000000100100011001001111100000001101111010111100110
011001100011100010000101010101001101101110100101011010010101000101100100010110010110000011110100
