101011011111110110110111010101011011110011111110000111110100101100101011000110110001000100001011
011111100100011100001011111001111001001110111110000101111110001100101000000001100001101100001100
010001001111101011100000010111010001111010000101011010111110100000011000011011011100000001011010
101000011001010000011010100110000110000000000110110000101000111101001001101010100011011110011100
110100000011110011010100010110001111011010010101111010100100011011001111111001001000100000001110
011110000111100000101000111001100110011010010000100101111010100010101110010110100010000101001110
011001100110011101011001111001001001011110111010110010110011110011010011111011000000001011110100
011010100111100100110001110011101101001111010010010001111100010101011111111101010110000010011001
011111011010111101110010010101111101010010100010101101010010010010010110001001101000100001001111
000111111011100111110110001101100110111101011000000100001101000111010010000101011110011100001101
010111110001101001011011111111100101110011000011001001111000111100011101111000001010010000111010
010101101010010110100000101010000110010010000000100001110001001011100101100100011100011110111000
100110110010010111001110101001011111100001000110101001000000111111000110110110011100000100110010
101110000010001100011111010101101000010000001111111101110110110101011110010000110000101100000001
011111101100011000000101101001100000111100100011010010110000010011111101010010011111100000101101
011101011001001000101100010110001000101110100111000111010110001110000011011000111000111011110111
101000000100011101111110001101011111000011001101101100110010010010010111110111000000010101001001
110000111000001010001000000000110011011110111101000001110001010011110010101101100011101011011011
101111100000001000110101101011010000010000001101101100101000101011111101111000110100010010001101
110101011101011011011010111010111111000001101110001100101110110010010011001110001111100000111110
010011101011011011100110010100101100010000101010000001110000101001001111000111000011111001100110
000111001001001000111011100111001111101011101001011011001010010010101001000111000111000010001011
011000010110101001011010000110000100001101001110011000101000000001100100100000100110110000100010
101100100100100101100100111000110101100111010100111111011001001111101111100001100010111000001111
001010011011001101001111011100001000011110011110000011101001110111000011100111111011110001000100
010010100001111100001111011010001001100010000101110101111001100010101110100000011011111100010000
110111111110000111010110110111111111001110010110011011000000101010010100110000000111011001000000
111001111001001110110001110000000111101010011111111110000110110010101110110001001101001111101010
011110100000100111010100111100101011100000001101101101100000000100010100100010111010011000010101
000111111100010010111110110011100010010110111010100001010011001100101111100000101110000111110101
101110111111011000110001110010000010010101100110011011100011011010010011000011011000100110101000
110011101000110100101011111111000000110010000001101011100011011001100011010000111001110011001111
011011111000110110101100100010101110111000010001010101101110011000111101010111100110011110111100
011110011101010100000110000010100011010100111100100000100011010001011010011010010010100000010101
111110000000100010100001100010101011000001000000001110001101111001001110010100010100000101000011
001000101000000100100001000001100011111010011010010000010110111111011000001110000111000111011011
100101111110011011110110001010000100001000001100101111000110011110110111111000010111001101000011
111101010011110010010010110110111001001001011101110100011000110101100010010001101010011100111011
001111101010100101000011101011011001101100111101011110101111001000101100100001110010011100001101
011010001100100000100010000001111111000111101111111010001111001101000001010111101110101011100010
001101110101001010011010101001011101000111000110011000010101101000101100110000010110110111100000
111011010100111010001011101011001010101111110001000101101000010000101010100000011000011111100110
100111000110110010110010000111110000010001101000110101001101000100011010001111101011001000110011
111001101100111101101111010010010001001011100010011111101010001010100011111000001010100011010011
100111111101111001010100000111011010110101111010100010010111100011100111111000001010001110111101
010010011010011100100100101001000110110011010010011010000101111111110000010101111000011100110011
100111000111011100011100111001001000110000010011010101001101111110010111110100010011100110000110
100010100110111000010001001111011110100101001001001111110111010111011011101101101011101101100100
100110111111110101101001101100110111001011100111011011101011100100000100000000101010000011111011
111110010110010000111101111111001011100100010110101100100000010010000101100111110110110011110101
001101100010000010011000000010010111110011101011000110101111011111010101111010011100110001111010
001100010101111111101001000001000000111001011000100001000000100001010010101001111010111011011001
100010111011111010100010111111111011000001001010000001100000111111100010110010011101101011101101
111101011010110100001100010110000111000100000001111101001100010000101010111100111000110011110000
010010011000101110110000111100000001001100001010100010110001110111110101001100001100000110111111
000110010001101010011011010001110001111001011011110011111000011001011010000011110010110010111011
111000000011000000000110010110011111010001101111000111110100010011000111001000110001000110001010
110010111100111101101010111110101110100000011101110001101111111111011111110100110111010100100111
111010101111010000001100110101100111110100011001011101010110101111110110100001101001010110111001
001000010110101000100111110010001010111011000011001010100101101100000010011111011111010110101100
100110101100010010000001101010001011001110000101000101010000101000111000111011000000000100101111
001110110001101100110110101010001101001100000011111011111110111011110001001011010010010111100011
000000110100010100010001010101100010111101000000010010101001000111010101001000000000010101100001
110001100100111001011100001111001111111101111001100101100001010100111001010100110010100110000010
110110001101111001101011010100101101010110101000101100101110111000111101110101010111001101010110
110110110100011000100010010011010110000000101111011010100010100110001100111111001010111110100001
111000011111111110011111101000110000111110010110001100101101111110000000100100010101100101000111
101111010010011110100001001010010101000010011100110110111000101101110011110011001111110101101101
100100100000001100011100011111001000000001111011010110100110101011000000011000000001010100010111
100110100111110110110001110111001100010011011101001100100111111000011111000010110000101001101111
101010000100011101011100010111101010001110010010111110110100111101001011110111101011101100010111
111000010000100000010010001100000011011101111101000111110100000111111010011011001111011111110000
111101001111110010011110111101000100011100011100011100100100100111010010111000101001111100100000
110010110101010100110000100010100100111001001101010110111111100111110011101101110100000111100000
011100001110111010101111110011110011000101111011110011111101011100011101110101111001101101000011
101100110100111010011111010110001001010000100101010001011111101110111010010100011111011110101100
100111010111000011000011101100000100110111101011111001110011110001101011100010101001101001000010
101111011110010101001000111011010001000101110110101100111111011011110010110110110111101111011110
010111101100100111100110000010111001001111000100100101110100011101100011001101101110101001100101
111011010000011000000000010000010101110001001111000001000001000010011101110111011110101010110100
011001100010000110001000001100011101011001000000001011101011111011111000110111000011100110101100
011111001101110011001000010011010000111110010010010010100000010001011001000000111001011000111010
000110110011010011011011110111101010011010011111100111000000111010111111110001101110010011110101
011011010000000101101001011010011100110101111000000001100111001100010101111110101110101011011011
011110101001010010001110010111000110001101111100101110011001100011100111000111000100101100111000
010000110110111000001100110000110101101000011100111100110100100010010110001100010011111111011000
101000010110011010011001001001111100001000101000001000001001001001111010110101110010101000111101
110001100111011010010010110100101100100111100010111000001111010000000000100101001000011110001001
111011010110111101101001100111011111110010101110010001000111011001010010001000100010111101001011
111111001111101111111111010011100110100010000001010101110001100101110011011101000011110011001111
000100111001000100101101001000001100010101101111100100011001101101111101100111101001111011000100
001110101111010101000100011000011000111010011011101101110000110000011010001001100110001110010000
111010101111001000111001101100100001000010000101110101111111010110101000100100101011101011101111
000000001010100100010101111110111100111001101110010100000111010111111111111100110010001111100000
100101110001110111100110000111100000010101101111110100111110110000010011010101101100001101001001
000010111110100001100010011001000011100110010011110111111011101111101101101111101110011110001011
010010111111110111100011000001010111001000000010100001001000111110001000100001010000101101110101
011011000111111110010010111110011010000010101111100011011000101001110001110010001101101001110011
010010010001100001000011000111101000110011011110111010101011100111111011110101101111111111111000
011001010101000100111010110100100001000010010101010100010101110011011000111010111100011000000001
100000000000001001110001010011100011100001110111111001011110110110111001010010010100111001111000
110000001001001010000101111110011111110101110010000110101100010100101011110010010001010111101101
101011011000010110110111000011000101111100111011111001101100111100000111101010111000000011100101
000101110111100000010100110011101010000111100111001010001101100000010111001011111101010001000100
100100100000001100110001110100000010111010110001100001100010001110001000110010011001011000001110
000100110011110001101000101011010000111110010101001101011110001001000111100101101101111100101101
000000000100111100111100111011000000111001111011001010001110011101110100111100100000010010010111
110100101101001001101101111001111100110001010011011110100110001100110110111110001010010000111110
100001010010011110011010001111001101110001100011011111100001100010001000010000011111001010001000
111001111101111111100001110101110011111010000101110110101001111101001001101111011000100110001001
100001001011010001110111101101011111110100000110101111101101011110000010100111010110000000000011
011111111100111101111000000100011001010101100101011101000011000010110111011110100111000110010101
011100011001001001011011110000110010101101010110110101111001000001100000010100000010110000010111
011011010001101111000010110101000000001110001111111011011001011111100101110101110111000111011011
010000111011111110000000000101110110010111011100010011111010010100011010110100010110101110001001
110111010011100000010110101010011000110100001011100001001011101001010001000000100101111101011110
001001010110000111110111110100111010101011100010000001111100010001000011001110011100101111100011
110111001010110101011111111001010000001110110000001010100110111000001001101111100001000011010000
100100101000110110011101001101101100000010110010011010011011110010100110101011101101011110001100
101100000110011011100000101110000110001110001100010001001111101001101000010010100110111001001101
000011011101010110111100001001011000100011100111100100101011001111101110011110001001100010101101
111001101001111001011100011101010011101110010111111001001101101101101011010101110010011100011110
010110000110010001010011101111011010101101100101101000010100001110000110011101100101100000101100
100101001110100010010010100011000010011100000010110001000001001001011011000110101101010010110111
000101100101111011101000111101110000111010001010111000100000010111010011000100011001111010011001
010100011000010111101101001010101001000010111011010001111001010011110100101111001000000001010101
011010011010001010001000111110101001011011001010011010011110001001110111000101010011110011111011
100001010101100111000001011100100011010100100000101111001100010100011110000100001001001111101100
100111010101110101111111101011100110111111110110111001101000011100111101010001100010110001000101
110010011000100010101000110111111111010001111010000100110100001000101011001110110110110010000111
001000110001101001001001111100010101000001001001001100011001110010111111111100100100001101111011
000100000010011100100011111101011011011000000010011000110101001010101100101101111111110101000010
001101110011001001101001001000101111101111011100111100011001111111110101110101011010111000111101
011111000010111111111101111001001110010111111011110111101001000000101010010100001111110111100111
110011111110101000101110001001010001000010011111101011110100111100110110101101001110111111101110
101101111001010011010111111110110100011000110011101101101100100101001001001011101110101100101111
001101101110110000100101100011111101010001101100100111111000101111000111101001111010111110000000
111010011010100110111101000011101110001010110110001111110001010001010001001110001010101100001110
000111100010101101010000010100101101110110100000010110001111111000011100010100100010011001111001
011000110010100010000010011110001111101001101111100011010110100100111000011100011001101111011010
000000111011001001100111110101110011100010111010111011011110111010010100100100001000011000000000
011111101110011111111010111001111100011010000101110001011001100101010101111110100000000111001110
010010001110011010000110101101101100101001001010000101001111110000100011111100101100101111101010
111001000011001000110001011100001101101110000010111101011011010000110001000010110000010101000101
101100111101111101001000001110110111001100101110110010010110111011000000011101000111100111001111
001001111100110001110101101110101111110000111111001010101111110101010101100010011101001110001010
000000001011010111100111110101111101100111100001111101111011000001110011001101110110100010111001
110100011110111100010100000111100100010010001010100001101110001011011111110110001111110110001100
111111010100100101001110010000100111000100011010000011010011110000100011000001111111010100101101
111101010000110010010100100111111001000111110010001000100000000100111000110000101011010000010100
100011010011110010000111010011001000100011001011111101101011011010100001000011110101100100110000
110111001101101100111110010100110011001110000101110110111110000011000000001001001001001100011000
110010010001101110000010010100001111010000001000101110111100001001101010001111101101001000000001
110111011100000101100100110111101111011011001100100100011001101101010101101101101010011001000100
110010010001101010011001011010001010111110001110111010001101010101001001001011000111101110111101
110100000111001001101110011010110001000011011011101001111111111111110011000100110000010111100110
111010000010101011001101110111100111000111101111111110100010110101100000110101111000011111110010
111011011000000001110100011110010010111000100111110110011000000000101110000101111100110000000001
101111000100110000110111101100110001110100111101110110101001101011111001100111110110100100000010
110011100001010100100000110100011000001001010010011100001000011010011001011010000101000011100001
011010100011100000101101101010111110001001000011010010000001011111101000100100100111111000100001
000010011001000001110101110110010011011101000111001100111011011110100111000000111100100110010100
011110011101101110100000010001101000100000000011001110000001101111001100110011011101000101000100
111000100011010111010010001000111001111101010001000000010101000101101011010011111010110000000101
000000010110110101001111110001011111011110101011011011001010000111001110001100110111110111101110
111100110010011011001011111111010011101101000110000011001010101001011011010010110101100010100011
100111110001011000011000100010010001100001111011100111110000101011101101010101110100111100011101
001011011100010101011100010010101110110000011000100110010000111000010011001111110111000111110101
001111001110101110111010101000101010101011010100101000100101001011100111110110011011111010110010
011011000000000000111101001010010011000011101101100110110001011101011111110011011100011010111101
100001010111010111111011110111110011110100000101111010000011010001010010100010101111100110101111
101000000110110101111000101110111011100110001010100101010001100110111011101101011010111101100001
001000001011111101011111000011101111100100110000000110011010010110000101100110011100100000111000
010011011110011111110001101001001000111110011100011100111110011001010010011100010100111100111111
110100111101110111010010111001111110011010001101101101111010101111011100001010111100000000101000
110100000111111001010101100000111100000011110011100000000111001100000111011010101100011110001101
001011111111010000101000101100010010100111111011111001000011001011110101101101011100010110011010
101000011110111011010000000101000011011011011010111100010011010100010010010001111101110110001111
101001100000010100011001001010011001000100001011000010001001001100000000101010010100011111010011
100111110101110000101101000000101001000000100111000000001101101010000001011110010010101111101100
010110100100000100100111001001110111110011010010000000011001110111100010010010000000110100010110
111111010001010100101001011111001001100100010000110101000000010100011011100001011011000110111101
110110011011011000110011110101011110101011101110000010011100100111000010110000111110000110100101
001110111101001010011100100010001111000110100100001110011010100000010101000100101100100111111001
100111000011001111101111001011101110010001101001101001011001111111110010100111011010010110011101
111000101010010101011100001000111000110011111011101000100001100110001111001000001000011001111000
001010111111011001111001000001010011010011101101011011111010100100111100111011000001111011101010
101101010110101101000011001101011010010011100001111000010010000101000010011101101010010000100111
110010111111100011110011101011001100010111010101001000011011001101111001110001110011000011000110
100011011011110011101101101110100101000011110000011001010110011010110011001000110101011000100110
010111001010101000111000100001001101001010111010010100000100001111100010010111010111110011010110
100111010000101100100111111110101010100101001001101010111001000010000010101111110000101101100111
111101001011000111110001000111000101010001101001100111001000001001110010001101111011000000011101
100111100100010001110101111100101010011110100100101111010110101111011101110100101110101011001011
000111101010001010101101101100011101100110101010010000110010110110111010011011011101100010000111
000111110001010101000010000110010011110100101111000001001100101010101010110101111010100110110100
000011011111101110000001011100000100011011110101111111101110010010001110110000111011001000111000
101011100100101011010101111010010000001111110100011100001110101111011110010011101001001101010101
000001011111000100111110101111101100011010010110111100000010000011001010100110110000001111100101
001101101000111000001000011001100011011101011101110111001000110001101100110001101010110110001010
000001111100110101100100101010111001100100100000001111001110101110011100011001011100010100111000
100001100001111011101001001111000110001001000010110011001110001001100101011011100101010101001000
000001000011010011100001110101010000110111011111111101101111111000000100001101100010010001000001
101011101101101001101100111010100110111111001100110001101100110100101000000101110001111001001001
011101001110011110011001001100110000111000111100100011011110001001101110000000110011000001001100
011101000010001111110000000111101111111011111010001100010010010000010100011100111100111111010010
101111111101110100001110100000111001101011101110010111100010111100010000011010000100111111111001
001101001101010100101101101001010001100110110111111010001000101011001100111111101111111011001001
000010111011110100011101010100111011111011001001000110101011001000101000111001101010001101010000
011111101110100110010000000000000000001110101101101110101101101111100011110001000100101111101010
000000101110001010011100011101101001011101100110011011110111111011000010100100010010110111110011
101111101011011001010100101000010011010100111111101101111111101100110010101010110101111111010111
101010010010001011010001001000011101101000000101001001101010011111110110011001110110100011010000
111100111100011011000111111000111111101001000111000000011000110000011110011100100011001110100001
101010111000001100111001001000011110010010101001111100111010000100001101101001100001100000001100
001010100111101000101111110111101101101010111111000011011001101101000000111100011000100111111000
001110001110101101100001100010001001101100001010100110110110010001111000111110101001001001101110
010000001011011100011000011110000011000100000101011101100010010001010110111111110101011000101100
110011001011111001100001100000010011001110011101000100011110111101100111110011001011111111011101
001010010110110001100101101001010010110100000101000100111100110001110111101000111000101001101110
000011100101011001101100000111101010001000011000111011101001000110101001111100011110001011001101
000100100011101000000100100101010110101001001101000111110000101011001100101000010001100001110101
000101111101110000010110100100111011110001011101011001010100000110010101010011010000100101101010
111101000100000000111100011111001000111100100000101011000100001001010010100001110110001111001100
100010011011100111101001011101100010000000011011000110011111000100110101111101111000001111111110
011010010001100010001010001011001001001110011011111101110011010011101101011110010001111101000110
000111000001011011010111001100010011110110110011010100001111001101111010010101111000100000000100
011000111001100101010010000101010101001010101111100011110000111000100011100111011111111010011001
110111001001100011010000001110011110000101111111110010001111111111111110010100111100010001111010
000010101010111110011101110110100111011110001010111110111110111000010000000110110100100011011011
110100001110001011010010010101111001000011000000111110100011010001010110100110110011000001111010
101111011010011101111011111100000110010100101110100010111000100010011111101001111001100000001011
011011011111000101011110111100000011010110000001100100110110001100110111011111001110011100101101
100101101101000001001000111100110111110101111110011011110001101011100100111111111101011010011101
010111110001101111010111010100111100011010011010110011110101010100111111111000010100011110001001
100000000100000111000111010111111111011010110001001110001110000001100100111011101110101010000011
011000010101100000000001110101110001011110101101011100111001011010011110011011111100000011000101
100101011010010111001101101101100101000000110010000000111110110110101100110101001100010001011100
111101001101101101011000110110010001011100001000101101001100110110110010100110010010100100000100
001101001011000110100011101001001111000000100101011010011100100100010001111100010001110010011001
011101101111000100000011011111001101111000100110101100111111010111010001010100001010000000011100
000110001110011100101110100100101001010011100100110011110101000110000011011011011111101011110010
101000101000111100110111001100101110100111110100110001101101000110100111101111011000110011111001
101001010010001011111100110000010001100101100000111011110101101011000100100000001000110111011100
010000000111100010001111110000010101111001100111010001010000111110111011001010010101001001101101
000000011010111001011100010110111111110010010010000101111100010101111001011001000111100101100011
111011111100111011110000100010001100001010110010011110100000100011000010101010101101101000000000
000001101101110111000010101111011110011111100010000110110101101010111110001101000111110000011101
011101001000011000110001011001100111011100110100010110101000010010100101001100011000110001010001
101110101000100100100000101101011111110011100110010001000100111100110001111111110000000010010001
101100111110100110100110011001110001111100000100011100000011000100011011011000110111101111110011
001001010111010100000100001001000101100001110100011110001101110111000101001100000110100010111010
101010100110110110011110000011101101011100011000111100111010101100000011111100000010111011110000
000100010111000001000110010100001100111010010001101011011111010011100110111111011001110010111001
111110010100101010111010100100010000111001000010111111010001110000101000101011100011000010010110
000101101110111000001010001100010000111110110010110100100101110011111000101110011001111111110001
100010111101011011100011100011100101111110010010100110011010110001101000010001100111101101010111
100010110000111010010010011001001110001101110010110000000001001001111000001010111101000111010010
101010001001110110011110000001010010011011000001010101001101000000110110010001001110101100001001
011010000111000011001101100010111001100100100101000001000010010101110101110001001000100001010011
000100101111000001001000111011110100110110100001111101001010001111010011101010011000001111000000
101101101001010100101101000111110001111011011111111010001101100001110111000010101011110100001111
011001100010001101001011011100001011111101110000101010011101000101110101001101111001110000110100
100010000101011011100001010101100001001011011111010101010001100101010111010100010000000000110001
001101100000100011010001000010010101101100111010100111110101101010011001111101101111001000101101
110110110110001000000000010010111010100000111110111010000110011111010010000110100110101101110110
111100000011110100000101101010001100111111111111010100011011101101010101101100110010011100110010
001010011001100010111000110001010110001000000111101001000110011011111110010111110011011000111011
000011100000000110111101001100111101111100000000011010010100110100110110001011101011110111011110
001100100111110001101110011010011010010010011110000010110110001001010011100110001010100011111111
001011001011011001111011100011111100010100000111111101000101101011001110110101100010010101100001
011111001001010000001010010111011000010001111110000110000111010101111000100001101101001010111110
101011010110000010011010010010001001011000001011011000010101111110111000101110011011100011100010
011101111010001000111100000100000000110010001011001111100100000011111110000000110010001111000010
100011000000110000001011111001111000100110010101010111101010001110000110011011010100110010100101
000110011110000101100110101110110100010010001011100110010011110000010101110001001010011111111101
111111001010011111000011110000000001100110011111001100110101000011111110111001110111101111100010
111011000110010010111000010101010101001111010111110100011110011111101100110000100110110111100100
011000001111110011001100010000100001110011110011000110011000001111110010111010011110101000111011
110101001101010010110010010101000111001010111111111101011000010010111111101001111001011111111010
110010000101100000100011000111010000010011010100001101101101100100101001101100000100110001110100
111011101011111110110000011010101010101110101110101010001001100000010101000000100000001000110110
001101011001011110101000111101111111001001000001000011111101110111011101101000110101011011110100
111010000100100000101000111001100000101011110001000010100001101100101110000000110100110011100011
000010000110000000010111111101011101011100011001110101011010000001001100010000001010001101011101
101000010111111111110111011010111101011011010101010000110111110100000001001000111110011010001101
000101100010100011110001000111111010010000100011110001001001011001100101011011101110111100110000
001011011001011101111101011001100110101100000011100111010111111001001000111111100111000111011001
001101101000100000101101011101101000001010011010111001110001011001011011100010001110001001100011
101100100001001100000111110000100101011111101000001110111011011001111001100111011110100001101111
101011101101011011010010110111100010101110010111001010011101000001100000011111001111001011101000
011010000001100001100001101110010011010011111111100010011000010010000110100100111101010110001010
010011001010101011000101000101001001010000110010000001001110010100110110100110000001100001101000
001000101110100100010000000011011101100001101110010111110011001101101100110110011001011010000110
100000110101000100101110111100011001001000100101010010001000001001101000100101000100110101111101
111011110001001011001100001011001110010101000111000101101101110110110010001000110001100000101111
100100010100011111000010101111001110110000010100101000010111100011010110100101110000111001111001
100111100110010001111000000000010000110111100101110110011010011100011111110110001000010011111100
001110001111100101111110110111111110011111111111101110010010010001111010111100100001011100011000
011001001111011011111001000101110111000000001100011100111011011001100101011110110100101101110101
010100000110100101000111001101010000101001110101011011001010010101101101010101101010101001000111
001101110111011111001000011000111111101010101100000110001101110000101100001001111101111100000101
000111110100101000001010001111110111000011000000100011110001011100111001000101110000011101010101
111110001000100000111010011101001111111100011011011001010111100011010010101100100011001001111001
111010011111110100010100001110101100111110100110001111110111101000011000011010101011111010101101
101001010111100000000111111100110001000110010110011111100010100110000010001011010100011110000101
001110011110000010000010011111001101101110101101110010000110001000001000111111001011001101101101
100010111001110110001101110011100101111011101111000000010011010000100101001001110010000010100101
110110111010101001101100111110110000010001000001101111000111100100101100011010100001001100100101
011010000110000001010001100110011100110000001100100110011011010001011011011100110100010101010001
001001010100011100100010111010011111111110000001101111010111111001010110110010100111001101110101
110111010110011111010000001110101011101001001101110000110110001001110001010001010000100000000100
010101101111000010011101001111100111010000100100001000000101100000101000111001111100101110010000
110111000000110101100111111101011101111011101110000110000001100111101010100111100101001001110110
110100011010101011101100011000010010001001100110100101111001111100101110011010111101101111001010
000000001000111100001010001110100001000101100110110000010011111111110101110000110111100001011100
100000111011101101011111000010000100100011011010011010101100101100111001111110101100111101101101
101011010110010111111000010001100100001110001001111100111010101100110110111010110101001101011101
111001000100100100011010000000011101110010100110100101000010101111111010001111111100011110010010
110001111011010100110110000111101100001001011110010011100011011000111000011001001100100001101111
110100001010101001001100001001111010110001010000010101110100010001000011010100001011001010100110
011000000001011010001111100111100100010101001011010001010101000100000001011001100111111101111111
001000111110111010001101010100100110011110000000011001010011100100111110100100011001000001101110
000010000010101110010110101111011110111011001011110000000000110100011011001011001001110001110001
011000111101011101010010000000010100010101110111111010111100001000111001010111011100000010100101
101100011110100001111111111010110110001110110111100111110110101111111111100001001010001111110010
111110010110001010101100100110100011001110001010110111010010100100000100111110110101000000010100
001010011010010101110101010110011011000110110110010010001000001001001110000111101111100111000110
010010010100101011111001101111010110101111110100111101110100110110100100101101001111101001001111
001011010000000100110111000101001011011110001111011010001001001000100100010111111000001110110001
011100101100100111111101011111010011110100010110110101101101111010011101010011101101010111011001
010100100111011101001010001110110100110111111010011001110100101001011010000100010111101001110010
001111110000010010000010110100011101010011000100110011110110101001011010010000110101000110000001
101001000110011011010010101001101010111110001111101100000100001100011000101001100110011011001011
110010100101001100110111101010010010111100001111101100000100101101000111001110001001001001010010
101010101111110111111110010100000000100101010101011000101111010100000111111010011010000100110001
111011010101011110110100001100001001010011001000000000101000110111111010010111110000001101000000
110101000000100010111010100001010011001001011010011011010101000110010101111111011110011101110000
100010011001110111101100011000000101110100011010101000111011100101001001101010110001000011111001
100101011000110010111111011001011100100111110010100100101001101001111010110001101000011001000000
010000001111110011000011100111011111100110101110001010100001100100110100011111101000110010000000
111110110000110100110101001110101010011100111001011010011111111011111001110000111010001010110000
110000000010001101110000111001111011110011110001010011010100010010100101101001101110110001111100
101001011001101111100111100100001000011111010111100000100000111110110011001001100110110111100101
011100011010011101001000100011000100100111001111110110101010100010000011101000011010100011101100
011100001010101101101101010111010001010100111001111101111110011010001100001010011010000010010010
011101010010111001010101100001000111000010110100111110101111000101111110100001100110101011111010
000010101000010000100000101010010111111001100011110000100010011110100111010101101101001000111110
110011000110011111101001101011101010001000010001100000000000101011000110110100101110011111010000
101011101111011110000110000101000100001000101100001110100101111000000110000010011111010011100100
011010000000010101100001011000001000000111001001000111111110110100111110010100011000000101000010
000011110001011111100101010011111101111010011000110100010000000010011111101100010001111101010001
011011010101101001111111110100110111010100010011011100101011001100011001000100101010111110011001
010101000011110110111101111000111010101111011010111101001110010101100100100101000101011000011110
001100011100101011001111010100000010101011100101100011100001001001110010010000100100101111101001
111111110001101110111011100101101111011100110001100011110001101100110001011010100101110000110011
001010001101001111110000110110011001000111101000110101111010010011100000110010110100111100101100
111000010101100010001111110100111010000010000001100100110111010010001101010001111110100100100011
000101111101001100101100001111110001111010101100111011110011110000110110010100000010101000001101
000100101001101110001000100100010011000100001000100011100101101101001110001010001101110011100100
011110111010000000100000000110101101111001101101010100100000001111010000011000000100011111011000
100100111001111110101110011101101111111101010001001001111100100101101101100001110010111100001111
000110000101011111100001010000001001001100010110111011111110111101101011110111010100010000000010
101100011110101001110101000011110110101000110001100110010101001101110001111010101111111100111111
101111101111000011100001010010101101111100011100001000000100110011101001001001110010101000111010
000000000010110111101000000110100000001100011110111110101110111011111000100010100010100000110001
011101001111110111100110101001111101101110100011000000111000111001001000101001011001000011100101
101011011011111100100001011001001011001010111100010000010111100000110111101110101101001001111110
010011000101010100101110011001101101110010111100000111011100100100100000000011000101101111100001
101111101110001010000000011011110001010111001100110011010111010101001100110001111011011011010000
001011010001001110101010010011010101111111111010001100000010011111100000100011010110010110101111
111100110110000000101010000101101100110011111100111101110101011111001111001110000110101000100100
110001110100101011111000100011101101000101111011101100011101101101110010100000100100000111100010
101111110101111001101011100110111101000100111101001110001011001101110110000110111111101000000001
000110111010111111110010101111100111110111101010011001110110101111110000100000100011000000111111
110000000101010001001101100110101101100100000111010111101110011100110001111011001100100010111101
100100110101100111111100000000010100111000001111010100101001101011000000010001010001011000010000
000001010000000011010110010011100111101100101110101000111000100010000001100011010011000010001010
010011111011001101110101101110110110101110101111011001011011011111011001100101001011010101100010
110111011001011000110111000100111011110011110010100111000000110111011100101110100110100110000000
111010010011111111000000100111100011011110001100001011110111001001011011001100010001000010011100
011001111010101010000111100011010001010101110011110011110101111110100000101011100010001100111011
101001110001010010110110110011001111001001110000101101100011000001000101001011000010110110001001
001100011100011010101111101011101111011000101100100011111100111100101101110100000101100001111111
010011101110100100010110100101000111100000001000101000010100010100111000101011100100111100011101
110010001001010011000000000010010000111011000011110100001000001110011001001101110100100011011111
010010110001100101101100001000100001111110100011000000101110110101110000110001000111000001100110
110011011110010111110000011101110100110000000000000001010001110011100011100000000010111010010001
100111101101101001001000100111000111111100110001100100111100111110010000110110011101010101001111
010011011010100010111100110000011011000011100101111100101100100000010010100001010001011001001110
010011110110100011011011000100010110111011101010101011110011011000010001010011001110110111011100
011001000100010101000101000001100000000101010010111110000101110000010101010111010010100000110000
000101011011000100110101111101111111000110011011011111010010100111001101001000010110110011110110
110101010010101110110000001111100110010111101110111001011101100011000000000000000001000110101010
110001000010111111100011011011000011000011111000011001111110011011101011110000100001000110110011
100110110101100010010011110010000011101011100011011000001010111011001110100010001101001001110110
001111111110011100100000000010101010101100110000100101001000010111010110111000100110100011101011
111100111101000010011101001011111001100011111010001010000101001110001101110001010110110110111100
000111000001110010101100001010111010110110010111100001000101001010111100111001101001111010110100
110100001011101000100111100101011001011110110101010010100100010000000100011111101010011010110011
110011111001100010110111111011111000011000001000001110011110110101101111111001001011001001011011
000111000000010101001110101011000111010111110101100110001100000000010000011110010010110011111100
010001100110010101001101110001011010111101111100001011100000110110011000000011101101001001000101
110110010011101110001000000110111111000011110100000010010000001011010011000110101001111101011010
101011110111101011110000011011011001000100001010100110111101111010101111110111100111111100000101
010100101000111010011010010001001010100110101101010101011110100111111010011110010110101001001010
010101101100000000010010010001110000000011010010000111101111000110010000111010110101110110111001
010110001001001010010100001100001110100001110100010111111010110011111011001101101010100101111110
110000101100000101000000100111111000000101011100000111100110010000000111001000011111001100111100
101111100101110010100110001001110011111110110111100100001001111001010000100111001000101111010001
100111001010000100100011001101010011101000010110111110011101000110000101001001010010001000011001
011001001110101010011110100111111011100010011100011011100101010100010000010001011100000101110001
011001101101100000000001000000111110110100011110010110001101101010100001100100011101000100111100
010110101001111000000100111011001011101101110001101111011111111100000100111011100010110011111011
101011011001111001001100001101011011011011110011010001111010001001000110010111010000110100000110
101000000001111001111010100111010100000001111000011110101111111110101010100001110010111100010100
011011100110010110101011001000011101110000100101110111110001101110111011111000011011100101100011
100011010100100110000110010111000110101000110001110101110001011100001001111010111011100001100111
001010001100101110110110101111000100110010110000110001000010100000001110110010111100000000110001
000001001111101001111010111011101100000011110110011001100100010001101111101000100011001010101100
001101011100011011111001111010100011111111111111000000101111001101110101100110001111101001100001
110010110110110111000010110101011011110000000000110101011010101001110111111101011011111101111110
100111010000010001100100111010010110000101100101010001111001100010010010011000100110100101000110
101011111101101000010011111101000100011010111000110111000001111101110010011001100011100011010110
111011111010100010000111100001110111010101010100100000001100111011000111110110010011101011010101
001011111110100010101100010001101010011100110110110001110010000100011110000010101011011101110110
011000101001000000000101000001101101110100110111110011000100000000110100010110011011110000010011
010011101110001100011011111011011001111000111011110011001111011011111010010101001110001101000010
110011111110001110101000000010111001010000010011010101011110101000101010010001110001010111100000
111111100111100111101101010001010110011010111011011100011100001001001010001110001000100101100101
010000011111110000100110110011001000101110110100111111011110000101010011010110001100100101110111
100011110101111101000110011110110101111100111101001111001110110010010100001111000001111100011011
111001101001010111010000111010011111100110110010101111001010010001011111010000110101101100001001
010111111100110100000000100010010110001111011110111111010010011110111011111010101010100011101101
111100100100111110011001101010001100011000001100110011001100000011011000110110111110011101100101
000100110011010001010000011011100001000000011100111110111100100011100011010111110101100011010010
100100110111111111110011111100101011101111110111110001011001101100000011100001101011001001111001
010100110000000101000010110101101101110100100101110001100001110101001100100010010110100100110100
010101010000100010000101010111000101000000111011010001101111011000111011010011101011100001110001
101001010110000111001101100000001100011011001111000100101000010111101010100011001101110000010110
011100011001101011100111110010111110000011001011010011101111101101001111111100111100010001001000
011011001111101100111111001100110001011001000101100011000110001000001010011001110111010010011111
110100001011010001101010001010101011111010100010010000000110110010111001101001010111010111000011
100100010000110000100101110100000111111111010010111000000100110111111111100011110011001100010010
111000101011001000001111010101101110011010000101000010110111111010110010001110011100001111000111
011100001000000100001101000101010110110101101001101010100010000110101000000110011010110001101101
011011100011001010001010100010110001011001101100001000011110000100000110000100010000101101000011
101000011100111100001010100011101101100110000100100011100110010110100101101000100101110110110011
000110100001000001110010111101001111100011100101100000000100010110000001011011101101100000101010
111111001111011010100011011001101101111110100110111000010111001000001000000001101011000111001111
111010010100001101110001000101111000101001100101111101110011001010000001110111101110101010000010
010011001111010000110100011110110010001001100011010001010001111101111011011010110101001111110000
110100100111100110010001101100000010000111001110100101011000111111111100101010100010111110010111
101010111000010011011010110011000010100010000011000000110101011010110000010001001001011000101110
000011111110101111111111111110000100110111001000100011000010010000100001000010111101100000111011
000110110111000101100101101011000100111100000000000110101100011001010000011100000100010100110101
100100100110111111111001100100010100010111100111100110110001001101110000011001101011010000101110
010110011111110100001101111110010000001011110001000010010011010000101101110011100100111010011110
110000001111101100101011001010111101010001010101111001101011000011000110000000101000100101101111
001100000100100011111110000111000101110111101001010101011001100101001101110110101101001100111100
111001111110101101001101010101110111000001000000100010100010110110010111100110011010111010000011
010100001110110000011000100001001101111011010011110101100100010000000111011100001101010111110000
011001110110001010110100010001100001111000001010101100110100100101100110011101100000101000101111
000001100111100111110110111010001101101101111010100001101001100101000001100010110000011010010001
110110101011101011000111110011100001110111011010101011100000000001100000011001110000000101110111
000011000101011101111111100011101010001011111011100011011110011000101101101111011100101101111111
001000100000101111100101101010100010001101101011000001000011101000101111010000100111111001010010
111001001100110010010101001100000011101101010111011011110011001010110101000011010111011001001011
000101111100000101000100110101101011100101101010101010000000001011001101000011101011100110010101
100101011110001000111111010110100100110011011001000000100011001001001010111000101111101111100111
101000000001110110001111010101000110101111110101111110100101000110100100110101100111101011010101
010111001000101000100100000011111100111110010011100111110101000110000110001001010100100110000011
010100111001110110100111000011000011011100010010011111101010111100110000111100111001011101011010
001100011100101010111000000110100000101100001000010110101101111010111101011000011011111100011001
101110101001111001100011010001000110001101101001011101100000000101111111001010010001101111011011
011100100000010111111000110110011001001101001100001000011000001000100001001011000101100101000000
011111001010001111010111001111011111010101001001010000011111111010111011001111001001001100101010
001101001011011100001001100111011111000111100110100111111110110111001110100111001100100000011100
110110011100111000011010001000101100001001100111000001110011010111110001101111011000101110001000
001000000000001100011111010101000111000100000110000110010000110000001110000100011100001100110100
111111111001010111101001100000000110110110000011100111010010111110010101100010110010100011111010
001101011100010010110101000010100100000101100111101000001001010110111110111100010010000101110101
101111110001111101111100101111010110111111000001111111101110101100010101001011110101100101011110
100111011101101001111010100111101011110110101110010111111011110111011011011100011101001011100001
000111110111001001100000011000001100000010001011000110010011101101111000011001011001011000011000
000100110100101001010011010100001011111101111111000010001001001100100111000011001011000010010111
000011100101001001100101111010011111101010110100010011001111011111010100101100101011101101001110
000111001001001110000100001111011100001101111000101001100111011000111101010011011110000101100100
011001010100111110010110111000110001101100100110110111011100000101101111100011110000100101011110
010010001110111101011001111101100101111000010011010011100001001001110011110110001001100111011100
101011111100011011100101110110011111110001110011000110001011011110011110010011111000111000000000
110101111100110000110000011111001110100110110001000000010000011111011001111001011110011111011111
001100010000111101110110010000010110101000010111101011110001011011111011100100110000100000111011
010111011110001001111011011110111001100001110000011101010100100010100011010010101111111111100001
001000100101111011000100100111111101011010100010010001111101111110010101001110100011100000110110
010011100000001101101101100000101010001000011000010110100001111100100010001001100000010011000111
000011011000101111110011000110001000110011100010111001001111111011000110010111011001010100011111
010111000011101100001001110100000100100000101010000001000101111110100101111100100111111110000001
001010011011101101110001000011101011001001111011011001111001001000110010001000001100110101100110
100111010001111101011101011000011011010000001110101010010000001000010000000000011011000000111001
