000010111100010101001110101100001110000100110101000111100000110111000100010100011110101110011010
110000001111010011010011000101101111001000011011010101011001011100110010111001111100000010000111
110111101010010111101011111000010110001000000011100111101101001100011101011110101101001010111100
110011000001011100001110000111111111101000100111101100101010111101010100000000111100100010010011
011100000010100101100010000100101101111010110010111000001000000001001110101000111011001100011101
101011110111000001101000100111010000101010110011100010010101110101001111011011010000000011100000
110001000011011101011001101100101010100110100101001010110011100011001111101001101000101100110001
101101111010000010111010011010011001000110110000000101000010111011101011100111101110001000111111
110000110101010111100011011010001001001000001101010111101110100001001100101010110111100011001101
111110101100110111110001011101001100110101010111110100101011011001011100100110000010011000111110
111010010000010111110000001000100011000110011100011000111101111101010110011111010011110000011100
001010000001000111100000100100001110110101001110000101100111011001000110011101001000011001110100
111011111000101100011111110000101100011100101001110000010010111000011000011111110010110111101110
100111101010001100111001101001001001110111011110100000101010111000000000000111110010111011010111
111101000111011010011000000010111110000111110101111111001111111111011110001110011100111000100010
100110000001011111000000110010000000001110011111111111100100010111111101101111011001111000110000
100010110101000001110110011011100111110111010000110010101010110101000110000001101111001100010010
110001110011111100110011000000011110001100111110101010000010011111101100010101110010011010110100
110010000000010100100101111111001001111010110110001110011100000000000100001101010110110010011001
110000010100110010000110100010001110111101010110011110000101001011100110101110110000001111100110
111110110110011111111101011000101100011111101111010000110100100110010000101100110000000001001101
000001000100001101010100000010110000111010111000101101101110110010110000001001010101100010111000
110011001010111100111110101000010101101101111101111101101101011110001010011110000100101000111001
011100000011001100010100101001101001111011011000111100011110101110101101101011001011111111010101
000010011110110101111101011010111110000101001011010010100100010011111000101011001001111110110000
101000000001101001101010111101100001010000000001001001101011101111001111101011001011010000100110
100000110000110101001110011110000011000010010100100001101100110010111011001110010010100010011100
111111000101001110000000010111000101101000010101101100000100010011000010011101000010011100100000
100111101000001000001101010100001100111001000110001110001101001100110110011111001111111010111011
011100111100111111010101000010010100001001110010101011001110001111001101011011101110101010111110
111101010110011111011101001001101010010111101000111010000111000010010111010001011100101101001010
010001011111111111111101111011010101010011001000101100101101100100110101001101010100110001100000
101010100010010110000101011000010010111101110010110010101101110101001111100111100000101111111010
011101111010111101011100011001110000000000110101110101001110000010011011100010011110100011101110
111011100010010100010101001100110000100111101011110111000000111011001000000111110101000100111101
111100101001101010110101001000111001001010110101110010000001010100010000011111111011011111001011
110110100011000011011001000011011111010010101101011111101000100011010100111110100001110101000101
010101111111001111101110100010010101101001101011110101111001110111111101010001100010001001010110
001111101000111000000111100111110000001010101010111100010110100001111101010110100101010101010101
001100100111000110000110111011111111111110001010001100001100110010101100111100111100110101001110
101111111000000111001100110101011101100101110100101010110011001101011011110010011100010110101011
111110100010000100101011000101001011001101111011001111001001000111100010101000101010000011011010
100000010100001111100100111111110100101110101011001110000110001100001110110011111101110010001001
010000010010110010110100101011011101101001001111000010010011111011011011000010100111110011010101
101110110111000000000001000111001000011100100101100101010110001101110011011011000001011100001111
000000100101000011110001011001110010000100111010000001101000010011110101001001100101101011011110
000110000011010101010100101010111101001101111011001101111100011010000000111110101100110111100101
010001101100110001010101110110100010101011010011010110101100100111100110010011101010001000101100
000000100000100011010010101001100010000001000101100010010110001100000100011011000101111011010001
100100000101000100011101101011100001010000000000100110111000110101010111000100010111110101000101
111001111110110010001100100000100010111100111000001001010000010001010101111110111110011001001101
101010001000001011011111011101101111010101010011100101000010001000011110011000100000101010110001
111110011000011001110001110100001111100110101000110011001100010101100011101100111010000100111001
001100110001110111100110000001100011010000011001011000010000100101110110100100101011111011111110
010101010001010111111011010011011110110010010111010000010100011001010011010110001011101110100010
100101101100010010000101011001011010110000111001000011001011101110101010001100100011101111111000
100010110010111100110110001001111001000111011000111110111010111100100000010001100111111000110001
011011001011011000111110010000110010001000001110110011011110011110001101100111100010000100111101
101000100001101110001111100111001000111011001111100010100101111100111111110100011000110111010011
011111001111111011010111011110100100010001011110001111100100100111000011000101111100011100000111
110001011000000100001011110001101100000101111011101110001001110111100010111101110000000110011111
011110010001010000100110000110101001000011011110000001011000000000010000111010011111101001100001
001001010111011111101110001100011000111101101010000100000100110000101011110101010100001001001110
010011010000110000011011101101010101001111110000010011111010101111110101011111100001010100100110
111000000100000110100010011101101100001101111011110000101011110111100111110110010000110010010101
101101111001011001000011101100110100111001001010010011000101100000101001111001100010001000111001
100110000011000011011110000111000001000110011100110101110110001101011111111000001110010111111110
110101001011101111011001100110011100011011101110110011101110111011010001111100110110011001011010
110111110100011111111101110010110101111011011101100011100011011100100101011100111000111110010011
101110000111110100011101010111010010111101100010001101010010010101000101111010000101100000011111
011000010100110100101111110101010000100110001011011111101000000010110111011101100000110110110100
111100000110011010100010101010100100111110110111110111000010110000000001110110101101111001001010
011001111100110011111111000010110111111100011010001100000100100010000111111100111010110000111000
011111100000000001011001001100000011000001101101010010110011110001101101010001000101011111111111
101101101000010011011010001101101110101011000001000111101010001010010000000100011111001110010111
011100100100100111101100010001000110101110011000101001001101011100101101110011000001011110010111
001011000110011011100100001010101011000101000101110110000000000111110011110010011011011011110110
010100001100110101000001100000111011101110000000001010101001010001101110100101100110011010000011
010001110001100010101100100111110001000110101111111110001100100011111011100000010000111011001011
100110001111010000001000011101101011000110111000000011110001111010111111110101111111001100010100
110111110110111010101010001010011010010000011110111011110001010000001101100110011010100101001101
010011001011000000011011011101001000000111100000011111010111101111110111010101110000110011111011
110111011011100001111000111011000101101100100100000010100111110111010011101100010110000011011001
111111010101111110001111000001010010100100000100001000100011001010000100111111111011000010110101
100000000100110111101111111110101100010101010011001010110100100100110001110001001110110101001001
000010000011100010001101000010010011101111111001001011101100100110010011000100110001011000010101
101110000001001001011111111011011001001111001110100000011110000100011101101010111111000011110001
000110001100010110000001111100001110010010101000011000000111000100000001111000110100000001000101
100110111101000000100100101010100110100100100101100101010110111000010100010101000011111111011010
100000101110101010010110100011100001001100111101111101000110110111010001011111100010110001111111
011001001111011010101111010011000000100001110010111100101100110001100001011111100001110101101110
011000110001011100101001010011110001011001110110101000101000011010110001111001100101010001001101
111000111011111110010010011101100110110011010000110101100100000100111111011101101010110100101110
111110110011001010001100010100000001110001000000110110000101100010011001000000101001000100111001
001011000011111111101001111000010101110101000110000011010000100110001110110001110110101001010100
000000011101110001010110001001101111010101000101101000100000111001001001101000100101111101111011
111111001001000010100110010000111000010101010001010110101100011100011010110010101000001010110001
000101010001101001001000011101001101101110010010111101101111000000111111000111101100011011011101
011111110100010111010001111001001001101100001010001101011010111000010010110111111011110010000011
111000100000110010001100010101100000001101001101011000100101101110100100011001101011100111000100
011100101000011100010101001001001011101111001100110111100110011100001000001111110011111110010110
010111000010000101000111100111011000101111001001111101101110000000010111101010010111001111111011
110101001111110010100101101100101111011000110010001001100000001100101111100101111110011010111100
110010110001001101101101010100100100010011111000111100001000110010111100111101000101001010111101
110111101001000011011001011100010111100000000111000101001100100000111011101101100011001101000100
101011110111011110111011111100000101101110001001110110000011100011101110101100111101100011011100
110001010000100001000111000110111000001101111101101100110000011110101010111101001001100010000011
110010010110010101111011101000100101000100100100110001010011011101000010001010111100100101101011
100011011111011011100111100101000110111010011001000100100111101110110000111011100111111000101000
110100101100011110010111110001100111001001000001111000100001000000000010011000111111111011100101
001111111111000011100011111111100000111110010101111010001101011011000101101011000011010001101101
101100010101101110011011011001000001100111001001101011011110101011011011101011000110011001101000
000110101011100001011011101010000011101001111001101110011101110010101101100101110011111000101001
111011111101001110001100100001100100010010100001111011000011101010101001100011001111000101001110
100110001110100001011000011000101000100100111111001111010010001111010011001011111100000100101010
101100100010011100001011100111000011110101011100001001011110010001011001011010001000110101010110
001010110011010000101110100110100110000011111110011100011100000101100010111001100001011110101010
110100110000001101010101110010101110001100111001000000101101011011001111001101110010000111000000
101100111110100001000001100011111101011101110100101101110111111011000011010000010110000000110011
110010001111001111001010101101111011101010001010011100101010000001000110100010101001110001010011
110000111101100110111001100100000111010000110111000001110101010101011111001100011100101000110110
100010100110111010110110111010000110110000001001100100010110111110001111100010010110000010010101
011011010000100001100101111000001000011000000111001101000000111110101110000001011101101111101111
100100111110000001101011100101100011010001000110110111111011000011010101010000011110101110001001
000001101000001111110110001011001001101000000110111010000000001001101101001101011111110011101000
100110101110000001111111101001111011100110010001011100111100000011000000010011001110110110010111
010001001001010000101101101001000011110110000110110011110100011001000010101100101101100011110110
111010000101000000100110100100011010100001101001011000100110101000011111111010110111110001100100
000011010001101011000110011110010011011110011101110100100111100110000010001100100101101001110011
111110000010100001010111111111100110010110001000101101000011011111010101010010110010110110100001
110100110100100101011010110011010000111111001000110000000101110001011111110001101011101110011111
001010100010010111001000100100011000011101100011000110100001001010010011111110111111100001111100
100000111101110100011001001101000010100111011100110111101011011111011111110111011101101101011111
010100101111111010011100010000110110101000001011111100100111101110110000101111000010111000111010
100000101000100110110100111011000110110101010101000110011000101110010000000110001111011001011000
101110011100100011010011010011111011100111011111101011001110110001111101011000110100011001110111
111101100101101001100111110100011011001101111100101101001011000000001000010101101110001010001110
010100111110101010111100011100010100110010110000110111111100111010000101000000001010111000100010
000110001100011101011110101101110101101001010010001110111010001010000110111110101110011100000110
010110000101100100011000010100111110011101000010011100011010011111010101000010101010011001011110
000100000001110110110011000000001000100101100111110011000111011001010000010001010000111011101101
011001010111100000100010110110100110100101100111000111100000010101001100110101100100100001010101
101011001000110010101001010000101111001000100101001010011111010000110010001010101101100111100010
000000111101101111010111100101001110000001101001010001100000101110110011000110101011101101000111
101010101110010000101101111110000111101001111011100110101011000110001001010111011010001101111111
010011100110100100100110100100010010000111100011010111110010111101111110110001010111100000111111
111010101101001111111111111001101111011100001000110110100000100001100011001000000011001011110010
110011001110001101100100110110010000110010000111100000110111100111110011010100110010100110111011
001010000110110011011101100010110001110110101110110001000100000001111000011100010111111010011010
111101000110101011111101110001000101111101000001001001010011111011110010010011001001111000010111
001101010100000100010001110000010001111101100100001000111111101110111010101001111011010100100100
111101111101101110001110010010011010000010001110010110111000100110011110010110101011110011111100
101000111111100001101100100011010100000000100001010001100011011101010101001010100011101111100010
000100111010001010000011000111100001101001001110010101101111011101001001011101101000010100110010
110011100101011001110001011110001111001111111110101101101110011101001000001000001011000110000111
101011101010101111110001111001000110111001101111001110111000111111011111011100000111111001000001
110111000001000010011010001101011010011000001101010111101101011101100011011111100111011010100101
111110000010101010000001011101111110110000010000101000111110110101010010010101000111111010100110
110110000110110101001011010000000101001011100111111010011110111010010011000001011011110010001110
011011110011000101011110111100001101000000101101010111100111111111010110011101111100101111101010
111110100111000111111001001000110010111110010100011101001100110000111010110011111001100111001011
110010101000010000000100000111100001001111001001100110001110001000001101101101110110100001000011
110100110110100100000100111011000001010011110111010111100000110110110011001011100011000010010010
110001101101001100110010101011010000101011001111010010001000011101000110101000101101100111111001
110100110100111010001001110001100101101011110000011110100011000100001001000001110011111111011100
000000000111010010000111010101100001010111100010010001010100000011000110001110111100001011011010
110111110010111110010010101111110001111100110101010010000001101101111101101010010011110011011000
010010101100000000101100110110101001111000000110010110011011010110000111011100110011100011010110
001111110001001100110010001110011101001110110111011010111011010011001111010111101111010010111010
101111010101111001100000010001111010110110110010010000110001000011110111000000000001000111011111
000001000100100101101011111000100100011000101001101001110100011001011110110000001111100011011011
010001011110011100011110110000101000100100010011010011101001000010011001001001010000111110100101
001101101011011110101001101010001010110101100001100011110001011001111010110001101101100110100011
100000001000100111101100110001101111010110001101100101110001001001101110110000100001001011011010
100011010100000001000110010110000010010010101000000111110111110011000000110100111010100011110001
001100110101011110001001010010011010010100010101101110000101010011001010001110000110100001101010
110010111110111010110100000101101001000010111100001011111111011000110000010010100000001111110001
000000000001010001110100100010010101101100011010011100011001111001011100000101000101000011010011
000010100101100100001010110000000010101110111011101011100110110001011000000110110100100000111001
111100110100111100110100110010101111101010000011101111110011001110011100010110011011110010100111
010111111000000101101100100010001100010101010000100110010111101010010000101101101001000100010000
001011011000001000000000001101011000111101111010100100001100101101001100110000100011111111110000
011000100011111100111001100000101010101101011010011111000000010100010001000001100111100101110001
111000101111111101010110100101000101100011001111010011110101001111111101100101010100100000010110
101011000110010001011110111100111011010100011001010010011100001100001110101101010001011100000110
111011011000001101111100011000010010000101011001100100000001110101100110000000100101011000010001
100111110101000000110111000110100010101110101010100010011111100000111111010101010011001000010100
100000110110001000111111010111111010000001001000111000100111000111111011101110010110110010111110
010111101101010101000111110001011110000010100001100100010101111000110111011100100001011101000001
011001110101000110010110101101100000001011001001100101101100011111011100011011010001110000110100
111101001011101100111111100011110010111010101011110001000000001000010110101100000111001111110111
010100001110110100001110100101101100011001110011101111110100110110011111110001011010101101101101
001100110001111011110100000000010001000001101010100001001111000000100010011110111101000000010000
111110101100001011101111000010111000110100001000011100110111100100101000101000011110010000011101
100000100010111111101100001001010101100100010010101110000000110001111010111100001010110100001111
010111110101101100011101001011111010101000011100000101010110001010011101111010001110110010111000
010000001111010110110100111101010111110101100001110101110101010110000000011001010011001011110010
000110010000111001010100010111100110001100010101000010010001001110011001101011000010101001000110
010111110010011101100000010110111000100010111010001101011001101101100101111001000000010010100110
101110011101100110000001000110100011100101110110001010011011100000000001110001001101101010001100
000011110010010011111010110100000010001110101101110111000001111001111101001000001010011011000000
001111001100101010101000100110101000100001000001011110010111010010110011001100010011100000111100
111101111000100101011001111110011000110111110001000111001110100000110110100001000001010000000110
111010010011111011110100010110011011001010000011011101110100010111101101111000110100010011111110
101001001111010100001001010010001100100001100111010011110100000000101001100010111011110000011111
111001011110000111010100101100101111101010101000101101010010100111101111101110011110001111101000
101100110010010011100101000100111001101000100100001111101010100100100010000101010101110110101101
110011111000000010000001011011111111101101111010110101010101100010101101010111000001011011001001
010110000101100111100011101111101011011100111100111101010011110000110000111000110111100100000100
001110011111010011010100001011001011010101101001000111001001100100111001001111010000100001110100
110100111001010101101100000000100001010100100000101010111000100000111111001011110001011010011000
110011100101010111101011001111110001101100110011001011111111100100000111000011100001010000100011
001101101010111010111101110001100000000000000000010111111101011011011111000011101001001111010100
000000110110110010000110110101000110011011111010101111000000000100110111010110001010101010100011
111010001111110010011000000000000110110010100110101010011101000001001011111000001011100101101011
101101111111000111111111100101101000010111001010010000101101000000001111010110010000011010110000
101011010011110011000000101101101010010000100101001001110011010001100000110011100110001110110110
000000111010101010010110100101100001010010011011101111010100100001100100111000100101111011100110
000110000010011001100101000001001111111101010001111110010010010000101110100110000110110010111011
101010011000111000100101011100011010111001010111110100111001001011010111010111101111100111001000
100000001101100101011001110010010001000101100000011010001100101100111000100001000101111010101010
010000101100110010010010101101111010010101110100000100100001111101110011100011000111010110110000
001101110011100100001000010101111001000100100010110010011111010101000000101010001001011001011001
011101000111000111011110000101111100001011000100100011000110011100110000101101010010100101100011
000011001111010000011110111001110111011111101111100100011101101111111011100111110011100011011011
010111011100111010000111100101111101110001011010011110111011000110110100111000011001110111001011
010101001011001111001100011101100100000100101110010010010010011100110110100011100010011100000000
010010101010111001101101110001010100110111011011000001010100100000010001100110111101110111101100
111000111001000011000001101100001000110010000110010000101100001010101011101110011001101110011000
110000001100010011110111111100011000111010001111101010100110101111101111001101001110100000011011
111011101101100010100101010100101100100110011100110100010001100110101110011010001111011000010000
100000011011011010101011000000011010000111001001000110111000110101100000111001001010000001001000
100111100100101100011100011000001001100011100110101000010101000000100011110001101101110110101111
010100110011011110010010110100101100100001110010001000110110110111111101111001111110101111111100
000001010100110110101001101110010101100110001010111001000100000101001011001010011111000010011110
010101000111110101100001111010100100100011100100100100001011100100010011110000000011100001100101
110010111101000100000111101100100100110010000001000100011101010100000110001100001010100101000001
011111111000101110011001110001101001010100100010001110111101011100100111000010111100110011010110
010101001001011011001100100110011101100111010010000001001101011100010010010101011000011110011110
110100100111110101100010011111001100111011100101100000110101111011101001001000001111000111011100
101010101111111001011110011000111001011111101010100000000010101101100011101000000101100010111100
101100101000000100010000010101001001010001111001000101000101101101111100000011000001110011000100
100011000000111111111111100101101000011111000000001010100001010011101100011001000100101111011111
011000100111010100011110111110110011010100010010011001010000111100010011011011001001100111101110
110100110100010111011111010000111111001101001010000010100101100101011101010111001010111101000100
100101110000011000000110101010011110110111000000001100000011111111100010100011010110011000101110
110111110011111001110010101111110100110000111001001001101001110101011111110011011010110000001111
001011001001011010110111011011101011001010011000001011011110101011101011000111101010101000000100
111111001000100101001110111011110000010001101001011011111110111000001011001110000000110010110111
110110001100101101000101000000101010110101101010110000000001100100001000011001010110011001111011
000100011101001010101010001011111101101011101010101110001001100111010001100011001001101011111101
001110111001100000001111001110101110101101000011101000100111100110110000010011100011011001011110
110010111100010000000001110011001110010000100101011010010001001001010010100010101001101011000100
100110000011110101101110100000010011100110010010010111000000011011000011001111111111010011111001
001101010010100010110001001110001111011110000110010110000111111000100101000110001100110111001100
110000100001001100110111111000000110010011101111001110101010000101000000011111001001111110010011
101110000101010110011111100110001111011001110000001110101111101010111011111101100111010010001001
111101010100110000010101000001101000011001111110000000011100011100011101001010110001110011001101
010111100011010000111000000010110110110000011101000010100110010110110011100111100011101000101111
101000011000101111101011100011110001010110100001000100100011001010100011001000110100000011000010
101100101011101101100110100001011011100111100100000001001001101000100011111100101011010010010111
101001110010000011110001000001100000001101110100010111101111000011010111001110001001001100001110
001011101110000011001000010101100100100100011011111010110000111100110101000001011011010101001010
010100010111110100011110111001110111110110101010110100001100001101000110110100011110001100100000
100100110000111100100101100001111011011011100100010000001011111100101100100100000101110100100010
001100001101100110000000110000011111111001010111101010100000001111110100110010101000000010000101
000010011010010001111110010100101111010011111000101000001101001011101011101111111001110110101111
001110111011100111101101101100101111011000110001000111101101110000110001100000110000111001110101
010010100100001011000100111101010001100001111001000011010100000101000001001000001000110001101111
101000000001010110100011101100100100001000011101010010111001101000011110101001011011111000100110
110010000010000010011110111110000100101001000111011001011010111000000101010111000001101110100001
001001110000010111111111101111001101100000110111000001110001011011100000001011011011010110111001
110100100000011010100100100011100111010010100010100000111111100110111011010100011101111001101011
011100001000110010101110010010010011000001111111010000000111110111000111000101010110101110000011
111010100111111101101111101001100011011010100010111101111101001011001011001000001111000010101000
110011001101010101100000000100000011101111011101011011101111100110011000000000001001010101110010
100001111110101000010101111000111001110000001000100011100000010111011001111000100111001011001101
010101111011001010110001010011000011001011000001000000010000101101111111111010001101111011111101
101001110000001001100100100000010110111100000100000011010100111011001001000110100101111010101010
011000100011111010110011111001010011100001000110110001010010011011101110111000100011001110000101
110100100010111001101011101110100001100100000010100111001100110000101100001100010100000111100000
100110011111101011010111101110011110101011100110010111010100110011111101011101010111101101110101
101011010111111111000111011111110101110110110010100011111001001111001101010101110000001100101110
011011111111010110011011010101110010110001100001011110011111000001100011100101101000001010100111
010000010100101010100110001000000110001001010001101000010010000101100011010000010000001011000010
101111110011111110010110011111100101001111111100000101110111110000100010111000100100100111001011
110111101001000001001000000011001101000010011010101111111111101001000100111111101011111101011000
111101011010010010011000111000101001011110111100010111001000011010010011111110101110111010010000
110010001101110011111011010001101100110010110010001011101110000010001011100001110000011110011000
010010101111110011100010111110111011111100101011100010000001000011111011001000100111100111001101
101011100100101111110011101010111010100000011011101011010100001101001000010001100001111111100001
001010100001110101111011110100010010010010110100111111001001000000111010111000100001101011011101
110110100000000011011110011011011001100111101011000001100010001101110101110001110011001110111111
110100101010111110100100101110001001011111110000001100111010011010000111110110111100111110100000
100100010000010011010110100101111000010111001000011111000100101000110000011001110100111000011000
110011011110001001110001101011001001011011110111011000111011011101100001010000000100110101011110
001000111010010111001010100111010111001010100011001001110000101001011011011101000111000011111110
010111100001010001000100011001010101010001100010100111000110001011011000101110011011101100101110
110011010111001111111100111011001000011001100011010001100110000000101100101010001010010110010100
101010100100110110001011011010000010011000000000100001010011101100111100000001000110010110110111
110110011100010111010001001000000101011111101000100000110101011000101101101010011100101010000110
110111001110011000110000011001101011101110000101010101100010110110010110101110110000101110011001
111010011010100100000001100000011111001101010101101011110001001100111101100000100101000101110101
101110100101101110011011000101111110000001010100011000101010111100000000111101110010110001001011
010011011001000010011000010010110101011000001111001111001111111111001110010000011010011110110011
110111000111001011101000011010010010010100000000101110101100000010000000001101110100111010000111
110011001011100110010110111011000011000010111100100000011100001011100101111001001111001001001011
010011011001010010101000100011101110001111100001100111100010110101010001001101101110101100101000
010110011000011100101111100000010010110000101100100000000000011000010001110000000111101001111111
111000000010110010100111011101111000110111111010001110000111100110100111101000110010001001110101
100010100100110111000010110100100100101111110111110011001111001011001100001110000100010100111101
001110101001110001101101100000011010111101111000000100111000001000100010010011101010111001100011
101000001110110101001110001000110010100011000000010000001011110011101011111111011100000110010011
101110111110001000000101110111000010011110110101101001000000111100111110001110011111100111110111
001100110000100000101000100011111111000001011101010010110000010100101011100110011011000000010110
110101011101111011010011000110111010010110111100101101001110011110111111110110001101110000001100
011100111011010001101110001111111011100101011000000011111011101001010010100000111100101001110111
111001010001101100000000010100011101011010110011100011011001001100011110000111101001111101110011
110100100000010010001100110010010010011000010000110001100101011011100101011101001111011101001101
000100111111101001000101000100100010001010100010100001000101110100011110110010010010110000010001
010001101001001111101100111000100110010111010100101101101001100100110001011100111010010111000000
010101010010100100010011100011101111000010100001100010000011101001010111000110000101001001111000
010001010011010001110111101110110001011100111000110010010000001110111110110100011111011110001101
011110001011010010011010100010011010101101111000110001010010101001110001011001000111111101100100
101001000110001000110110001110100110110110011110100011100101011101111101111000100010010110000000
100011000111011000000001111000111000001100100100011100101100001011111000000001001110101100101010
110001001011101101110001111101101101010001011111000111001100011110101110010010001111010101101100
011011101111010000010111110000111011101101000001110101010000110011111011111001110101111010101101
111101101101010010110101000111100110101110100101110010100001110100001110111001110101111000100111
110111100101001111001100001001000100110111101010100111100101100101000001001011111111010100001001
010000000111110001000110100001001100110100101010100110111100111010111101110010100101000001011100
010110110100011110110000000100000010000111101110010000101000100111000011101110010110011000110000
000010010110000110011110100110010100001010111110111000001000100111100100101010100100111010011110
110001111011111000110101011111011110010010010111001000100110101111101100000001011111110000100000
001101010111110110000100100001000001000000011001010010101101010010010110010011000101011011001110
101100110100111110011011111000100111001101011100010011110100110010101011000011101100100010000101
111000001001000110101011111101000100101100000011111010001101100111011111111001011111011100011010
111001001011011111011000010110000010011111010011010010101111100101100111110111101000000101011101
011010000010010011001010101100011101111011001100001100111111001001101001111111001110100010011011
010100001001000100010001001111001110001111101101011010110011000101001110110000111101111100001001
101111001011110000110100101111010110000110010101100000111011010011000111111010101110010111011100
100101000000100101011100000111000010100000001000000110001111110110001010000100001010100110111000
101110010001011111000100010000101000111001000001111001100010001100111100111011110000110101010001
100010011001111100001110100101101001001011001101001111100101101101011110001001111001101011101010
001101110100011001110000001000100110111010111001100100000011010011000000001100111000010110110001
000100111101101000010110101110100101001000011010000000001011001110100000101101110101100111111100
001110000111010110011001011110100000011110000001000011010100110100100011010001001000101100001000
001010100101101001101111000111110111110000001010100100101001110001001111101111010100101110100110
100101011011000000101000111111001101001011100111011000011110001000110010100100101110110011111011
011110110110101000011110011101101101101101100000011101110110111010011111111000100011011100001111
010111010110010010011101001100100010101101000001001111100000011110011101111001100010011010011011
010110011000001001101100101011011011100110001101111011101001101000110100111101011111000001011010
101010011101101101001011110000110000110100010100100001001000100100010011101100101111111101011001
010110001111010101001110010000010101111000010010111011110101110000001100001011100111000011101101
001110011010101000011101010010010100101110100000111101111110010001100011101010011000011011000110
101010111111110001101001001110101010000100000001111011101111111101111001011011110101110011100101
011110100110111000011011111001101110000001111111001000101100011010110100110100010101010000011001
101000111011000111000001100010011111111101011110100010001011000111010011011010010101000010111111
011111000010000010101111000100111110010101111001001101011000111000001110110011011011110110000010
100111010001111110101010000111101000101010011001001001010000001011010010011100001010000000110001
101101110100110111110011001001101100101111110010001011110010100000101001100101110111001001100100
011100111010100101011100010100010010110111010111100011101101101000101001110010100011110001110010
001100011111001011101101100100011000010101000100100101110000111111011101000110100111000001101101
101011110101001111011001101100001011011011000000101001110101010100010000010100100111000001010001
111000000100111010110011111000101011010101110010100111001111110111001100010111010101010110011110
111001111111111011010010011100010000001010111001111001000111100110011000101101001011001100011001
001000101010110000111000010001110101001111001101010100011100110110111011101001100100000011010001
100010101001001100101010011001111111110011110011010100001111100100010011111100101110111000000100
110110010000000100011000101100011001000000101010011100111010100110110100010111101111101000111000
101101100011000111001011001100001100110010100111010000000000100000001000110010111100110001101111
001111010000101011011110110101110110101010000001011100010011101011101011000101011011111011110001
111011110111010111110111110100000101011110101011101111001010011110000110011000111011001111011101
101110011001010000000110111011000111100000110010101101011100010011110101001001100011101110011001
010101111001101111110000110100111100101001111111100000110111110110011011010101001110101100000010
101110111111111001101001110011011011100111000000010000001001111110111111111000110110000001001000
110000110101101000100001110101111011010000010101000000101101000101111000111001110100101000111111
001011100100010101101111101100111010001101010011100010100100001010010100111011111110010100101001
101101111100000010111111010010001000110110011100110100000000001010000001100000000011100111111110
110100111110110110110010011010101010010000010110100100100111110001000001110010100101011110111011
010110001111100111110110100000001111110001110000110010111101110100111100000000110010111111101100
000001000101110000111101111001000101110101011010110101101010001101100101111001000010010100001110
010101001000010101000100101110010101111100111110111111000001010001010101111101101011011011011011
111101110000000111001110010110111001010010010011010100110100110010001010110010100100101111111010
011111110100000001101111010001101011011011000001000110101001110111000110010011000100011001001111
010110111000110010000110011001111101001101010101111011001000000100101001101100111100100100111010
110010010110101000010110100101101111101101001011101110000100001111110010101010011100001011000111
001000010100000010100011100100011011001000010100011100001000000011000110110011001011011011111000
010000011111101000111110011101100101101110110011011001110101010011111000111110001111001000111110
011000011000000101100101011010111110110011100010001110010110000011101110000100110111000010010000
011010111011001011001001110110001100110010100001101001101000010000111000010000111011101011110110
111010110010111100010010001110000011000100000101101010101101110110010101000111110001000110110111
010101100000101110000011011110110000110011010011000100100010101111101100111100100000110100111001
111100010100101001110100001111001110011111001100010011100011100010100111001000101111100101111010
001111101001110011000111111110100010110101110010010011010111111000001110101101110011001101011010
101100000000000111101001101111110001010110100100100100001101111011110011011110001111110110010000
010111000001000000101010101001111100000011011111110101111001000010100010100010111010101011000011
011010010000110011001101001111100001000101001011011000011011011111000000011110111001110010110001
100000011000100010110011110000110100111101100000111001000110011111010110110110111011110100011011
100101100101010010111000000111001001010000000111001111000110100000111111111110010110110111100001
010001010001000101011001111110101100110010100110110100100100011110001110111010010110010100011001
101010101010111010011100111110000101010100100000000110100111110000100110001100001010011100110101
001011011010101011010110000101010011010011111111100011101001000100100100011100110111100101011001
000110110110011011100111011101110011011110111010000111110010000100000010110001010100001101011100
101010010010000000001101011111110000111001001100110011110110111000111100111101000110111100010111
001010001111011100001101111001110010110111000100001010010000001001101011000011001000100010111001
010101111101001001101010111101000001001101010001111011000010111111000111001001001001101100010100
010001110111110101010110100101101001101010101011110011111100010010001001010111001000001000101100
111000110011101110000111101010110010010010101100000101001100100000111011011101011010001101001010
011010101111100110111001000101101010110101011000011011101000000110010011100100101010011001010001
000111000100000110000111001101101111001010101000100010101011110000100111111100111001001000100010
011001110010000001001100111000000010110000001100100010001101000101101110111111011011100000100110
101100101001110011011010001000111001010001011101000100111001001100011111010100110001010001001100
010010011000111000010011111101010111010110001100010101110101111000011100100000101001011011110010
111100110100011010111011001101110111010100110100111110010000111100111111101111000101100100100001
000001011010101101000011011100010111110100111010011111011000100001010011011111110000001101000111
010111010111100001101011110010000010101010101110111110101101010010000110010111110011011110101011
111010111100100101101110101100100001110111011001110001111111111001001111110011011110001111111000
000110011111000011100010001000111001001001111101001100110110001111110001011000000110000010111011
110100101011001001100100100100011100101110100000110011100011010001011011110101110000111011000101
110101011101000111000100011100001011010000001101010100110100001001101100110100110100000001101011
111111010000001101010111111000101011111110001111001000010011001001110010111001001100001100111001
011011000000001111101101011101100100100010010101111011110110010111100011110101000011000010101111
100000011001000000101011011011101110100000001001010100101100100000101111010110010011111000110001
011110100011100011010100010010101010100000101000111001101000111101111100100001011100011000101010
000111001111001010111111001100111101111100000100011011011111001111000100110110000100010010110011
101000111001111100011100110110100110010011000001011110100011010110010000111100101100000111000010
101000001101011000101010001011111110100001101110111111110010010001111000100001101001000011111111
010101100011010110100101011011110000101000101010000100111000010011000100001111111101110111001001
110100010001110000110000101110100100111111101000111011110001010000101010010000100100000101110010
011011000111111001000011110101111101011000101001100100101000100010000011000100011101101011010101
101111011010100011000100111010011000010110000000010110111100000000000000100101111111111110101111
111101100011010000101101110001111110100110000010100000100110110010101010001100010110101111111001
101110100110011001011000000110101110011101001000100110000001100101111100000000010010010110011110
110110000001100000110001110111011000011110011001101001111010000001111100011110010010001101000110
010001001100010110011110111100100010101101010111101001000100001000010111000001011010011011000101
110111101000000001011001001001111100101111000101001001011011010100111001000010010010010100100011
001101001000100010110110110101100110110010001110111001001101000101000011000000010010111000001110
011101001011100101101000101101000011010010101110010001100110011010010111111101000110001001110000
001110101010111110010000100011001000101010001111001101111000011010100111001001011001100100111011
100110111001010101111101000001010100011101011110100000001001100100111111100110111000110110101000
001011001101100101110010011100110001001101100101101011010000110010001000010011100110110111100101
111111101111100000101000001011010001001000110111101011101010011101101010000011110001100011011011
010010010101111101111001101011111100111000011011011000111100110101011111000101011101000110101111
000100100101101111100011001010101011101101001110110101000110011010111100011001001011111001001111
101000101011100011101110100110110111001011110111111111101001010111100001111011110110101110010100
001110101010100101010000110011011101000101101100011100000101111001100101000101001000111101001111
000111101110110011010101001111110111001001111000101100101101000101111101101101110011101001111101
101110011010101111100001011001100101000110110011101011010101100000001011000111100010001001100100
000000111101101000001000011110011001100011100110000000011111010001000111000011100001100110010111
111110011100101011011000010000001101100010100010110000100011100111000010010100111010000111111111
010101111111011110011011111100011111011110101111000111111000111000010100000011101010101111001011
100000100000000111011001001011000011011000100101111100100000101010101100101100011000111011001000
101110100111001110101100111100001111101101000111111110011110110110011001111101111000010010011010
010101101010011001000100011111100000011111001110101110110100000001011101111111100111111101010101
100000101001101101011010111010101011000000110011110100101101101011101111010101111110011001000011
010001010001000010100010010101001100001011111110011010010111110110110010111111111110011100001111
011111110100101001010011111100101100011011000011110110101111011100011100101011111111001010111101
001000010101111100010010010010110000100011101010011011010100000011001100011101001111111101010011
100101011000001111100001100101001001000010100011101010010110111101111110100001111000101100100010
000100100110111011101001000000000110110000101000000010001011101110010111111110001010000101000101
101111001001111100111111101101111111001000101000100000001011000101110101000101011001101010101100
111101101001011110011001111000011011111011011100000111000000101010000010111101000000000101100101
100001000111000001010000100010010111110000111011111010011001111111110101000101010110011000001100
111111001110001010111010001111001000100100001011011110111000000001011100100010000100000101111110
111100001111000110010011111000101011001101101001011101000011100110001100101110011100110101011011
001001000111010000100101011010011100101000001111001100110101110001101100001001110111011010000010
100001011101101001111000100000000010011110001100000010010100111110000001000100100010110001011011
010111110100111101001110001111111110001101110001010001110100111011010110111010110000010010100000
010000001111011111100111001110110110001010000001100111110111111001100000101000100100001001010111
110011001001110010110111100001011011001101001001011110101110101011010110010111101111110000100101
101100100111101100101001010101010111111111010110001110001001011101000110001101111110111001111001
001011110111011100101101010110100011010100000101000100101011110101111111000111101001001000101001
000001010000001110110001110111101000101111000000101000011110110110101101101010111101000011101110
100101001011110001010111011111101010001110001011010000001101010110110000010010000111001110100010
100101011010111011001000000001011010111010011010010100111100100001001100000111111110101000010010
011111000101010101101111101000100101101111100010010011100111111100101110100101001100110101101110
100001011001010010001010110000010000010000000001101100110000100011110111001001000110000001011100
110001010000010001010011000001101001100000100000100110010101111000100101100011101101111010011010
101001111111000010110100101101010011100010000111110010011100011110111001010000001100111101100100
110101011011001110111100101010000000110010001100100011110010010100101111000010100110010101011000
010111111010100000001110011001000010011000111011001100011000011010010100111111110011000001110011
011000110010100100100001010111001011011010001011000110011100010101100101000101100010110010110111
111111000111111011100011001011111110000111011100011001111101110000011010101101001010010011001101
101000000100101010000100010101011011111110010010000100010111001111010011001001001001100010100001
010001000110110001011010011010011100101111010110100010110100011111111010011100100101110111111011
001111110101001101110110010001110000110100000000111110011100000100011101011001011111001101100100
100111011010011100000110101111011110011010001110000110001000101101101011000101011010101010101100
101101100010011011011011001000110111011010111001000111111001000111010100001100110100000010010100
010011110100001110101101110011100000000011010110001100010101110101110011001000000001000110001101
001101011100011101100010110100101100000010001101000011100100011110010000010110011010001000111100
011010011100101001011000001111101001011011010010001110101001001101001000000010100111110011111011
111101010011011110110101000001100101100100001011111111110100010101010001001001010011110100011011
010011100100011101010100011001001110101101000101101101011001001010000110101011011010001011011011
110111001100011110011010001010001101000011111011010100100100100000011010011101110001100100111000
001010001110011110101111001000110000011100010101110010101111100110101011100100011100011001110011
000010100000100101111101011111101010000001110101101011100111011100110101110001010101101100100000
110011010111111110111011011100100001011110111011000101110000100101010000111010101000100111011010
110011001011111011011010101011110010011101110000011100110100101111010010000100100010111011000110
100101001110100000010010101011000111010001110110010100000001000010111001101010011010111110101010
110000110110011010101110110100111000110101001100100110010110111110111100011101101111101101110100
