000000011111001010000000101100010100110011110111011001110010110010000000101010110001001100110001
010000110110001000111101011101010011011011011101100101000001100111011101111101110000100011100111
110001011100101111110011001100100001010000001101011100010101011001000100010110101011111011111100
011011101111001110101110101101101100001011010010011111100011110100011101111110010101111001100010
011111101001000001000011011101111110101100101111111010010001001111101110010000101101010001110001
010010011101010000101101111011011000110010011101100001110100100010100110111011100011100001111001
000100000110101101100000100100001000101111111100000100010000010101001000111100001000010011001100
001110001100011101000110011001000110101000100011001111100010111111100101100111011010101000110100
111001100111100000100110001011001110001001100100011000000011001010110001000011001011010011000000
001001101111000011101000100101100011011101000011011101001110100000010001110001010001111101010010
000100011101001110011000111101110100111011111011011010010101110101111110101101101110101100000011
011101101101101100011110010110001000111011101001111101010000010101010111100011101110010100100100
011111000101100000000010100100011001100011101110100110011111110010101110100111100101110000011000
110000110001100111000110110000110001111111100100011010001010100001111000010111011110010110100100
110000100111001001101000000101101010110111011011101100000000010100100001000101110101100111001101
000010100110101010110111101010100110111010100110011110110001011101010010000001101111101110100101
101100000111100101010001110101101100010010000110110110100001101110101010000011001000011100001111
001100101010001111111010100001011000110010100000000001000010111101011011110100001001101000011001
000000010101010110010010010000011110000011111110010000111001001000010011110001001000100111011000
011100011100000111011011110111101001011101000001001101111110111010010101100111000000100110001100
000100101010110100111110100001001110111011110010010010001010010000011010000100111101100101101111
001100000010011100010100001010000010100010001011101111101100010100111000011100111110011100111110
011011101101000000111111111110110111101101110010010110001011100011100000011100000000001101001011
100010110010011110110100001100100101111111110000101001100000111100100100000111110011100101011110
001101100110011001101101100011111111011011010101110110111111111010001011111100000010011011110011
110101110111100101001011100101100110000001101001111011100011011111110111011111111110001110110000
100010000001010011111101011111101000000001100100111011000110100110011100001010111101011011111000
001100001101100001100011111101101000110110101101110111100101110001101000000111101011010100101010
111111101111111110000011101101110100101000111001111000000100110011111111111001100001100001001001
111110011001110001001101110001110110001111001000110111111010000101000100010100001010101100001111
101011010000001110000101111000100111011011000111011011110000111011110101101000100100000011000110
110000010111000101111111011001101100111011000000111100001111100110000101111101100010001001101100
101010100101000001111111001110100111100000000000101000101010111111110101001001101100010010101100
100110110111000110011001100111101101111110110111110001000010111101110010101010011000110111111001
110000101100100010001110000010001100111010010010110110110011011111001000100100111001000111011110
110001100101101101010011101001001010110110010001001011000011001000100110101001001110101111111010
011111010101011110001001001011001100100111000101111100011101010111100111000101011111101110110111
101010100110100111100111101000100001110110110001100111010101001101111101101000101000100011011111
001101100011110001110100110111001001111001100111001011001010101001011010011010001110010001100010
100111100111110000100110101000011010101000001011100001011001111001100111000001001111111110101100
111111110010110110001010010111000110101001001101101100110101001011100100011001000100010101110110
001010011001010011000111111111111001111100100100101000101011001011000001100101111111011010010101
101010101100001001000010110101011001101111000010001110101100100111010011010110101110100110010000
001100001001101111010001010000011010111001101110101010101111110100000100101010001000000111101001
110110010101111010110111000010101110011001100011010010000111101001010111001001001110101001101001
100101110110100110110001010100100001010011010001000001101100000101011011001111011011101111100111
010101101111101000001010100010101010111101111101110000010011101110010000110001000101100100001111
110101110100100100011001011010011011011000100110001100010100000111001111111101111011010110011101
010110101010001100001101100101011101011010011011100011101001110001111111000111000110100010100100
110101011101100000000010101100010110101010101100011001110110011011101101001111011111101100110110
000100101101111000011100100110010111100101001001001001111101010011001010000000111110110001000010
101110111000000011010010010100100100000011000111001011100011100010011100011110100100110011010111
010110101000001000111100000100000011110001010011110101100111010111001000110101001111011010010110
010110000011100000001010110001010100110001111110101011010110111000110100110100011011100010100100
110110101010100100111010011110111100101110101101111011000001010011001001111010110011001101110010
111100111111010100000100110000110000110110000011100110010111100011110000110100001101010010110110
010100111001111000010001110110001110011000011111101111101101000001110101011100001011010110000010
100010111010100000000110111001000000110010011001100011011000010011000000010001111011111010100101
011011001001110011101000010000001001000101000001110001101000100101101111101100101010111100101111
100101110111100011001000001110100111111100101010100000000000111000001101100001100110111100110001
000010011000111001111000100011111100110110111100101100001010011111001010111001101100100100001100
001000011000111011010011110101101010111111101010000100000101001110100101110011010110000001101010
000011110010001010101100101110101100011000001011100100010000101111111011010001111001010110101011
011010000001000111101001101011110001110001101000001000000101100110101110010100011110011100001000
110011000111110111111111011110000101001001000111010111100101000011010000010101111010000110101101
000010011110110111111010111011101100111001101001001010100101011101110110111111110000101110100111
010110100111011011101010000100101111100110010100101101100001110000110000001000100000000001000100
010011011101110010111011101100110111110000100001000000011001011001110000001100001001000000000100
011001111000100110001110011010100111100100011000011001010111110111000000011001011100100111111100
111101000110001011000010000000100011010101010101001010011100010100101100110111110010000101000111
111010101111110110001101110001011000100110110010000001001011000000001110011011010011111110111101
101111111000100101101110010101000010001010101001000011011101111000101101001111001000001001001110
001101000011001001110110100011000110111000010100111001001111111111000011111010011011110001001011
111100100010110000111111010000011010010101101001111001010110000010010010001111000010010011101101
011000011010111101010100001010001011110000000111100110110001011011001000001100000010100101101111
010010110010110101101010110100010000100110101001001111100111010100001011001010111011100011010100
000101001000110100001001110111101010100110010111111011010111011101000010010000110000110100100011
110110010011011011010100000100111010101111010100000100010000100100011101011111001110100111101011
011101010010110100010010010111000001011001001101111110101101111100111100110001011010101110001100
000110011010011010011110111010001111101101000100000111111010011101010110011100010010111001011100
101000100111110101001011101010111010110011111011000010010111100101101011000100011111111100110011
111111000111000011101110110110000000101011110111011011001110010111101100101110110111010101100110
011001101110000011010100110100010001111110011101110000011010110011000100010111100010010000110101
000101101001000011000011100110010010111110010100000110100011001100111010110101000110010101111110
010000100100000111001000000010010011010110110000100111100101011000010001011101001100000100001111
000110011110100100101100001110111011101010100110100100101110101101100001000000101110100101110000
100110101110111010010100100001010011100010001010110011100111010101010101000101011011000111110011
011101111100000011000001010000011111110111000100011011010101111000100011001001111011100001111111
000100001100111001010100001110010000110100110001111101101001000011000100101011000001111010100111
100011010001100011001011111011001110000000010100011001111000000101011111101100100110100111100110
111001100110100101001010001101100111001011001010011101000010100001111111010011010010101010011010
111111101001001000011000100000010010111000100011000111100110001111011101000000110000111000100001
000110010001100011000101110100101101011110101111010010100011001001001000100111110101001010100010
011000101101111010110010001001001010100000010011100000001011101100010001011101001100010100100101
000001100101010110001001100100100101101110100111001000010001010101011000010011010111111010001000
001000010000001011011101000111101011100111000010110100001011011111010100000110011101011100010001
010001111110010111010010111001100010011110010101100001111000111101000011010000001101110001110001
111001010000000100011100011101010101100011100101000100101010010100100110101011101000000010100110
110111100111100110111000100000101101000101011110010001101101010100110011110011110010011110101100
101110001010001011011101001010101101011010100100110001100101011111110111101100111100010101000101
111101100001001011111110111111111110000010110100100000111110010101111001001100111000110000101011
000001111101001111001010110000010110101000111000100101101001101010000110011111010100011011101011
110111011001101100101101110100110000101010111010001111010011101001110100100010110101010110101000
000010001011000101011100010010001111010000010110101101000011000110101011011011111000100110111111
011111110001001010001011001100111010111011110001101010000110010100000010001001101010000111111101
101111010101001011110110010100000000001110011101000011010000000111101000011110100001000010011011
100110001110101100010101000011000101100011110100100111011011100010100000011100111010111110100001
010100111111110101001101000111011111010101010100001011011001101100010010100010111110010001011000
110111111110011010110010110101010101000110100011111101101010011000110101101000001110011110100000
000011110011001000101000100011010000001001101010010111110111000001011110111001111101011111001111
100110111101100010001100011110010110011100000101101001011111101000001101101011000110011011110100
101001000001101010101010100111110111011010010011100000001101010110000101001001110000010100100111
111100111011110001111011011001100110010101111011010100011100110101100101001001000000000100000100
000101110010101101010101011001000010010100110101100011100001101110010111000101100100010000101111
010001110001100111101001101101110011111101000001101011010110010110111101100110010000111100101010
100000001001010010100001011110000110100111011100000111111100010011111111110011100100111011101010
110100100101011100000110110001100011010011111110010110011001101000100101111010001100100010110011
110100100001010000000010001110100000110111000110101101000000000011010010000100010000101000001001
001111000110111010101110001000010100101010100100011110010100011101011011000101110101001111110110
111010101011000000110000001111010110001110101110100111110110011100001101010011011001000011001110
100101110101110101101110011010110111001001000101100110000011100011011001011101001011001100011001
000011011010000011011100110001011101010001111010001000100000000000111011111110011101011010101100
011101000100110111110010001110011001001100110110111110100111111011100000100011101101000010110111
111001111100011101001000101110011100110010010010111100011001110110100000000000110001000100101101
101111110110010101101010000001111010100100011100001000101001110001110010100100111101100010101101
100101111101101111001010100011011011010101010001001001110010010010111110101110000010111001100010
011101000011100010001001010110011000110110010110101110111110001001100011000011100010101000111011
010010110101110011011011010111110100010110000010111101100010110001011100111010101000111101010010
111111000101001011100001101001011100010011110000011000011100101011011111000111010011110110001000
001101101111010101100110110101001101001010101010110111111100010010110000000000010100010000110101
111011010001011110010110010001101001001001100110101001001001001110001101110010000110100100010011
000111010111000011110000010100001100111101110111111111100001000010000101010001100110110100001100
111100111011010000100011010110011011010100101011011001100101110001011000101101101000001000110111
100010100111100111001000011001101111001000011100001100000100001110100101010000110001111110010100
010101100000111011001110110000100110011010110000011001011110000010100100000010011101111110010000
110101000111000011110011000000100010010110011100000101110101110100010111000111101101110001111001
010001001100010100000100000000101010010100011100100010011000101110001000010001101111000010100000
011101110000000101011100010000111100100010000000010100100101011100000100000011001111010011000110
110000101000001100011111001111000010010110101111111010011100011100101101111001111011011101010100
101000011010011001011100111111001011010101010001111110000010010000111101110000010000011011001000
000011011111100110111001011101110011100010001110110010100000100110001110011010100111010101110010
001001100100111100011100111001100010001000100111000100000000001110000111010110100101100011001111
101100110101110001000000111010101100100110110110011111000100100000100010101110110110111011110000
111111101111001111101100100010101010101011010011100110110111011001011010010000001001011110111111
110001010100011001110010111100000000100001010011000001110011010010111000111111001011011000110101
101110010011010101111010001010111000010101000110111001010100110000101010101010101100010101001000
010101110011001001111010101111010001101000110010110011101000011100100100110011110010111100100011
010110100000010010010010010101011001011110111011101001010101011110101110100110100110110111010001
101001010011111101111111100101100001011010011111100000010101011111110101110000001001011101110001
000001101000100001101001011110110000000010010001011011111110010101110001000110111111011101011101
000001011000111100001110100111110111100101101100101000100000110001111001011110110011110111001100
010011111010010111111010011011111101001100000110001001001100111001011000011110000100000100001101
011110001001110001001000000001110111000001001110000011100010001011110011000100110101100100000010
100111111100111010011001011101011101011001010011111100101101100100001101011110100011001101010100
110111011000001101101101010111011100111110110101000100110111110000101000101011111010101100011110
000000001111100100001000011001101110011110100000010001000111110011101010101000010011011001101100
011101111110001010001000001101001100010011101001111011110111110001100101111111110000000011011010
100110100100110100010110001110110100010111110101010001111001000101011101111000001011100110101100
101100001111111010110000110010000010100011100100001110110011100001001010100000010000001000011100
011111111011010110100101011000011000110000110101100010010110001100110011110000110010101100100001
011100111111110011010011100000000010010100101100110100100111111000000010011010111000010100101100
110110000100010110010101000000100000100101101001010101110011100011011001111101101000011111000101
010111100010011111100111110000010000000010110101011000001101011101000111000001001001100101111101
011000111110000110101000011111110000011111101010111000011101000011101101110000011101000011110111
011011111001101101011011101101011001011011000101001010000011011000000100100010011011000101101100
101101111011100101111010101110110110010010111110100111001110111100101111111101010011100010011001
110110011000100011001101001111000111011011100011110001011100001110010011110011110101100000101011
001110001000101101111000100011101001100000110110111010011010001110011010111101000011000101011011
011111100101100001111000011011110100001100100110011101110010000011111111011110101111011111111010
100100001100001011010001000000110011001010000001000000001001010011011101000101011001010001011001
110011111110001110001100100000101011000111111101001111010100110101011100100110110000110100011111
000111111001110011110111110111100111010110000100111100101001110101011010111000000010001100001001
010000101111001110101001101101110001011011111011001111001011001010101001100011011010011101111001
100000110111000110101110011001000101100000100101000001101100110100100000010101001011011011000101
000000001101000110101010011111001000001101110110110011010110111100000000100011101010110101011100
101010000100111010110101111111011001100100000100010100100000111110000000111110000000001100011110
101000110000000011111011001110000010111011111111111000111101111010011110000111111111010001000101
111000101000110010000100010110011100110010110000100000101010010100111100111110011011011011101001
001110110010110001100101001111101101010010001101010010110111000101001111010101011100000100101101
000110100110111001001110110110100111000111101111001001111010111000110000101011100110001110100110
001111100000100110100100000100010101100111110110001101001111111100110100110011010101111001100000
111001000111111111010000111010110011001000100001111011101000010100011110101100110000111100010101
100000000000000010010010011010100110100010010010101101111000100010010111010100101111110101111111
000110001000101000011111101000011100100000111001000010111000101001001110111110100010110101001110
001000101111010011010011000011101101111111101110111001001000110001110101001000011101010000111110
010111010101110011111110110010010011110111010111100101000010111010101110110100110000101011010111
011111000110110011110010100000110110110110110101111100111100001101101111010011111110000100001011
110110000110101100001000110001110110000100110001111001100100111110001101110010011000011000111101
100001000000000000011010000010001010011100110101111111001011011111101010101001001101101001100110
011010111111001010111110011010101110000100110010101011010100110101101010100100001011111000001011
111101011110001100110100100101110111001001100001100011001010011100010100111101111101010001110001
100110000000110010101010011000111010011000110001110010010011101100111000001010100101111010100111
111111000011110000101100010110010010011110000011101100100001110011101110101101100110001101111111
110101000100001010000111010100101011111010111100110000001110011100001001100010001101000110100001
110010001001010010111011101101111111101001100110101111011111111101110001100111110101000100111011
011010000010111001011000111100100111111100100000101110100000110110110100000111101101101010111111
011010010100101101000000100011110100010101001001111010110010001111001111001001010000111010111011
100101011110000011011110000001000011110001101001110011111011110110100010000111011101011110101111
001001010001001110011101010100010101100011010010001001000000011001000001110010000101011101100110
000010100101101010010001001000001101101011000001011111101000111100010110011101001000100100111011
000100010001111110011001111001111010011100111110010101100110101011111000010000000011100100000111
011111100011001101001101001000010010101111000110001010011000010100101000100100010101100000010100
110101000010110000110101101000100010101000010111101100001011101000011011000101111011110111101011
000110010001001111001001001010101001010111111011111110110100000110110010000010100001101011110110
111101110001000110011111010000011110001100100101010110010010011000110010100000111000111001100011
001010111100111110000010010000111000000010111010010001010110001100011000100100000011101110000010
001110010110111001100010100111010011000011110100100111000011010110001101100011010010000011100101
001111111000111001111100001010100101111011111000010101101010111011101101000010110101011011000000
111110100100001000100001001100100001110010110101111000100001000001100000000010000000010010111101
010000001001010111000001000101010111101110111000000111101101111010110101101000010111000111110100
000010000011110001001011000001001011101101001111000110101011101111110110111110110011010111010101
101100001110000000000110111110011110101101110100110001010101110111110000111100010001010100100101
111011111001011000101101010000010010110010101010010100000011100111000001101101111010010010010101
101101101011010000101101101001000011001100001101011011011010001010011001101001110000101101011010
101001111011001001101011110001100100111100111000100110110110110010001001100110110101100000011011
101100111110000111111111011001110110000000110010111011001000001010001011101100101101001000000110
001010111111101011011000101111110110011000010001001100111100010110000000000001010101101110001111
111111111001010000101101110011011101011111100111111010110100010100011101010001010011110010001111
110101101010111011000011010001010101100001011001100000001010000001000101001110100111001011100111
101010011000010001001010000100011010010111100110000011110110001010101101000101000110011111101011
100111101011111001110010000101101101001010111110000000100011001111001000001100010100010101010100
000111010000100010111110001000110000010001000100000100110001100000000101010110010001001000111000
111110001101011000000111001110011011111000111110111111110111000001010111001101011011011000101010
100100111101001101101110100001010010000011100010101101001000111011001100001001001101000111010010
110100100111011101110000011001110000111011110101011011010011001111011001011100010111000000110001
010011100011001110111000010010101110001011000001000100111010010001110001100000001000101110001010
011000011100010111111010010100100100111011111000001011000101100010011011011011000101110010100110
101000001011011010101101001110000101100011000101100010110111100101001000010010000111001010001001
010000111011001100111001100010010111101011110001010010111110110110101110100011100000101111100011
011010010110101001000111001000011000111000111000000110010000110111010111010111001100100101111110
101011101111011101100110000110010101000111110001111000101000111000011010001010001010110010011110
000110100011100100110000110010110111000010010000011100011001011011111100110011000000000101100011
000000100101000101100010010011100111001111111100110100111000100010010110110111101000011000101010
011110101101000100100101000011101000101010101100001000000011101000110000110110100011001101101001
010001000001011001111110000000101101001101011111000111101001011001101000011100111100001010100111
111001001110101000111010010001101000010100010101010011000101111111110111111011000100100111010100
011100101000000010110000110101101100010000101011110010110111100001110100111010010010111100110011
110101001011101011010001001010100000100101010001101010110000011111101110001100001001110000110111
111010111101000110011000001001100111101111100101011000110101000001000101001010001010001000101101
011100001001110011001001011001110010001000101111101111010000100110111110111111011001110111000000
011010011001010111010001110111110001110011100101111111110011000100111111110011100100000011100110
000101010011101101010000011111100001101111011000110100010111011101001010101011111101110110010101
111011111100010110000111011101101010010100011011011000010000011110101011001111110000011111110111
011100101111010100100010100011010001001001111101100111011011000111111000001001001100001111011010
100100011000011110000110010000010110111101010011000111100101111101100100111001100101100101000101
101110101100001101010001011010011001011010110001110110110000000010111000111110101100100001100000
110100011100001001101100001000001100111111000010100110011000110001111100010110010000011011001110
011110110010110011110001011001111010000110001100010011100111100011111000111000000100010010101001
001110010000000100101011001110011110001111010111011011011001101010110000000111001111111101001100
000001000011010101100010000001000110110101100000001001001001000010000010010001010010010100010001
111101101010101011001100110000000100101110100010001001110110111010101001011111100100111011001001
111000100001010000011001100100110011001001111111001001010010111010011000011111101001010110101010
101001111010000110001011100001011000011111010110000101111010101110011101110010010000000101111000
100010001011100001111111000010010000110110100001100100100010110101001100000101110101000101100101
010011110110011100010101011001110101110100001000101000110001110100101011100110110000101101111100
110011111010110011111001101001000110110101100100111000110000101011111011100000111011110110010100
000000101001100110100010101011000010110100001001001111111000111101010101111111000100111111001011
110000010111101100100111000011110111011010101000010110001000101101001100101000011011101101111011
110011100010001100010011111000001110011010100101101111111110011100111010111111110110110010100100
110111001010011110111011110100000111000010011110110000000010011001001011011000110111110010011010
110101010010010101010010110101100110110000010010000111001110001101101000010000010001101111010111
100100101111101000101001111011011110111100010011011011111001000011001010100000101011001100111001
011010100000001010000111110000101101111000010010111010111011110001011000011100000011111010101001
011101010110110000010101000000010111110011011111101001110001010100001001110001100110011111101100
011100001010100001100011110010001011011011010011111100011111011111000011110001110100001010111111
100111011000101101100100100110110011001111000010010011100011010100101100000000111001110111101100
011010001101011000001110101100000010101001011110111010111001000110100010001101000001010001100010
000000101011110001011000011100101111000001001101111000001111100111000101011101011010101010010101
111011100111111011101101100001010001000101000011001111100000010000010100110010000001100100000100
101100001111100010010111101110011111010001100100010110111110110011000001110001010011010111010010
000100011010100110111111110100101010111110111001011010000101001001010111000101010100110010000101
011100111010011010000110111001011011000101100110101010000010000001010011110000110000010000010010
000101110000011101111110110110100010010001111111100101010101001111100010010010001110101111110110
000100001101001011011100000010010011110010110011101010110000001101101011011000111101001011010000
011011110001110100011000101111010001101110001111101000001011000011110001111100110110011001000111
011010000101110110000011001111011010001101100111101011000011001011110100001101111000001101110010
011001001101010100000110101111111111100010110101000010110111111101110111011110010101010001101011
000000011101100001011010001111101101010101001101110001101001101101001011000010100100000011100100
001101010100001100111001101110101111001111011100111111101000100101110011110110000100001011111000
110000010011100111000101100011011011000010110010001011110110010111001000100100101000101110111011
011100110011100010111101110000000001000010011001100101101000000001100111000101000111001100111110
010110101011110000101100011100011010100101011111001010111110001100000111111100111001010101010011
101111110011011101110101111001011010010111010001100111011100001100101010100101010100100000101111
000001111000111000000011111001100111101110000101111111001110101010101011011000111100100010100100
010100010000101010010001001011011111001011001111010010000110001111011001000011111000001011100001
101110110010010010100111001000101000011001110001010001101001111010001011010100000111011001101100
010011100011101110011101100001100011011100111010100010111110101011111111000111101000000101110010
100001100100100110000001111101000010110111110101111111110111111101110001011110100011001010100010
011010111100100001000011000101000110100101111110001111011001100101001110110000111100101100011100
101011010110100000010010010011111010111100000001011000010111110001010001110000101111100100011011
010000110111010100001111001111100010100110011010110111001001001001010010100110010011010101010010
001111100001000000000101101001111001100101111000101110101001011111111101000010110000011000101001
010111010000110010001010110010000001010101110100110010001100111110101011010010001011111110101100
001111010111001100110001110110000110111000100101010110100011011100101110111000100010100001010100
010111001011001100110101100001110111011111001101101100011011110011100100100110101111001010011100
110000000111111000000001010101101001001100110111101011110000101100010100100011111110110111100100
011010110110010110000110111110011000001111001111010111010110101000110110111011000111111101101110
100111011010000111011011011001111101110011011000011010110110001111011001001000010000111000101011
001011111001010001001001111101010000011001100110011011001110110000010000011011010111011001011100
010000000010101110000000100101000010110001010111100010111011110011101110111001111010011111001111
011110111110011111100001110111110110101101101111011111011101011011111001000011000010000001110001
000011000001101011000100001111101111100010010100001011110111001111101010010111101001111001101110
100001101011101101101000000111101110010010011011100101111101111011011000100100100010110000001111
010000000110000101110100111100111011111111010010100110000010101000001010100101011011110101011000
011001000010110000100011110110010001000100010000101000000010010110101010010001110000010000001001
011100110101000011100100101101001101000001011110101111110000101010011011000110101000111000010110
000011001100111110110111101111000001001011110100111111010100100011001011010111111011111111011111
010001010111000110000001111010000101010111111001110010000110010011111010111000010001110001011101
111000101000001101011110110111010001010100011011100010001000110000010101010011010101110100111110
111110001010100011011111100011100101001101101101100110100101100101011001011101100000000101010111
000100110001010011111000110110011101110011101110101111011101100001010001110011001101111111010001
110111100100101011001100110110000110001001000000111100101101101000001110101010001101111011111010
010001000010011111110011100100111100110101011010100110001000011001101111111101100101011111100001
101100101000000000011110110011000110100010001111011011110110110100101110111111100101000101101010
110101100000011100100111101000101111111100011010111011101010000111011101001101100010100101011100
100010100100011011010000110000000010110011000110100000011111111011011101011011110000110100011011
001011101111101100101100110111100010010110000110010100001010011011101111101001010111110110000001
111011101000101110110000111010110111001000011100000110100100010101000111110000111101111100011000
001111010110001111011001100001101111000101011111100011010001011000010110101101111111011000100110
000001101010101101111110010111111101101011100110111011101100001010100011011010010001010111011000
110011011100001011011011111100001110111111111011101110101110111100001000010000110001011101100001
010100101000011100000011001001000100111100111110001110111001110000100110000101010111001111111000
000100010111111100010010011011000110010111110111110111101101101110010111101010010000010010111110
011000100111001111011101001101101101110101001001001100100010011111100011001110100010000100100001
001100110001100100101110000011101101110101111010000011111100010110110110101101110000110100100100
111011001100100010001111010011100110111010011010110101000010111010100100110100101111011011110101
110100001000101110110111100011111110110000100010100011000001110000100110000101000001111010100001
010100011110110011111011010110011010000101110011000101000010111000110111010011001001000100011011
010100010101101100011110001010111011100001011100111000011011010100101011010010100000010101010101
000000011001010111011000100100010011100101101010101111010101110011011010111000001101110010111110
001101110010110000010110110110101010001110010110011001001100111100010101101000011110111010011101
101000011111110111011011000011101010110111110011100010010100110011010010000001000010000010000111
111110110011000001100000111010101101000110010101111111000100010011110111110011100110011110010110
101001101001101010110000000001011101110100010001100110110110000111011110011001010111111011000011
111101000110000001001000111110100101101111000111011100010011100000011110100010110001111011111101
001111011011110001011111011111000010010100110011101010000010000001001011010111000111001101111110
110001100110000110010000100001010010000010101001011001010010101101000011100101001000011101010010
110111001010100010000001110101101011100110000001010101001010010101110101000010010011110100100100
100000011101101100010000101111101010100101011111100110001100001001101001011110111011110000001001
010100101001011100001101011110000100111011011010010110110110110011101100010010111100010011011100
101100000011001000001111001011001010111101110110010010100100100100011010101110100101101010101111
001101111100101100101101001010110101000110110000010000000011101100111111110111001111111101000101
110000010100001011000010100100011101000001110100111000100011111111010100100001000000100111111010
011010100111010000011111001111010101010110001101111111110010110101110011000110111111110111001001
101110111101111001000110011101010001100111101110110000100011001010101010000000010110111000001110
010001111011010100011110000011011010111101101100100111011111110100011001101011110000111110000010
110100111100101111001110010100100000000010100100001001000110011001000011101101001101110111001000
101101101010111011101001011000111011110011110111011110110011111000001001111110000010001100010101
101101101101111101000000000111001011000011101110000110000101111011011011001010000110010110111101
111011101010100100100000000101010001001001001100110111111011001100011100000001100001001110001000
101010101000100100011011101000111000001000111000010001010101111000100010000111101001111111110010
011000011100001100111101110100101010100111000110001101110010111100101100011001001001000110001100
101111000100101000011100100101011010110001011011010010111100111011110110001001000100011111111101
101011001000101011100101110010001011101100011010100011111000111000001100010001000111011000000001
000110010001100010100101111111111100011111011111010110111010000001101101001101001100101000100101
001011110000100111011000001111110001111010110011011011101100001010101111110001111000111100001000
110001000101111000010011100100111001110110110001100100101111010101011110011011001101011000100100
110011100000010011111101001101001101100110100111011010001111010001111010011101111000101111001000
101101011001010010001000011100000011110011100100000000010000110111110110110101010100010110101001
100101110000110100111011111101101100011111011111110010010110101101001101100101010011101110100111
011011000101111001101111111110011001101011000001101001100010110100110010101001100000101011000110
110011010111100110101101000000010101000010010000010110100000000100101101010001100101100001101101
001110010100000001101110101011101110110101000001000101010010110111001110001011100100000100001001
101001011111110011001110010110101000110000011000001101001011011011000101101001110000100011000010
101110001010011101110110000100010110100100111010010110001111110110001011101101110000110110100100
100000101011110110101100111110110001000001100001001101001101100010111111111010000001001101100111
111110111100001111101111011111011010010110111100000100011000100000010110010000101010111101100001
100111100111110000101011100010001001110011101101111010111010111000100100110100100101111110000100
011110010110111111101100101000010111001000110010111101111111010111010000000010000111110110111000
100000001001011000100101001111101010011111011011001010010011001101010000110110011110010011100111
101000001000011111011001000010110001111110101001010110011000111110000010010100111110100111011000
100000111010110000010011110101011011101100000000100010110000000010110000101101011100111001010010
100001010110010101100101000000110000010000010000000100110110111100110111110011101111101001101111
100000101000001101100101111000011101100001011001101101111011100111100100000000011111001111110100
101111011001000010111101100100001100010100000001001100001010011000011010011011011011010111111011
110001010100111111000010101001001101110101011000110010011100111000001000100010101100110001111001
111100100010100000111111101101000011101000000111001110011011010010101010001101101011111011010110
100001111001000111001000100101010100100110101011111101000110101001001110010010110010010100111111
001000000110101011011101011011101111011001010101111000110001011011101100010000000100101111000010
001110011111001000110000110111000111110011000000001110010011010110101011111111111110001111100000
010111001001101001110110000010111000000010000111100100000010110000001100101111001010010000011111
110000000111100100111011100110111100010010000000010000100110010001110010100111110111011011100010
000100001101000111000110111011101011001110110110101101100101010100111111011101010110101001010011
010011011001011100100001000111000011101010101011010011100010111001011110001011010010100000101101
011101000000001110110111001101110100100101000111111101111100011000000110011101101011101001010011
100010010100011101001001100110010001010011010011100111000100110001110000010001101001000100011010
000010101111000011001011011011011000111111001000110011011111010111100101011001101100100101110111
110100010110000000011011001011011010001001001001010111101001111001011110101001000001011011010100
101100101001110111111010001010011000000001001111010101011111001110111011010011001100001111111110
111100111100000001110110100111000101010001001011000010010011010110111100101010100011110101100100
010111100110111110100011101001010111111011010011101110101010010100010111011010111010011011101001
010110001001110001010001111111000111100011001100010100000110101001101111111110000111111110101111
010010001101011010001011000100000011010011100011101100010001101101110010001111011011110000100110
111100000001000110111000111001101001101000100001000111000001101100011011101001000001101110111000
111111010100111000111100001101111011010011010000111111101010101001101011000100101000110001011001
100110000110100111100111001001111101011100010101111000100110011011010001010100010011010110011101
001111011110001011101101010111011001100110100011000010101110110110101110000100010110110111011000
001010000110100100110010100110001001010111010001001110000001011001011100100100001010111011110101
111111000010001001011111101111000111110000100010100001011011111000111010101010010110100111010001
001110110001100101110100110011111111010110001100110101011000111011000000110110001101101111010110
010011100101100001101101010111100001100111001001001110101011101101110100011100100001010010000000
111001010010001101100000110001111000100101100111010111100100010110000010100110111101000011000101
011010001110110001101111101101011011101100110011110111010100011101111111111001101000110111000100
011011000110101111011111001110011100010110000001011110100001010001101000010100100010011110100011
111111000111100111110011001101100001000101110001011111011010110100110011100101001000011010100001
001010010011101010101010100100100011000110111110111111000110100110110000011111010011000100001000
010010011101000101000111111010111100101001010111011000001011100111100101001001011110110100011001
100010000001011000010000011010101101000011101001110000000100110110111110010110011101000101001111
110100011110100111111001010011011110111011110101010111111101101111010110011101001110011011111011
011100101111101001101000110111011110010101000110101110111110001110010010111110111111001110111000
000100100100110011011111011101101100010000001011000101101101000101111110001101010011111100011010
110110010011100000010111100000010010100110000101101100111001001111010001011010110001110111001111
000101011101101101101001111101011100000011000010111000011000100010010110001011111111011010011011
111100111111000110101011010001110111101010111111101100000100111011011001001101000001100111110010
010111011010011011011000010001111100110111110011001010000100110111000101000011010101011011000000
100001110011111011101000011001010010000100001101100010110111101101011101010011110000001000001111
010011111100101000100000110110100001100101111110111010011111101001000001100110001001010000000001
000010001100001111100100010001011011000011111011001010100100110011100010010100110100100101000010
100111011111110000001100111010000100001101011010100101100110101100000000010100100000001011011001
010110011010011011111100101100001111111110010100001000010010101110011101101001101100010010000101
100010111111010011111100011101010101111001100011100110101110010100000100011001111111111010010100
001000010011000111111111000111000001010001101010100101000000001100001101110011110101101010001100
111101011110011001011100010100101101001000111000101101011101111010101100100110001001011000101000
000000111010011100100111011111101111010001011000010100011101100001100110001110011001010101111101
010100110101110001111010110101100111101111101101000001101001010110000101101011100100011111111011
110111000100010001110000101110000110100110011010010010011001101001010110011011101010011101110110
101110101000000001111100101110111001111111101100101001111000111111010011011010000000010100100111
111001101011001011010101111000110000101111110000101011000101011100000111100000111101101000111010
011111110110110001000101100010100110001110000010100110010010011001000010000100111000010010010001
001011001110011110110000000001101011000011011011100000000011100000000110010111111001100100111100
001010001101010101001010010101111011110000101100001000101010110111011011111100000010101000110001
001110000001011111000001111001011110011001101000001100010110011101000000011010001001110111111101
110100000000101011010000100000111100101111101010011010000100001001100110110111110110000110001101
000000011101100101110011110011110101011101000001001000011110010100011011100110101110001001000110
101100110010110011000100000010100100010101000101010101010010100011101000101010111100101101111110
001000101110101100110011101011100000111100001000110100100101111110110100110001011111011100011001
011111011001111100010001100011010000011000001100111000001101101011111110011001001111100111011100
011111000100111111000011111011011111100010111001001111011001111010101010110010100111101111001100
100000001010100111001110100110101101100110000000011010000001101101000000111111010000111011001011
000100001001101101001101111010110100010101110111100001110110101101110011001000111001100000100001
010010000010100111111101001001000100111101011010111010000111000000110110110001101110011111010001
111010110111110010011100111001001001100100100100110111110111001101001101101101000100011000111100
100001010110010011111111110000010010111001100010110101110111000011010000010100011000011011111110
111111000010001110001110101110101110110011010010001011111011110010001001110101000111110011100100
000101010000110111110011000011110010011000001001111111100101011110001111111110101001100010111000
000011111111001000100010110001011110101100010100101011001011001010001000011011001110110111111110
111111110001011011001111011111110110110011000001001001010001111001000001011011001111010010111001
010011110001010010100101001111111010110000010110000000100000000011100011000110100011100111100010
010000110010000111010101110001111010001011100000011111110000111000000000011110111001011110110000
001100100111111110011000000111010101111011001010101000011100011011101111001110011101100010011010
101010101000100010011001101011011100000111101010001011110000001001110110000110010000100011101000
011000100100010101100001100100000000100100001000110100001000111000111100001101011111000111000111
101001101100001101011101111011100011100000011101100111000110101001101101011010001101011001111000
110100100111110110010000110100010011111110110001010111000110101110010101011110100001000111110000
001101111001111001110110101001100111101101001101101100001001100011000000101110111000001010100000
111010100101010001101010110100000010001100000110011010010000011100001001001110100000010110111011
000100101111010111110010101001000011010000100001101000110000001010101111110011000111001001000100
101111111111000001110001010111011010010101101100110110100010010001100000011100100110010111000100
000011100101011101100101010000111110101010101000001010000110101101101010011001000110111011110010
010110011110010100111111111000110001100101100010000010001101011110011010010100101000001010000100
010110011000110001111100101110001101010101010001010001111000111011010110001000110001000011111111
111111100001011100000011010011010011111101111101101001101001101101100110110101111111111101000001
100110110101101010010011111100001101101010000100101111110101001111100000111011001001100101110101
110111110100011010111011101110101111100100011000001111011111001110001001011010110000110001011001
111111101000100000010111100111110111001001111000011100010001110000101011101101101100110110001110
111010001010101111011011001110011010000001000101110110100000111011011111101001011000010111010010
110101001101100001110000001101000000100101100101111001000000011101011111001001001010010111100011
011000011000110010001001101101001011111111100111000010010010100111100100110011101110110100110100
110101111000100010101011000110111111101011000011111101001110001001100101000100110110000111000100
110011011101000011001001011000011111101010010011000000001001000010110000010111011011100011101010
111010100100001011001011101010010001101011100010111001010101000011010111011011100011011001100001
001011000010001001101110011111010100001010101010010001111001000001111111001101100000001011000111
101010011001110000000110101101101011111010001111101100001111011011001000101111001110100001010000
000110001101100011100100110100011010010010111110101101111010100011011100010000100011010110010101
111001111111110101100100011100011111010010010010100001100001110101110010000111001100110111001001
000000101000001001000000000010110001110100100101110100001101111100111100101010101110001111011110
101010010000111110000011000110011001100111011000111101000111100101100100101000001011000111001110
110010011100010110101010010111011110100000100011110001001110010011000101011001100111011001001111
000100101000101010111110000010101010110110000001000010111111101001000011110101110011001100001110
010000110101000011111110100111101011101011001000110011110001101011111100111101110111001110101001
101111001101001110000011101001101000100100010111110111110110010001101010111000010111111000011000
010110111011100000100000011011001100110011100010111101100011110110001010000001111101010110010101
111100110101001011110101010000011001000011110011000000001000011011001001110101001010010011010000
000110101001001110110000101011111111010001101111110110010101000011111100110111011100010110011110
010011110111000111000111101101110001110111000010101010000101001000111111011011001000000110110100
010001110111001000011011011101001000111010000010101001101011011000001001101110100000101110101100
101101111001011111010101001000111000101001101101001010110100110000111101110010111010000010000000
110110001100101101110100001000010110111011001101000001110000010010010100011010000010000010100000
110111100101000000000100000101111100000001010010111100110100101100110011110111110000100000101010
111101101001110010101011110000100110111101011101111010011101100001010100010110101011110101010010
001010000110111001001110000111001100010101000101110010111001100000100010000110110100011001101011
011111101101110101001000001010101001101101100010101011101111111100110101101000011001001101001000
101100111001101000101011111100110000111010001001101001110100111000011001110111001110111100001001
000111011001110000011101001110100100010001101011011100110100011001101111000011110011000111110001
101001011101110010110001101011001001110110011011110111110010011001100100101010001110000100010100
111111100101000010101010011101111101000000110111110101011010111011000000110100010111100111010010
100111000010110100111010110001111100100101110101001101101001101101011110010010011111111100001100
100100110111100011111000110111000101111101110001101110101111010101001100001011110000000100101011
000111000010011001110101110111110100100110101000010111111100110000101111001000011100001100100111
000010111100010001000110010010100111011101111100010000001110001101000101111110001100001010001000
