011011010001000101000100101001101111101001101001010110011011110111001111010001000010011011101100
000000100010101110100110011100101000000110000100110100111101011100111111011111001010100101111111
011011101101010110111110001101000101101111100100001000111110001100001010001011101100011000000000
000101111010010100010111100000101000000110100000111010111101100100101101111110110010000000100011
100010110100101011010011100010011101111001100101010011101000010110100110001111100101110110010011
000110111100110011110100100000000100101011011110111000101101001000001010101111010010000110111101
010011010000010000111101001110000100101001101101110001101111011010010101100000011011001100111101
110011110101111100100111100001010111110010100101100101010000010010010110100001101111110010110011
110001111010110011001001111000011100010111110100001100010101000110011110001010111100001011111011
000001000001101010001110000011110001010100100000111011101110100101000100011000101111110100010010
001011001011010100110110010000010111001011000001010101010010110110000100101000101110000101101011
111001111110111001101000010010101001011101100110110010011111101100100100010000110001110000110010
110101010010111111100111110101010010110001101101010000001111111001011000110110010111011100011000
001001000001101010001001000000011001010001000110010011010011000011000011011101101101001010110000
100100011010111100010100100010111111100110011011101100110101010011100111011111011001101011010111
111011010000011101101011000100011010100000001011100001101001001010010111000010001000100101011010
110001101110110011100101010010101110101111000101110101101101111110110010011011100100000001101110
110111010001001110001001011001010001011011111011111111110001110000101001011001110110100010101011
011110100101000110111001100101101001000001101010001111000010110100111110110010110111010101111100
101110101000011011011111111100100000101000101000111000010111111100100101011001000010100010111001
010110100101001011000111010100111101101101111110001010111000111000001111001111111111010001010111
111100011000010100001111100100000110000111010001001011000000011100100100100000000011111001101001
011010101000000000110010100100100110101011001000101100000100010111101001001100111010111111010010
100110011111101100011111110111011000110001010001000110010010101001001111010010001111110001000111
110111110000001011101010110100110110001011010000001100000011011011101000111001100001111110100101
010000110001101110110001011101001101001000100101110101011000001010000100100100001100011111101101
110101010011011100111011001010011100110111010000101000111000011000111010011101001000100010001100
000001100010100010101111010110001011011000001100100000101111110111101100001010110001111010110010
101001101001101011100010000010010000110011010010100010111010011010101001101011101011100110110000
010101111110110110111010110110101011110001101001001010100001000110000101110010000010111010010001
111000101010000001110011000100011111101001101110100100111111101001110010101010101011010001111000
000110011101110011100000100001001011011010000001110011010101101011111010000101111101001010100010
100010011100011000001110111011010011110000111000001011000111101110101100011000100110101101011111
110000110100110010101001110000111100010001111000000000111001101010111000110010101010111101011110
001111101001111100010101001100111101010110100111001000101100110011010101110010011001001001111011
011101110011000111001010000111111011011101111000001101110000101010111000010010111010001100101001
010101011010111011001010110011111010010000000110011010111110001011111000000110111110111100011001
101001001110010111101000000001101001000101011001111011101001000100010001100110001100011000111111
111110010101100010111010100001000011011111111100101100100000010000001111110101101011100011110000
010101000010100001101010111010011110101001110101001010100110000001110111100001011010010001101111
111101001100010010000011111101011111011010010001101111100001000100010000110101011001001101010000
111011110011110110011111010110101010011011110000011000011101110011100100011111111001111010011001
001101111110111011111001100101100101000100110011001001111011110110101100001011010110111100010010
110111101011001111010101110110001100011100010100101110110111001100010100100111111100001110111101
101111000010010111101001101101010100111100010101111100010011000001111100010110110101111100110100
010111011110100010111001110111000011100011010000111011001010111110011100111001100101100001101111
011011001110110111110011111100000101000011101100000111101101111101111110101001100011101000100001
110101101001011110100011110110101101101010000100010100001110000000001100110110010101010001111010
011011101011100110010001100001000111101100011101111100000001000000000000001001110010011011010011
111000111101001100111101100000101110010000010101110101011100110000110001000110111100111101111010
100001101110000101011011111110111111110000010010010110000011001110111010110011000111001101001101
011001111011001000111110110010001110111011001010110110100100010100010100001000111110110000100001
101100101111001110110110100010001111000000010010001010011111011110110000100101101100011000000100
010110000101011101001010111010010000010110111111100110001110111011000000001001001111101111110100
101011000100101101101000001100111110000110011111110111000001001101101101110010110011111011110001
000110000011010110000110001101001000111010010011100001011111001100110001110011111000111011010011
110010000101110000110111111101111010000000000000000111001100110010111101000100010101100110101101
111110010110111100000100000111111100101001001001000111010001011110111011101100010111001001000010
011010000000111101000101001101001011011000010011111101110010100011000100110011000011000000001011
110011000100000111001111010001000111110001110101111011000000011101010000100100111110010010011111
001010000111110011111100111001100110010100000111011110001011010010011101000001001000001101111101
000010110001010001001100110110010001001101000101001011001111111001110001110100101111100001110011
010111101010101011110110010110011111100001001100101001111000110100101010111101010111100101001000
011011110001111011001101000111010110000000110100001000001110110100100110101011111000000111100010
000110111111111010100010110100000100111001000111010000001111011001101010110011011011111001101110
010101111101100100101111010101000111010010011001011100110100000001011100001101000100001001001001
001010011100111011010011011110111001111111000000010111100011110101001010100101010000110000101011
111011100110011111001001100111101111110111101110010100001101000000110100011010100010110010101110
000101000000100110101001101010010100001011001010010001010001001111101011100011000111001011100011
011100011011101100001110000111111100001100111011110011110011000011000010101000110100110011001011
011101110101011100001010110111001010101010011110101011011010111100000010001101111101011100110001
001000110000001100111011111111111001101110100000010010110011100111011010110111011100100001100111
110001010001101100111110101110101100011111011110001101000101101000010101110010011100101100000100
110001111101111011001011111001000001010100100011110101101010011111011110110011111111011000100001
011001111011111011010100000100001100110001100100110111011111100111101110101100101100100110110110
110001111011001111111000010110110001011101101010110011011000100001011111000111100111010110010001
011100001110101001011100110011101101010001101001000011000111010010111101001000101010000011010101
001110111011111001111110110111101010100011010111100011101010011001001110001110101101010111100100
101010000101100011101100010010100110011000000011100101101111110001010011010110101001001110111000
011110110110110011101000011101100100011010001111010011000110010001101001100110100100101101101101
001001100100010000010011101100111001110101011000001101011101000010110111111010000011011110000001
111100011011101000010010011001010001011010111001000111011110101100100111010110100010001110100101
010011111011101110010000111010011011100101100111100010100011001000101101101011111001111100001001
010110000110001000001001111000110010100001101001101100011011011101011101111001110010100110110111
111000110011100010000010010011010010110101101111000011000100010101001101001100101100001011010100
100000101111011010110100011011010100111101100111110000111001111010001101000001001010100100000000
101111100000100000101001111100001110110110100101111111111000000100011000110001001011011001111010
101010111011010101111100110100110100111011111001110110111011011001111101000101111000011000101110
100011100110011010111110100001000010000110100010010001011010001001111100001101010011110111000011
001010110000011000100101011001111110011000010000101111010000010001110011110010101011101101110000
001111001101000001000110011010110010001011110100110001010010101100010111010101000010010110101101
001100010100101101001101110011011100111101001000100110001011110111000111110000101100011010110011
111110110001100001001000001111110100111010010101110010000010001000110010100010110100001110011001
011010110110011111110000011011001101111111110111001111101010111001111011000111000110010001000111
100111000000101001010111100101101110010010001111111110011011110111100101011110001111011100001010
000110000111101010110001000000101001110000000011010011010000111101010001111011011010110110011110
000001101010010100011011001000011110110100001100010001101011010110110100101100100000010010111011
110001010111100101011100000110101100000000010010000111000010100001110100001000000011000110101111
100100101101010111111110100010000000000001100100010110010110110100111111110111011001010100010110
010000101110011000110100100110011011000111011100101011011111111001110001111110100100101011111110
111110001010010101100010001000101010101110101000111111101101111110011011100000011100110110100010
001100101101100100001111000011110100101101101100100100010101111111100000100000000101011010001000
001001111110000010010010101011100011010111001011110011110011101100010000110000101000000111111111
100011000100001100100000001001110011001001011111001010011110000110010001001100101011100100110010
010101101100011101001011100111101001101001001100000100001001010111000100011001111111101010110111
111011100011000000111100001000101000110100001011110110111010010000110010010000011001010101001111
101011011000000001001111011001101000000000110011001001000101011000001111110111111010010010111011
001100001111100010000010011000001111100100001000111100011010101011100110000010110010111010101100
101100101000000001110110101000011101000110010111001100011101110000101101011011011110111001001101
100100111010010100111111001010111111101111000110000111101101010000101011011000101110000100000101
101000110000100111011100110101110100000101111101111100101100100011011000010011000101010001000011
001010000111000100100000110101111000111011000110001010110001101010111100110100101000111000000101
100101110100000001011101010110011101100000111001100001001100111011101010110011000100000001110100
001101101000000101010000001111101100001111111000011100100010010110101101001111101100001101110010
000011101111111001000100100000100110100110100100000010100100110100100010010101110100000001100010
100001001001100000001000011100011011111101100100101110011111001001101000010001111111011110010001
110111110100000111110101011110110010101001011000110100101011111100110011000011000100111000110101
010010100110000011011100111000010110011011110001110100011011100001010001101000111101101110110101
001011111100010111110100111101100000011010011100110010110111110111111001110100000100100001111001
010010100000110100001100001100001101001110011011010000110101111110100111000111001001101011100001
101101001011001011111011011101010011100000010010101111010011011000000011001111110011010100100110
010110110000101101100001100111000010111100011000001000010110100110111010011110010011110110101010
011110111101110000100110001111011101110011101011111001001010100110001110100101010011001000110011
011000000110010110110010111111101001011101101101010010100011100011010101101110110001110001010110
101011010001101111010011100101100010001010100111000011101001100110001111101100010001011111101000
111001010110000110110111001000101010001100000011111000010100000110100011101001100010110000111000
110100010010101101101001100100010010010011101000111011001100001000001101101010110011001000001100
011011001011110010101101010010000000111100010111111010100100100010111111010100111100110011000101
110010100111110001010111111011011000110111111100110011000110110111010110101010001001001010100100
001110101111111110111100010001011101100100100111011100100010111101000110101011011010001011000010
101001010111010011100001001011100110110100000110100110000001100011011111111001101010101010001101
000110111111000101111000110110010011111110001000001111101011100000010111011101100001110011101011
011000001110001010001101011001100100100101100100100101010001000000111100000100110011010100101001
000000111011001100001101110001000110011000111100110100111101010010011011010011110010010011111010
000000000110100001110001011101010101101100001110100100011111011101100011100110100001111110100001
011110010101000011000110111110111011011111100100010000011101001101010000000011100000001111010001
001111101100100001011011001011101001110100000101011000001100100000001011110001010010011000001101
111001001100001011110000011111110110110111100001111110111001010111000011101000100011110001100000
110000010110101101000001000111010101101011000000000000010100111101010111111001000110000111000101
000001000101111000101110110001110100000011111000101101001001100110001110001101011101110000111010
011101001001100001101101100000011100100001110101110011111101001010111010000101001100111001101010
111000101010000010000111110011011001101011001001010101100101101100010001101100000110011100100001
001100000000001000101000000111110110100001100101000100101101011111011101011010111100010001100100
100111100101010011010110000001101110001110100111010010001010100010001110011011111001011011000101
100111011000100101111110100000011111010101111001000000100000011001011110010110101101101011001000
111001110010010111000010000011101110010010111011100100100100101110111011111001111010011110101100
001100101110000111001010010001010110010011111110100010001100110011001010011011110000101110001101
100100011010100101100110100011011001000101100111100111111000110001110110010010011010111111101001
011011110010011111111111001111000011001100100111011010111000110111101101100100101101111001100100
001001111001111111111000010011111001111001001010011111010010111011110001010111011100101100100111
001001001011110011010000101011100010111111001110011011110001001000011101110111110011101101101110
111111000110010000110100011110111010111101011111111110001100100010111000101010111010111010110101
100110101111001110110100010101100011000111010101001000000111010101010010010000000011100111101110
100111101110111111110010110011100100011111110100011010111010011011010110010101010011011001011101
100110101011111010000011010101110011100000001100010101100111100110000100000010101111100011001100
010010001011111111000101010100011001111000001110110000101001000011100100000110001011011000000000
000011100011111011011011010111000011110100010101010000101100000001010000101001110001101000011111
111010111001001001011010011100000110101010010011000100111001001001101110111000100111011100000111
111010111000011010111101110011001010010111010010001010111101010001110110011111001111001110011000
101001111100010101110100011010001011110011011100100010101001000100110100001110001011101010000010
101010100011100000011011010101110100101101000001110011101001010000110100111110110110010011111001
011110111100101010110010010010101001100010101110100101011010100100100110011110001010101001011010
011011011100001000001101111100100100110000110001101101100110011111101010110101001101110011001100
011100101111100101111111011111100010111011010100010110111111111100110010111011000110111110110111
110001110010001011001011001000010000110010111100001111101111001101101110110010110101100111110110
110100010001000111101101000010101001110011101111010001100000110011110011110010001100101111110111
010110000111111100110010000110000000111001111001011001010001001000110010110001110000001011111111
010101101011100110000110110100010010111110100101100010111010000001000000100001001100010001101111
101100011011010100010100010100111010100101011111001010110111010110101110101110011000111111010001
100100001111001010001110110001011000110110110111101101111011100100001000001000001000001111110010
101100110101000100011110000010001100101010100101100011010111111011111101001011101101000111110001
010110010011110000110011111110011001001010010100110000100101000000000011011010000101001010110111
100000001000001000101001010110100101000111011000110011010100011111010100000111101101110100100100
000000110110000110010100111000111101111011000101101100100000101010001001000111010000000110000001
001110111110010000111011011111110111100111011100011100100011110001010101000000010010011101001011
111100001110110100100010001111001010010000011011010111101101101010111000111101100000011001000011
000001011011010001111000101010010011100110010000010010010111001001110111100001011101110010011001
000000000010011011011111101110000010110000100101000101111100010101110001001001101101100111100100
000000001001001111100010110111110000111110100101101000100010001001110001101010000111001010010010
010100001101011011100001001111100110110010010100001100101101101010001010000111111110011000110111
101110010000110101010110010111010100000011110011000010111000000000001011111000100100111110010111
011001110011101100010101100110100101101100011010000001011001010010001001100111001111110001000000
001011111001010010000001101110111010110111100000010110110111000110000100110111011011110110110001
111010000000110110110010101110000011111110010100110111001111001010100110000010000010110100110100
100110111110101100111111110001101011000110010111110100010001100010110100110000010010000010101101
110010111101101101001100001100100000010011011111100101011000010011111101010110001001011100011111
111010100110100110000011001001101101101101101011010110110110010100111011001011110101011101101001
111010010010110011101011000000111111100101000000001100110000010101101100001010110101001110000111
011111001111101100101001000001110010001100111001010011110000010100000010100100100001001110100010
000010100110011110001111100000011101001011001011110110011101100000111111110101000010000100010010
100000110100010111010110011110011100111111010110110001001101100001000101100110100000010110011011
101101100101000011010011001100011110111101110111000100011100000100011000010010010110111000000001
000010011011111010111001000000111000100010100011100100111110101101011011001111010000100011000011
010011011001111100000001001111111001111110011110101111110000111100101011011100000000111000000101
110011000101100111100111000011110100001010011110001011111010000001010010000111000100011011111100
001000111110011010011110001001001001000110111101100110010100100001011111100111011001111110101000
110011101000001001100000000101110001001101011011001011100110100001000000010001011011100001011011
011011011000110010110001100111001111101110100110001011000000100000100011100011110010000001010111
010001001110000001100010011001111111101010111010001001110010101100001100000001101110010111100011
101001010001011100000111001111001010111011010000000011101110111100101111111101100100011010111001
000011111110010010110010110011001011011000000010100001010011001100000001101100000111011010011110
110011010110111001001001110011011101110110010011010110110101100010010110001101011010110000111111
111101001100100100110011111011110111110100011000010100110011111001010000001001011111100101110110
000010000110000011001000101100111010111100101001001111100100101101110110101111110111110001011001
101010001101110001110111000011111000111000100010111000001000011001100001110110111001011110100101
001101010110001111110110010010111001011010010010110111100100011010111001110011101100100100010110
011011110000111010101001100100100001000101110001010100010101010100110110010101010000110000010000
000100100100011000001000011001010111111010000101000011101000010110101011011000100111001000000110
101101100011001010111110001011100101001001010110111110001000101110101100110110100010110001010010
100101110011000001011000101001011010000000000010010100010001100111111100101010001000010101110111
101100111101010101101110001101101000101001000101101110110101111101000010000010000001111100110101
101110000100110111110101111101111111011100011110010000111011111110011010010011110001010000110100
001111110011101000111011110000010001101010001110011000100110010011110011101001001101111010001111
111000101111110101001100111010001010010011010001110000110000010010111101101101110111101010001011
101000011011001011011000100010010110111010110101011010011101111100000011100000010000010011001110
111010101000011010110101110101010100001000110000101100000010001010001101011100110101101000110101
000110101100010100001110001101000101000111000111101100000111011111010111001000110100110101100101
001010111011000101101000011010100010111101001101001011110010001100101010001101100101001000111000
001011011101101000101010000010001100101101100100001000001000110100110010111010110010100001001111
111001001110000000011110010011110001010111011101111100111001011101000111010001010111100110101011
100011001111011011100001011000001110000111011001000111110101001000001000110011001111001001000000
111100110110000111100010111110000001111100111000001001011001100000100110100001100100111010010110
011100101011001111101100110000000110100000111011111100010101000010111111100000100110100001000111
101010111000011000101001110101000010100011011010000111011110011100000010111110110001011011011101
011100011101010101001000110010010001001010010111001111110010111100000011000011100010101110100001
100001011101011110110001110011000100010100101000011001001111101111110111110101011000110111110001
101101110011100100001101000111100101011111000010101000001010000011101100111101001111000001011100
011100111010101010100011111111010000000111000011001011001010100111110110001001011100111010011001
001000110001110100010010010000000000001010000000010110000010101101001110101111000000010100110101
110100101001000001010101001001101110100111100011010011111000010000001000110000110001101100001010
001000110010101011000001111111010111101010011110110011110110011110000001000011001101011110101110
010100010010101110001100110111011010000001010010110000101100000111011100011101110001111101011110
101010000100000101110001111101011110000110100000001001110101100101110111111001100011110011010110
110001100111110101100001100111001101001100010110000000100100110010101101010001100111100100110001
111000001000101000111001010101100000011001000111111010111100011001110001111000101000001000011010
010011111001010111111001101001001000001100110110000001101000010100101000110101001110110011110111
010101110001011100100000101111011010111001101001111100100111101111001011110011100011111110010101
011110111101010000010110011011100100010100111100000001010011100100100111101001110101110000110111
111010111111010000100001010001000111111011011001010110110100000001101100011110100010011001110101
110110011110011100100110010000000001000000100101111101111001101110010011110111111001100111010101
001110011110001010100001100000000100011110110010110010001010010100011011010000001010011101101101
000000100010000110001111101000010000010001110101110111110000010001101111100111111011110100000011
110000010110001000011001101000010111010101101000001000101010000011100011001100011100100000101001
110001110011100000101111101110111011001010100011011100010001100111110000101111101110001000110110
011011110001100111001101110111011111000010010101101110111010100010101110010000111011001011110011
111001111001110111110011000010000011110011010011110101110111011001000100101110011010001010100100
000011011001111110110011000010001101010000010101111001001011011010101010000101011001110000100001
110100011011010111000001011111001001010101111000011010101011110001001100110101000010100111101100
100101001010000010110101101110110010011110101000111011001100111001111110110110001110101001000101
001100011000000110011010100010110101111111010001010111100111000110000101111101010111000111010000
101001001100110001110000010001110111100111010111010010001000100010010001001101111000010110110110
001001000101101000110010100010000010001010100101010001111011111000001010101001000111010011111101
110110010000110111001011001010110110101011101100110010000111101000111000101101010100001011110110
100100001111001110111000001111000011110001110011000100111100100000010011011000011100100110010100
100010100110110110010110100110001110001110111000101010111111000111010100101100011100100001111100
111001100111110100101001010011100110110000110010111101001011110000000000101000011111010111010101
100101110100110110110010101110011000110110000101010010000000010100011000010011010010111000110101
001000000000010001010110100111001111000100001000110001011111000010100100011100000100011101101011
010001011011000110100011011000010001000111001000110010100100010110010001101110011010010000001000
110101101011001101011000101101001110110000011111011000011001111001001011110010011011011101110001
111010110100001011011010100110101100000011000101010010010110000101011001001011100101011101001111
101101101111011100111101100101011001111011001100110000010000100010100001100000101100101100100000
000100010000011100111101011001111100010100111010101000111010100011000011100110110010011010101111
110110010011001011010000110111100100101011100111110111111000111100000011011011100100110001111010
101010101011111000001010011101000110110110000111001011101010101010101100101010100100110100010111
000100010110110001111011111001100110011111111110010100110010010010110010001110010000101101101111
110110101010111011001111111101111011110100101011100110001001010000010001000001111100010011000011
000000100110000011000010010010111100101101010000000010110000100101010010101010011101110110000000
001001101101101110100001101011110011110001010000111111111101001111000101101010011010101000011001
011100101100111010100011000011010110001100010100000100000101100001101000111001001111101011100000
000011101010010000011101010000100010101100011100110101010000110101111000011011000110000110111000
100000001111110011111111101001100100011100110000110111010110011101011000000011110100110101011100
000010010100011010011101111001010000010100001010101011100010110111001000101100000100010001001100
000101111101100101000010001000010001010001010011011100111010110100101011100000000101100010100110
101110110000010111110101001110111010010111011100100000101000110011001011100000000011100010000011
001100101100100011010111000000101100111001001000111100110010001000101001000001011000010111111001
110011010000010000101001110000100001100100101110000100000110110100010010110100011101010011001011
110101101010100101110110001000111011011111111011000001001000111101110110011100011101100101010011
000010000011000100111110010010001011010110111100011101010011101010011101010111001000001100101101
001100100010100001001100001011110110011011111000110011010110101001101110101001100001000110110111
101001101111100011111010100011110100111010010000011110110011111101001111010000110101100100010101
110001010101100011110100110010110001101000011101001010000100101001101101000110100000100011011110
011001011100101011001110100010100001111111011111001001101010101100000111010010101001001000101001
101101111100001011110000001011101110110100001110010010010011000011000000001001001101110011001101
111000101010001111011001010110000001000101010111001100000101101101101101111010110110011011100111
101101111000001000110000000000011010000111010000011001011011100111111110000101011000000000001001
111011110011100001111101010000100011011110111010010101001100110100111110100111100010101110000111
110011110010111110101101010011100011000101101010110000100000010100000100110100101001000001101110
101111100100010001011000110011110000011010111000010110101001101111000100000000001100100111110110
000011010011101110101000101101010011100101000110000011101010100000101110001100000110110011100011
001110101100001000100111010110010101000001110110110110110010111010100011111010110000100101000110
000101000011011100000111100110011011100011011101100011101000110010010111111010000000111001000100
010111110101111111001100100101000101010100000110011111100101111010001000101001001111101110011011
111100111001101101111011011100000101010001111011011010001001111100110011100101001110011100001101
100101010111010001011110110111101001010011100000000001001110110000011101010101110011010000011111
100111001011100011100001000100100101011101001011100101001101110110111111000000110011111111010000
011010111010111101000010000111110100101010010011001100100010101011110001110010001110110111000110
100101101101100000110100000101000101110000000011111111100001111010010100011001001000110111000001
001110111100100010011100101101000111010010000001010110100110110001110000101110110101001111001110
101010101101101001100001010011100100101101110100011000000000101101111101110100000100110011010101
001011011100011100100011101010111001001101101100101100000111100000100111000011111101011100100011
011101110110110010110010000010001111001011011101110000000011111111001010010010101110000111011000
011110110001101110000011110010001100111100101001100110111000101010000010000001100110101011111110
010101111000110000010011110101010110101101100000100010100000100000100101001001110000001000010010
101001001100010101111011010110101011011110110101110001101101010100011010010000001000000110000100
000110010001010100101000001111011100101110001100011001011001111110001001100000110011111000100100
001100101101110010001100011100110011011101110100110000110110100001110100001010110000111110101111
100010110100000100100000111111011000010010010110010010001000100010000111010101001110100110001001
011111011000100111110011101100111100000100110001011010100000101011000110101100100001111000011100
111111101000001100010110001111011111110010110101011110101111000010100110101111011001111001100000
000000010000111111111101101010001011000000110110010111000101100100100011111001011111110000011101
011000110101010010011000110000010101010001100011000100111011101001110101000110110101100001111101
000101001011101001101100110110110001100011011011111011001001100010000010100101010100101101111101
101010111000011100100000000000010111001010100001110010010001101001101001101110110110110100001010
010010001000101111100100100000101110101111100111110001001010001001011110000111111001100100110101
011000000111101110010011010000011011111010110101000001010100101110000111011011110101011000110100
110011001100111010000111011101001001101010010000010110110110101111001000000101000011010101110001
001100100111011000000011010011101100111011110010000101111011010010001110001101001011100100010100
000110011011101011110000000110001010000111011001111010000011010010001000011000001000110011101111
100000000000010000010100111101111010000101100001010101111110111000111010011001000001111010011011
110101001111111001100011100110110010110000010011011010010111011101101011010100010010101110100100
110010111110101101110001101111001010010111101111000101001011001101001111111010000010011100101101
111110010101110011111100111101011100111100101101010111000101110010111111001001111100100111101010
111010100100110101010111000100001011100100110111100011001010001010111001100000111000101010010101
010100011000001010100001011110011111010010110101001010000011001000101011011111010100001110010000
100110101010001011010101111111001011000100011111100110111110000001111110110010010001101011010000
110111010011000100000011001000000100111010010001101110111010111011011100111001001011001101110011
111001100111110110111110011110101100001111100101110111100110001001100111111101001000100000100011
101100000100001001110100001110100010010111000011000010000111111100111010111110000010001011011110
010101101111110011001001111010001010111111110101111000011010100001001101001011111111101011000001
000010101000011000100010001111111110111010000110110011111100010001101101111010001100111101011010
001010010010011001010000111000101111110001101111001101001011011100100110101001000101000000101101
001101011111110101110001010010111010001110110111011001001000001010011010000110101010000110000001
100000010000010000010011111101100101011001101001000100111111000000010010011001001010010101010001
010100100010001011100000101011100010011010010011110101001100100011111010001110110010110111000101
001100101010010001111100111101001101010001011001001100100011001000011111010111110100010101101101
101111110011011100111001100011100110010101001101001001010000000001011010110001000001110100000101
110110111110000111101000101001111110010000100111001110110010010101111011011101101110000111100010
101011110010110110110000001110100011111000001101010001110101110010000111110000110001010000110100
001101000111010011001010110010110100101111010111101101110011110011101000111110010101000101101100
010010110001010010010111100110110101100111011000111010010010111100000110110001110101100101100010
011000000010111001000011100000101110000001000011110001110111001010100001111000001010100000101000
110110100011100101010011001000001010100000111111110010101001101001011011101010111101100011001001
100101001010000011101111011010110010001001111001011010010001000001100010011010100001111101111010
100101111111000001000000011101110100010001011001011111100010101101001011010101010100010111100000
100101100001011110011011000100101010011110011110100101010111011111110111100011101110011100110100
010100011001111001111110110000000011000100000001011001011010110000001100011110001010001111111111
111010100111011001111110100111000001100101000000100011010111100001111101110101101111100001011010
011000110001100001000000111011110111000110110100001011111110010110100100111001100001000010110010
010010010101111100011101101101001110111010110000111110111000111000011001011000011010100011101001
101101110101000100001111001001101110110100011110111011001110010101100011010110011110000101000110
111100010010011011010110101110010011010101100001110101011011001000010100100010111000011011011011
100100101110101111011001000010111010111110111100101100101100000001001001011011010111011010010101
001011011101001011001000110010010000110000101101010001110101001100010111111011001101110010101011
100001110111010000100010010011101101011001011110111011100001111010000110000010110101011111111011
111011111011000000010001010110011111110100110011011001010101011001111100010011000001110100001100
111010111000010100010010001111101011110001101100011111011011011000100000111011000110000111000100
010000011110110111100011011011000101011110000110001001010000001101111101001001000011010010010000
101101101110110000101010000100110010000001010101110000010110010010101101101010000110001010100100
010001100001010110000000001000110010100111111100000111001110010001111110011010110101000100001110
101000011110000000101111110001111101101001000101011101000011111101101110001001001000011001101000
111111001101011100011100010101110001111001000011010101011011100110001100001100010010011000001100
001101111110010101101100010111111111101010111010001001011100011100000101011101110000001111101000
100110000010010000100000010111101101011010110111010011111001011101111001000000111001110110000000
111111011111011010011110010111111011000010000010100011110110011110000010000110000101010101001010
100000010100000111110100101111000001100111011000011111000100000011111100000000001001101110001111
001001101000001111110110110010011101001000010000110110011101011010001010110110000001011100001011
101101010110001010101001001110000000000001101110000001010111101101001001001000111001010000011011
000111000101000110100001011100101000100110101010011010010011101010000011001101100001111111010001
111100110010110110010101011010100110011110010110011100110110011111010110010011001111010101010111
101010101110011100111000110111000010111000100001000000000111110101001101101101110111100000011011
010000111100101101000010001010000101100101000110100111011000110010111011110011000101010110001011
001011010001101000011111110101000000100111010101001100011110101100001011101100001010001000011010
110010010101110001010111000110000011010000111100110000010101111000000010000000111111010100101011
110111100101100010110011001100001010001001011001010001110101110001001100101101110111100110110110
101110101110011010011001111010010000111110100101100111011000010111111100011111010110111000101110
010110100101110100011110100001001111110100011000010000111010000100111111010011110000000110101000
111111110111111010000100000101010111010001110100101001011100100101100001100011111011001100010001
000101100001100110101001000010010100001101110110111111001111011011000001101011111011101110101010
101010100010001001110110101110110000011111100011101001000110010000001011010100100101111011111100
110000110010011010101001100001100001000110010011000111000101100000010101001101000011110101100001
101111000101101000111010001111000101011001011000100100000110110111100100100010011101000111011000
100101100110000001111110111010101010010100101101101110110011111001010110101011110001000110111000
101100001000000010100011000111111010100011101111110110110000100001101010110001100000011110101101
110101110000000101100011011001001001001101010010001001101000110110111011000001100100110110101111
000011101101010011011111010001011100010001001110111000001000000100110001010111111000010100010100
111101000000011011000101101100000100111100010001010010101100010011100011110100111101010010011001
100111010001001100011111100000011110110110100111101100010100000011011000011111100000110011001011
110001101100101110000111000101111000010001001111010110101000000101011010100100111111010101001110
010110000011010111100000111110111101001001000010111000101101011001101111111000001111001000111010
010101110001100110011010001110101010111010010100000110110101111000001110011100001000100000101111
011000010000101101011000000110110000101011010001111000101001011101110100111111011000000001001100
100000010111011110000011100110101001110010111001111110011010010010100000110100001011010111001001
101010111001000111011100000011111111110111100101111110100001101101111000110011111111010001010011
001111010010101100000010001101010001000100010110000011010000010001100001000111110001010010001010
011011100110000010100110011100010011000010010011100011010110110111110001011100111000010011001001
010011011010010011011110001100101010000100101110101001111010101001110110110100001100011111101100
001011001001000110110010101001000001011011111110100001010101110100100111110010111100110101101010
110111000010111110111101000110001010001000000011001110001011010110010001010011001001001011111111
000001100011000101100010110010111111011010110110111010000101001011000000011011111111010100000001
111000001001110100100010001111100110111100111100100011000101101011010110001010101111110101011001
111010010101011110010111111000110011101010011100101010100101011000101001111110111110110110011010
000010000110110001101111000101011010010001010111110101110000111100100111000011001010111110110101
101111110011111011011100001010001100111000000110011011011011110100101001011000011100101100111101
110100111000110111011101100010101011010001000111000110110000100101111100100110000110011010100100
101101101001001100000110111001111101101111011101010010100000111000101100010000101100100110000101
111100110101011011000101101101010000010000000101010000010111010010000001011010010100011110111011
000001110000011110110010011111010111000101000101011101101010110000001010011000010010010110010100
110111110111110101010000101001110011001111110101100100011101010011000011010000100000100000001000
110111111110111101101100110110110110110010100100110111010001011101001111111111011110000000110101
010101110111010000111010001000001111001010011100100100001100010000010111000100100010101011100011
100101000011111110000011111001101110011100011011101010101111001110011001101110010000111001111110
110001111001111101111111101010011000001110000000001001011010111000110010010001001001000101111100
100011010111111100100101011111111110011100101000000101001110011001101101111100010001001001011000
101011101111000000000101011110100001101011000111100010110001010001011001111100110110110010110110
101100101110100101111000000010001001110011001010010010111110001100110111011110100101101001000011
001110110110110000101100001010011001111011010010100001001001100110001110010101110111001110110011
010010001110000110111101000010100111010011000110110101001001000011111101100101110111100111010001
111110111100000001110010000110110000110111010001010110001110001010111011001001110000110100000010
101101110000011111100010100001110111110110000111101001100110101010101111001111011110101000000011
000011001001000011000011001100011011101011000001110011101100011101000001111101010101001000010000
010000111001000001111111010100011110011110001111100100101110001010100111001001000000010011110001
101101000010100000001001100100011100011010101001001000011010001010101000000011011101000100010110
000111100010100001011111000000001001010000011100101011010000101011000111010100101110000110001110
101000111100010111111101000001011000110010001111011010010100011110111100000110111011000001101001
110000100010101100001010000010111110100101110000010100010001010100010101101110111110010000000110
001000001000000011000011010001001000101010010010000010110010100001001100111011011001000001001111
101100001101110101011000100101100010101010010001001110001000011001100100010110110111010000000010
111000110001100100010101101011011101001001011111110011001000111010101011101100011010111100010111
001000010100100011011001101010111100011111010000101001101111001101100001111111011110011000000010
011111100110101110100000101110101100011100011001011101010101101011101100110000101011011011101011
000100100011010001101101001101000011110111000000110001101011101111111111000000101010100111000110
100001110100010110010100111100001010111001010110001111101110011001100111101000011010111011110100
111010110010011110001100001100110011010011100101111100000100100101001001001101101010110101100100
110001101000110010011100100001101101010001010010101111010010011011000000100111101110010111111010
000100011101100010110000101100001101110001111100000101111111111011001110001011110100010100111111
100010000001100010001100101101101110001010110111111111010000100101010101110011101110101001100010
011100111111101001000111001110111111111110100010101010110111101111010101111001001100011011100110
100101101000001100110110110011111011011000010100001101110000001011100100110001111111001100001010
101111000110011100100011011111001010011010011011110010100111011010110001100101010101100111011110
000110010000111100110000000001111011010110100011001001111000010010100011001100111100101111100011
001000111101010001110110100010100110010100011110100000001111010000010110110100010000011000100001
111000100010001010110111011011001001111011011100010111111011110010110000110001110110101110101100
000011100110010100011011100011001110111110101011101011001101000100001101001100001101100111001001
111010101011100011111010100101001001100111000110100100111001111010010010101100011010101101001000
000101110110000000101101011110011101010111100101100001010101111000101010101100000111110111011001
100101000111110100001100101010001101000001100001010000010111010000001000111000011101110100111101
011011100010010111100001011000111101001011010100010111100001010100011010110000111110110001001010
011101100010010110111101111000010100101100000001011011110010101010111000001110001000000010110000
111100011010000111111001000100000001110111010111110011100110010001111100010000100001100011000010
110000011100100001101010000111000101101001101011001100011110100110111000110101000011011100100101
100000111110011011000010001011001111100011000011100011001101111111011111011100100011010110011011
111011101011110011000011111101110011110001000111000011000000011111111110011000111100000101101001
100101101100010010000110001000110110000011010101110011001110111111100101001001000000101000110110
110110011010110010011000101000101100110011011110100001000110011111000111011110000101010101110011
000001001100011000010000011110010001100100110100100110000011010001101101001110001000000100011000
101010010010001100100001010010001101001001000100111101011000110101001010001010001110011111110001
011100000010110010011110101000101101010010101100011001011100100100100000111001110101010010010001
100001010000010110100110000100001001100110101011110111000101101011101011010100110011101101100010
111111001011110001011100111100110111110000100001001000001011100100011110000010101100010100000000
011010110001110110100001011110101110101000001101010111001101100111111000111011111011011110000001
010100010010100000101100110010001000011101110001111001011101111010011011101010110000010110110000
010000000110110110011111110111001010010110011110010011011100111010110010011001111101001001011001
101010001101011110110011001001100011111010100111010000101111010001110000010011001101000101000000
110000110100011011001110011101000010000010001001100110010000110111111000111010011011101010101000
001110001000110101100101101101101110000000100011010000000011001110011111111010010111000111110000
110111111101100111010110101001110011111110111100110101110000011111001000010111011001101111010111
001001101100000000100001111101010001101101000000001000010000011001110111110101110110110011010000
011110101010001010101111000000011111000010001001101111001000110101000110100101100010010011000001
101011010001011101100010101110011111111101111001100111101011000111001111000010011011101100111101
000010111000110111000001011001000100011100010011110001111101010010000000101000010110011101000101
001100101110001010001011000101110100101101101001001111110101010001011100011101100111101110011011
100001011010010010110101101100100101011100110001101111001011110110000010111011101000110110001000
100101101000010000011010111111110111111111011111000100101100001101001010110010111010000010110011
001101101001001111001111101011101110010001010010000001100111010000111101000000010001000001010010
010000011011011111110011101000001011010000110001100110010111001100000100110100001110110000011000
001001010101100011000100110000001000110110010010000011010111000110111011010100101001101011011110
110001100101011011100110100011100010000100111010001010000000110011111101101000111110110111101010
101101010010000011110010100110110110001001101100010001011101000101010111010101110100000100110001
011001101111011100111100110011001010011010000000011111101100100101011101000011011110111101110001
010000110010100000101101101001101110110111011000001100110111101111000101111111101010010010111010
111011110001101011101101010101111011101110100000101110010110110011111001010000101011110111100010
101100111100101011111100010000100001100011010101011010111110100001001001011011111011001110100110
000100001111100101011110001000010101110100010101111000110001111110110110100000101001011010110111
010100100001110100110100010100010000010101010001100101111000011001000010111101011100001011000011
101111111000111000110100010100001011011101110101110110000101110111011111001010100010010000010000
100010001001110101110011001010101101000111101010011111111101010101010011001101001000100011000010
011011011001110010100010110001101111001101100001000101011100101010111111000000011001101111111111
111001111011101000111111000110111010100000011100010000010001000011100100000001111000011011101000
000111011001010111001010010000011001010000001000101101011101000111010011100011011000100010110110
001000110110010010101001101111111111010110111000101101000010101100100111010100001000001101011010
111101111011011110011000011000011010000100000111110000101011100011101010100100100010011001011110
110110111000001011000110110111101101101100111101100111000000000010101011000001100000001000011101
000010000111001001010101111100111100010000011000110100011101000000000011110000000011010011110010
000010010110001011110100110001101101011101111000001100010111011001111110110010100000001001010101
111001110011111010001100101011110100100001110101011001111000011100100111010101000100011000010000
001001001010100011011001110000100010100110001000010001001101001010100001010101011010110111111010
110010111001100111110110000011001000111101000000010011101011000010110101100011011111100011001011
110000110100011011110001000111011101100001110101101100111101110010011110001000110000101101001111
010011011010001111111100101100110011111101010011100011110101110010000010010010000100011101001011
