000000000000000000000000000000000000000000000000000000000000000100010111110111100000100011100000
000000000000000000000000000000000000000000000000000000000000100001000011100110111000100011100011
000000000000000000000000000000000000000000000000000000000000010010011101011000010111101100111101
000000000000000000000000000000000000000000000000000000000000110001010101011000101011011101011010
000000000000000000000000000000000000000000000000000000000000001101001101100101110110010001110111
000000000000000000000000000000000000000000000000000000000000110110001010111111000000110100000100
000000000000000000000000000000000000000000000000000000000000100000110011100101000000101100100010
000000000000000000000000000000000000000000000000000000000000000011011100010000010001111100110110
000000000000000000000000000000000000000000000000000000000000100110110000000011010101110000001010
000000000000000000000000000000000000000000000000000000000000011011000110111100011010011101111101
000000000000000000000000000000000000000000000000000000000000101010100000111111011101111111001110
000000000000000000000000000000000000000000000000000000000000011001110000110111000110001011000101
000000000000000000000000000000000000000000000000000000000000000110011100000010100110001100110010
000000000000000000000000000000000000000000000000000000000000011011101001101011000011011010000011
000000000000000000000000000000000000000000000000000000000000011011010100101110110101111100100001
000000000000000000000000000000000000000000000000000000000000110001101101010010110100101000011110
000000000000000000000000000000000000000000000000000000000000111011110000010011100110110000110111
000000000000000000000000000000000000000000000000000000000000011111111011001101011011001110100011
000000000000000000000000000000000000000000000000000000000000010101001010000110011011100101101101
000000000000000000000000000000000000000000000000000000000000100101110100111001101111000000101100
000000000000000000000000000000000000000000000000000000000000010100011111111100010111110110111011
000000000000000000000000000000000000000000000000000000000000111101100100100100110101101100111101
000000000000000000000000000000000000000000000000000000000000001100011000111001010000111001101001
000000000000000000000000000000000000000000000000000000000000101101011100001010000101100011011110
000000000000000000000000000000000000000000000000000000000000010000000100110100111111111101000111
000000000000000000000000000000000000000000000000000000000000101111010011100100101100111001111010
000000000000000000000000000000000000000000000000000000000000010101001110101111000111000000001011
000000000000000000000000000000000000000000000000000000000000000011000011111111011011111000100101
000000000000000000000000000000000000000000000000000000000000100110100001100110110000110100000001
000000000000000000000000000000000000000000000000000000000000011001011110110110011100010010101000
000000000000000000000000000000000000000000000000000000000000101101010011110010011111111010011110
000000000000000000000000000000000000000000000000000000000000000010001010111011100001110010011100
000000000000000000000000000000000000000000000000000000000000010001111011111001111000001101011001
000000000000000000000000000000000000000000000000000000000000111100011001000111111010100101010100
000000000000000000000000000000000000000000000000000000000000101011110100010010010100001111110111
000000000000000000000000000000000000000000000000000000000000011100011001100101001011011001010010
000000000000000000000000000000000000000000000000000000000000101110010101010100110011010010001000
000000000000000000000000000000000000000000000000000000000000111001001000111101001010101100111010
000000000000000000000000000000000000000000000000000000000000011111001011101001101101101011100010
000000000000000000000000000000000000000000000000000000000000001100010101000000010001001111101110
000000000000000000000000000000000000000000000000000000000000000110100000100000100001000100011000
000000000000000000000000000000000000000000000000000000000000100011011111000100000110101011111101
000000000000000000000000000000000000000000000000000000000000111001110111001000001110000110011100
000000000000000000000000000000000000000000000000000000000000100110011001001111011011101111001101
000000000000000000000000000000000000000000000000000000000000111110011110011010100110100010000101
000000000000000000000000000000000000000000000000000000000000000111010001101110000000001001101100
000000000000000000000000000000000000000000000000000000000000001111000110001000110101011011100001
000000000000000000000000000000000000000000000000000000000000010011110001001101000111011111110110
000000000000000000000000000000000000000000000000000000000000011110001011110011010010100100101010
000000000000000000000000000000000000000000000000000000000000100011100000001011001000000100000110
000000000000000000000000000000000000000000000000000000000000101011101000000100111110010110100001
000000000000000000000000000000000000000000000000000000000000110000110000011010101001001001011011
000000000000000000000000000000000000000000000000000000000000011000101000100111011001110000010011
000000000000000000000000000000000000000000000000000000000000010110101001100010100100011100011101
000000000000000000000000000000000000000000000000000000000000010010111010011110110101111101101001
000000000000000000000000000000000000000000000000000000000000010101100001110110111111010101011111
000000000000000000000000000000000000000000000000000000000000100000100010111010001101111111010100
000000000000000000000000000000000000000000000000000000000000010101101110110011111100010000111110
000000000000000000000000000000000000000000000000000000000000000111010110011111110111010001010111
000000000000000000000000000000000000000000000000000000000000001111001011011101000110011011000000
000000000000000000000000000000000000000000000000000000000000001000101000100011010100010000011001
000000000000000000000000000000000000000000000000000000000000111010000100110110011010100101110101
000000000000000000000000000000000000000000000000000000000000101000001001011001110010110011111010
000000000000000000000000000000000000000000000000000000000000000000101011011000011100100101101010
000000000000000000000000000000000000000000000000000000000000101111010110110010101011001110001100
000000000000000000000000000000000000000000000000000000000000000110000010100111100111101101110100
000000000000000000000000000000000000000000000000000000000000000001111010101111111011000111000101
000000000000000000000000000000000000000000000000000000000000101011101000110010101101110011101011
000000000000000000000000000000000000000000000000000000000000000110011011111110111001001000011110
000000000000000000000000000000000000000000000000000000000000111011000010101001001011110010000101
000000000000000000000000000000000000000000000000000000000000101000101000000010101000010101101010
000000000000000000000000000000000000000000000000000000000000110010000000011101110111001010011111
000000000000000000000000000000000000000000000000000000000000001001100010111100111100011100011000
000000000000000000000000000000000000000000000000000000000000010110000010011011100111101100100111
000000000000000000000000000000000000000000000000000000000000101010101101011111100011010010011101
000000000000000000000000000000000000000000000000000000000000011111101010010010110001000100010010
000000000000000000000000000000000000000000000000000000000000110111110111010110000010010110000011
000000000000000000000000000000000000000000000000000000000000111000100001011011001110111100100010
000000000000000000000000000000000000000000000000000000000000000100100000101001110110110001101110
000000000000000000000000000000000000000000000000000000000000011111011101101111110111100011110100
000000000000000000000000000000000000000000000000000000000000001101111011000111101011110101110101
000000000000000000000000000000000000000000000000000000000000001001101001100101110100000000010110
000000000000000000000000000000000000000000000000000000000000101011100010111000010001010011101101
000000000000000000000000000000000000000000000000000000000000010000001110100000100010011000101000
000000000000000000000000000000000000000000000000000000000000111000010010111101001001100001000000
000000000000000000000000000000000000000000000000000000000000100011001111111001010111000000101101
000000000000000000000000000000000000000000000000000000000000010101101111001111100011100000000010
000000000000000000000000000000000000000000000000000000000000101101100011011000110011100101110001
000000000000000000000000000000000000000000000000000000000000110010010001000100100011101010011010
000000000000000000000000000000000000000000000000000000000000000011110001110001111101000001110011
000000000000000000000000000000000000000000000000000000000000111000011110100100111100001101001101
000000000000000000000000000000000000000000000000000000000000011111000001110011011011110111010000
000000000000000000000000000000000000000000000000000000000000101011100100100011010101101001010001
000000000000000000000000000000000000000000000000000000000000101000010101000000101110011100100111
000000000000000000000000000000000000000000000000000000000000101110000010000000100101111100100110
000000000000000000000000000000000000000000000000000000000000000110001001000001001001010110010110
000000000000000000000000000000000000000000000000000000000000000011001111100101001000000010110101
000000000000000000000000000000000000000000000000000000000000010001111111011101100010010110101010
000000000000000000000000000000000000000000000000000000000000001011111011111100001000111111001001
000000000000000000000000000000000000000000000000000000000000011010001010011100001110011101100000
000000000000000000000000000000000000000000000000000000000000010111100011010000111101001010011010
000000000000000000000000000000000000000000000000000000000000011001111111110100011011100111100011
000000000000000000000000000000000000000000000000000000000000101010000111110011110011001100000000
000000000000000000000000000000000000000000000000000000000000001000010001011010100100110110100111
000000000000000000000000000000000000000000000000000000000000100001101111010110100001111101010000
000000000000000000000000000000000000000000000000000000000000010111011100100111110011010010001011
000000000000000000000000000000000000000000000000000000000000010011000000111010111101100101111000
000000000000000000000000000000000000000000000000000000000000001101011000110011110110000110101010
000000000000000000000000000000000000000000000000000000000000010000011100101101100010111110110011
000000000000000000000000000000000000000000000000000000000000010100011100110111101011101110100010
000000000000000000000000000000000000000000000000000000000000011000001101110010101100110100001011
000000000000000000000000000000000000000000000000000000000000110101111011010000011000101000000001
000000000000000000000000000000000000000000000000000000000000101111111010100101110110010011111110
000000000000000000000000000000000000000000000000000000000000000110101011100000011110000100000001
000000000000000000000000000000000000000000000000000000000000011001011111001001101101011011010000
000000000000000000000000000000000000000000000000000000000000101111000100101011010100001001011000
000000000000000000000000000000000000000000000000000000000000110111001010101110110011001011101001
000000000000000000000000000000000000000000000000000000000000101011011101001100100101010010010100
000000000000000000000000000000000000000000000000000000000000100001101101100111001001001100110001
000000000000000000000000000000000000000000000000000000000000100000011100110100001001110101111101
000000000000000000000000000000000000000000000000000000000000000000000010101010110101100010110010
000000000000000000000000000000000000000000000000000000000000011001001101111011010001101110010011
000000000000000000000000000000000000000000000000000000000000010010100101001110101011011000011110
000000000000000000000000000000000000000000000000000000000000100001111001011101011010000000101011
000000000000000000000000000000000000000000000000000000000000100111110010111010010111110001001010
000000000000000000000000000000000000000000000000000000000000000100000011000110001111100001101100
000000000000000000000000000000000000000000000000000000000000011000101001011010101111010110011111
000000000000000000000000000000000000000000000000000000000000100001001101000100000010101011100000
000000000000000000000000000000000000000000000000000000000000011101100100110011000000000001010101
000000000000000000000000000000000000000000000000000000000000001001100011000101111111111110010010
000000000000000000000000000000000000000000000000000000000000110111110110100101011001100011000111
000000000000000000000000000000000000000000000000000000000000011110110011101100001010010000100000
000000000000000000000000000000000000000000000000000000000000110010101110011010110111110010100101
000000000000000000000000000000000000000000000000000000000000110101000110010100100001011100100011
000000000000000000000000000000000000000000000000000000000000100011111001010000110110001110001011
000000000000000000000000000000000000000000000000000000000000011101100101100101011110101010110010
000000000000000000000000000000000000000000000000000000000000111011100101010110000010001010110111
000000000000000000000000000000000000000000000000000000000000100101001001011111111110010001000010
000000000000000000000000000000000000000000000000000000000000010111011100000100101110101100001001
000000000000000000000000000000000000000000000000000000000000110001010101101100111100100111100100
000000000000000000000000000000000000000000000000000000000000001001111111101101110110001110100100
000000000000000000000000000000000000000000000000000000000000100100011000011000100111101100111101
000000000000000000000000000000000000000000000000000000000000000111100101110010101110011101010010
000000000000000000000000000000000000000000000000000000000000100111010111100110100000011111111111
000000000000000000000000000000000000000000000000000000000000011101101110110110111110011011111001
000000000000000000000000000000000000000000000000000000000000100000110000000010000001001110011101
000000000000000000000000000000000000000000000000000000000000100101111000010110101000100011111110
000000000000000000000000000000000000000000000000000000000000100010111111010000100110001010010010
000000000000000000000000000000000000000000000000000000000000011000000111110001011100100000001010
000000000000000000000000000000000000000000000000000000000000000000010110001111111011100101010100
000000000000000000000000000000000000000000000000000000000000010010100001010011010000111111110000
000000000000000000000000000000000000000000000000000000000000111001110010111001111100000101111011
000000000000000000000000000000000000000000000000000000000000111100001101110111101101111101011001
000000000000000000000000000000000000000000000000000000000000110111010001000010101101111011011101
000000000000000000000000000000000000000000000000000000000000111100100011100000001101010111111011
000000000000000000000000000000000000000000000000000000000000100110000000101110011010111000111110
000000000000000000000000000000000000000000000000000000000000110110111001011011001001000110001001
000000000000000000000000000000000000000000000000000000000000010011011001011001010000110010011011
000000000000000000000000000000000000000000000000000000000000010101110010100111000101011111101011
000000000000000000000000000000000000000000000000000000000000111010100110100001101001000001111010
000000000000000000000000000000000000000000000000000000000000001101111101111011010101001111110111
000000000000000000000000000000000000000000000000000000000000111000101000011000001110111000101110
000000000000000000000000000000000000000000000000000000000000011110110100101100100100101100100000
000000000000000000000000000000000000000000000000000000000000010111101010011110101011110111100110
000000000000000000000000000000000000000000000000000000000000010000100011100010000001000111101111
000000000000000000000000000000000000000000000000000000000000100111110110010101110000101011101010
000000000000000000000000000000000000000000000000000000000000110001100011000001010011010001001010
000000000000000000000000000000000000000000000000000000000000101111011010010111100010000011000100
000000000000000000000000000000000000000000000000000000000000111111011111001100111000000111001111
000000000000000000000000000000000000000000000000000000000000110000010000110111111101110110000011
000000000000000000000000000000000000000000000000000000000000101000011100010110000011110111010010
000000000000000000000000000000000000000000000000000000000000100010000011101000111001111110000000
000000000000000000000000000000000000000000000000000000000000100000111111101111111001100001001000
000000000000000000000000000000000000000000000000000000000000101111101100011100011010100011001101
000000000000000000000000000000000000000000000000000000000000111110000000001011011101011111001000
000000000000000000000000000000000000000000000000000000000000001011010010011001111000001100011110
000000000000000000000000000000000000000000000000000000000000010000001000000110010111001101001011
000000000000000000000000000000000000000000000000000000000000110110100000111000101011001100101011
000000000000000000000000000000000000000000000000000000000000000010100001011101110001011000101001
000000000000000000000000000000000000000000000000000000000000001100001001001010000111001110100010
000000000000000000000000000000000000000000000000000000000000110110010010010000001111001111010101
000000000000000000000000000000000000000000000000000000000000010101111100111000110010110111000101
000000000000000000000000000000000000000000000000000000000000110111000001110110011010000010011010
000000000000000000000000000000000000000000000000000000000000011010111010111001011000101011010111
000000000000000000000000000000000000000000000000000000000000111101000001111000001110101110010111
000000000000000000000000000000000000000000000000000000000000000001111000010100101001011011100010
000000000000000000000000000000000000000000000000000000000000010010101110001001010011010000100010
000000000000000000000000000000000000000000000000000000000000111101000011110011101100001010001000
000000000000000000000000000000000000000000000000000000000000010111000000011101100101101111010011
000000000000000000000000000000000000000000000000000000000000011101001100101101000101111110110010
000000000000000000000000000000000000000000000000000000000000010111100010000011100001010011100001
000000000000000000000000000000000000000000000000000000000000000011011001100011111000100001110010
000000000000000000000000000000000000000000000000000000000000111001110100100110010001101001100000
000000000000000000000000000000000000000000000000000000000000010011110110111010101100001101000000
000000000000000000000000000000000000000000000000000000000000010110100110100100100011010001111011
000000000000000000000000000000000000000000000000000000000000100001111011001101011010011111110000
000000000000000000000000000000000000000000000000000000000000111101101100110000001011101100101100
000000000000000000000000000000000000000000000000000000000000100110010000101111111100001010011000
000000000000000000000000000000000000000000000000000000000000100110010000011110011111110110000000
000000000000000000000000000000000000000000000000000000000000100000001001100111111110100101011110
000000000000000000000000000000000000000000000000000000000000011101111110111000100000101100001100
000000000000000000000000000000000000000000000000000000000000101101011110010010100000100111101001
000000000000000000000000000000000000000000000000000000000000100101011100100101000111000111101110
000000000000000000000000000000000000000000000000000000000000101101010011000010100011111110010101
000000000000000000000000000000000000000000000000000000000000111111110011111001011101111111101010
000000000000000000000000000000000000000000000000000000000000110011111000010101111000001011111100
000000000000000000000000000000000000000000000000000000000000000010101100011011111111101010110011
000000000000000000000000000000000000000000000000000000000000101011111100011100100101110100000000
000000000000000000000000000000000000000000000000000000000000001000100111010011111001101010110111
000000000000000000000000000000000000000000000000000000000000110111010010010010110000101011101101
000000000000000000000000000000000000000000000000000000000000100000101010110110110100010101110011
000000000000000000000000000000000000000000000000000000000000011001100010011001110100011001001000
000000000000000000000000000000000000000000000000000000000000111111001100101000100110110011110101
000000000000000000000000000000000000000000000000000000000000001100001111000110000000110001100110
000000000000000000000000000000000000000000000000000000000000101000111001111110001111110000110110
000000000000000000000000000000000000000000000000000000000000110110010111010101111011000111000101
000000000000000000000000000000000000000000000000000000000000011110011000100101110001100000101001
000000000000000000000000000000000000000000000000000000000000000000101001011111101010000001011000
000000000000000000000000000000000000000000000000000000000000011001110111010110110000001010000111
000000000000000000000000000000000000000000000000000000000000100000010011000101010100001011110100
000000000000000000000000000000000000000000000000000000000000111111110010000110100111100101110011
000000000000000000000000000000000000000000000000000000000000001110010000101001011000000110000101
000000000000000000000000000000000000000000000000000000000000110000010010111100010010000100001101
000000000000000000000000000000000000000000000000000000000000110101111000010000000110111001100101
000000000000000000000000000000000000000000000000000000000000010010110001100011010000101111000100
000000000000000000000000000000000000000000000000000000000000010010110110110100110011111010100100
000000000000000000000000000000000000000000000000000000000000001111001101100101011100111001101100
000000000000000000000000000000000000000000000000000000000000010111100000100000000101101100010101
000000000000000000000000000000000000000000000000000000000000101001111110111010110111101110000101
000000000000000000000000000000000000000000000000000000000000100111011001010011110010110000111001
000000000000000000000000000000000000000000000000000000000000110110000011000011011010101100000011
000000000000000000000000000000000000000000000000000000000000001010111011010010111111011001100100
000000000000000000000000000000000000000000000000000000000000011011010001000000110100101100011011
000000000000000000000000000000000000000000000000000000000000000100011100101010111111101001100101
000000000000000000000000000000000000000000000000000000000000110000011011100111111111111110000110
000000000000000000000000000000000000000000000000000000000000110101100101000001011100010110000100
000000000000000000000000000000000000000000000000000000000000010011001001101110110000100111010110
000000000000000000000000000000000000000000000000000000000000100110100000101011101001000011001010
000000000000000000000000000000000000000000000000000000000000011101011100011010100010101001010001
000000000000000000000000000000000000000000000000000000000000111010100011000111110110100101010001
000000000000000000000000000000000000000000000000000000000000001111011110000111000111010000011111
000000000000000000000000000000000000000000000000000000000000011101101011011011101111000100001100
000000000000000000000000000000000000000000000000000000000000000110001000110011100001100011000101
000000000000000000000000000000000000000000000000000000000000000100010111111101101101100101011100
000000000000000000000000000000000000000000000000000000000000111110001101100111111110101111111001
000000000000000000000000000000000000000000000000000000000000001111000010111010011110000111100110
000000000000000000000000000000000000000000000000000000000000001110010001011100001100001011111111
000000000000000000000000000000000000000000000000000000000000010101100011010100000000000010100101
000000000000000000000000000000000000000000000000000000000000010100011000000100111001010011100111
000000000000000000000000000000000000000000000000000000000000001000100011001000101010110011100100
000000000000000000000000000000000000000000000000000000000000010001000100001110001101101010111110
000000000000000000000000000000000000000000000000000000000000101000111111010011010001110111110101
000000000000000000000000000000000000000000000000000000000000110000101100011110100111001111000000
000000000000000000000000000000000000000000000000000000000000001001110101111100001011111011101111
000000000000000000000000000000000000000000000000000000000000111101110101001101110110111000001001
000000000000000000000000000000000000000000000000000000000000010001010001101101110010001101100011
000000000000000000000000000000000000000000000000000000000000001100011111101101111100001010111001
000000000000000000000000000000000000000000000000000000000000100011010011111000101011110101010111
000000000000000000000000000000000000000000000000000000000000011101101011110011110101010011100010
000000000000000000000000000000000000000000000000000000000000111010001001101000100011001111000100
000000000000000000000000000000000000000000000000000000000000111011001111000100101011000100001001
000000000000000000000000000000000000000000000000000000000000010100111100010000110010010011111011
000000000000000000000000000000000000000000000000000000000000111110000101101011011001100010000101
000000000000000000000000000000000000000000000000000000000000101110100011110101111110110101001000
000000000000000000000000000000000000000000000000000000000000010001111101010001111010101011001001
000000000000000000000000000000000000000000000000000000000000101110011010100011110000100111011110
000000000000000000000000000000000000000000000000000000000000001101010101011101010111011010011111
000000000000000000000000000000000000000000000000000000000000001111101110001010101100101111101010
000000000000000000000000000000000000000000000000000000000000101010001000111110111110101110110000
000000000000000000000000000000000000000000000000000000000000100001100111101110110101011001010101
000000000000000000000000000000000000000000000000000000000000001110000010001100110111111110010001
000000000000000000000000000000000000000000000000000000000000011010110100001011000010001111101110
000000000000000000000000000000000000000000000000000000000000111111000011010101111000110001011010
000000000000000000000000000000000000000000000000000000000000001001000101111000011110111101111101
000000000000000000000000000000000000000000000000000000000000001100100010101110101011010010001101
000000000000000000000000000000000000000000000000000000000000110101101010100110011100101010110100
000000000000000000000000000000000000000000000000000000000000010000101100101000001001000100110011
000000000000000000000000000000000000000000000000000000000000111001100101010101010101100110101111
000000000000000000000000000000000000000000000000000000000000011000110100110001001000000100011000
000000000000000000000000000000000000000000000000000000000000001110100101011111100111101110111110
000000000000000000000000000000000000000000000000000000000000110010101000100010111100110011111010
000000000000000000000000000000000000000000000000000000000000011111001110111101001000110100000100
000000000000000000000000000000000000000000000000000000000000000011110001000111001100011010011111
000000000000000000000000000000000000000000000000000000000000100011011111000101000010111100111101
000000000000000000000000000000000000000000000000000000000000111111010111000010001100001000110000
000000000000000000000000000000000000000000000000000000000000101001001010010111011111101100101111
000000000000000000000000000000000000000000000000000000000000001001001010100010110010111001011101
000000000000000000000000000000000000000000000000000000000000110001110011010101100011011101100110
000000000000000000000000000000000000000000000000000000000000110101000110110001001001001001000000
000000000000000000000000000000000000000000000000000000000000100001001010001011011010111110100100
000000000000000000000000000000000000000000000000000000000000101111010011011010111111011111100110
000000000000000000000000000000000000000000000000000000000000000000000111000111011110101000100001
000000000000000000000000000000000000000000000000000000000000110111110111100100110000100111000110
000000000000000000000000000000000000000000000000000000000000010000100110001000101110011010010101
000000000000000000000000000000000000000000000000000000000000010101011000010000001011110011100010
000000000000000000000000000000000000000000000000000000000000001000011100011000010101001100101100
000000000000000000000000000000000000000000000000000000000000111111100010000011111100100100010010
000000000000000000000000000000000000000000000000000000000000000010010101101011010011001010110101
000000000000000000000000000000000000000000000000000000000000010000000000110101010000111111101110
000000000000000000000000000000000000000000000000000000000000110010011110010011001010101101110100
000000000000000000000000000000000000000000000000000000000000011100010001010010001101100001000011
000000000000000000000000000000000000000000000000000000000000000101011110101101101011101011100101
000000000000000000000000000000000000000000000000000000000000100000000010100101000010100101100110
000000000000000000000000000000000000000000000000000000000000011101001111111001001111000011111000
000000000000000000000000000000000000000000000000000000000000101111100100101011100010100111010001
000000000000000000000000000000000000000000000000000000000000110001001111111100100111110010010111
000000000000000000000000000000000000000000000000000000000000110000010010110000101110111000000100
000000000000000000000000000000000000000000000000000000000000011111010100011000010000111111001011
000000000000000000000000000000000000000000000000000000000000000111011000111100100000000100011110
000000000000000000000000000000000000000000000000000000000000100100001101111101111110111001111101
000000000000000000000000000000000000000000000000000000000000110000111110010001100000011110110010
000000000000000000000000000000000000000000000000000000000000110101001011000101010000011101100000
000000000000000000000000000000000000000000000000000000000000111100101111111001000010010100110111
000000000000000000000000000000000000000000000000000000000000000000001001111100010111000001110011
000000000000000000000000000000000000000000000000000000000000111010000001011101001111111000001111
000000000000000000000000000000000000000000000000000000000000001111000100110111001101011100010010
000000000000000000000000000000000000000000000000000000000000100011100111111010101111000111001101
000000000000000000000000000000000000000000000000000000000000100001100000110011010110110001101011
000000000000000000000000000000000000000000000000000000000000101000100001100110100011000100101100
000000000000000000000000000000000000000000000000000000000000010100101100000100001111110111110011
000000000000000000000000000000000000000000000000000000000000111111101011001001110000111010110011
000000000000000000000000000000000000000000000000000000000000101100010011011010111111101000101001
000000000000000000000000000000000000000000000000000000000000000100101011100011111110000011011010
000000000000000000000000000000000000000000000000000000000000010000111101011010101110100111101000
000000000000000000000000000000000000000000000000000000000000011111100001100000011110111010101011
000000000000000000000000000000000000000000000000000000000000010010101001111010010000011001001011
000000000000000000000000000000000000000000000000000000000000110000100010110100101001100010110000
000000000000000000000000000000000000000000000000000000000000111000011110000001001010001011010100
000000000000000000000000000000000000000000000000000000000000110001001001000011000100011000010011
000000000000000000000000000000000000000000000000000000000000101011001100000101000000101101010111
000000000000000000000000000000000000000000000000000000000000011111010111000101100110110010010011
000000000000000000000000000000000000000000000000000000000000100111011011101000001101101011110010
000000000000000000000000000000000000000000000000000000000000101110011110011000100110011110000010
000000000000000000000000000000000000000000000000000000000000101111000010101010011010110001110000
000000000000000000000000000000000000000000000000000000000000110101101011001010110011110111101001
000000000000000000000000000000000000000000000000000000000000001011111011101111010001000111011011
000000000000000000000000000000000000000000000000000000000000100100010000111010111011011100100111
000000000000000000000000000000000000000000000000000000000000101110101010010101100100100011000011
000000000000000000000000000000000000000000000000000000000000110110010011101001010000111110011110
000000000000000000000000000000000000000000000000000000000000111100110111110000001101000110001010
000000000000000000000000000000000000000000000000000000000000011100001101000011111001100010111111
000000000000000000000000000000000000000000000000000000000000110001100010000000100111000110100111
000000000000000000000000000000000000000000000000000000000000010001110101100101001000011100000000
000000000000000000000000000000000000000000000000000000000000000010010011110011000010000000101100
000000000000000000000000000000000000000000000000000000000000001001010010101110000111011101100010
000000000000000000000000000000000000000000000000000000000000000100000110101000010110000010110011
000000000000000000000000000000000000000000000000000000000000011111001011110000001001100101100010
000000000000000000000000000000000000000000000000000000000000010110101000010010000111010110000111
000000000000000000000000000000000000000000000000000000000000010101101100000010011101101001010110
000000000000000000000000000000000000000000000000000000000000000100010000111111110110010010000000
000000000000000000000000000000000000000000000000000000000000001011000110111101111010101110100111
000000000000000000000000000000000000000000000000000000000000110100000111001010101000110011100101
000000000000000000000000000000000000000000000000000000000000000100000110011111110010010011100011
000000000000000000000000000000000000000000000000000000000000111011101000001101110101001111110001
000000000000000000000000000000000000000000000000000000000000101110111011111100001110101011111011
000000000000000000000000000000000000000000000000000000000000010110011100011011001000010011001101
000000000000000000000000000000000000000000000000000000000000111110111010000101111111010101111110
000000000000000000000000000000000000000000000000000000000000010000010100010010010011000110101101
000000000000000000000000000000000000000000000000000000000000001111010111001001011101010100000011
000000000000000000000000000000000000000000000000000000000000111111100110000010010001101001101001
000000000000000000000000000000000000000000000000000000000000111110111000001101110000111000101100
000000000000000000000000000000000000000000000000000000000000011001101111000000001101000010110001
000000000000000000000000000000000000000000000000000000000000111100010010011001000100111000110000
000000000000000000000000000000000000000000000000000000000000001100100111111100101011100110111010
000000000000000000000000000000000000000000000000000000000000110110110011100100000010011001011001
000000000000000000000000000000000000000000000000000000000000011111000110001010000000110110001011
000000000000000000000000000000000000000000000000000000000000001011110101011111010110101011011010
000000000000000000000000000000000000000000000000000000000000000011101111000111101000001111110011
000000000000000000000000000000000000000000000000000000000000000101010001101010011000101010110010
000000000000000000000000000000000000000000000000000000000000010011100000101101101001010001111111
000000000000000000000000000000000000000000000000000000000000011010100111101110001101011100111001
000000000000000000000000000000000000000000000000000000000000010111010110001100111110011011110101
000000000000000000000000000000000000000000000000000000000000001011010101010001101110110010000111
000000000000000000000000000000000000000000000000000000000000101000101100000010011101110011101010
000000000000000000000000000000000000000000000000000000000000110010011011100111111100001001101101
000000000000000000000000000000000000000000000000000000000000100111101001010111010000100110101100
000000000000000000000000000000000000000000000000000000000000011010000101000001000100101000000101
000000000000000000000000000000000000000000000000000000000000111111101100110100101111110101100001
000000000000000000000000000000000000000000000000000000000000101010100001111101110110001100100100
000000000000000000000000000000000000000000000000000000000000010110001001011011110111110001101010
000000000000000000000000000000000000000000000000000000000000001001110111010000110011011010010110
000000000000000000000000000000000000000000000000000000000000111100000000110011110011101111000001
000000000000000000000000000000000000000000000000000000000000001010111011010101111101010001110011
000000000000000000000000000000000000000000000000000000000000100110010010011101011111100001101110
000000000000000000000000000000000000000000000000000000000000011110101110100111101110100110101111
000000000000000000000000000000000000000000000000000000000000100100011001000100010110111011011110
000000000000000000000000000000000000000000000000000000000000000110001010111110101111010100011100
000000000000000000000000000000000000000000000000000000000000011100000010000111101001111101111110
000000000000000000000000000000000000000000000000000000000000000100001111101011001000001100001011
000000000000000000000000000000000000000000000000000000000000101001010111111100010000110000111001
000000000000000000000000000000000000000000000000000000000000110110101001100011101011001011101101
000000000000000000000000000000000000000000000000000000000000101001111001010101110110111000101101
000000000000000000000000000000000000000000000000000000000000111000010111011000111100110001011010
000000000000000000000000000000000000000000000000000000000000010000000101001010000111001010110110
000000000000000000000000000000000000000000000000000000000000110011010110110001011101111110011011
000000000000000000000000000000000000000000000000000000000000100100000110111000010000111000110111
000000000000000000000000000000000000000000000000000000000000111010101011011100010001111000110011
000000000000000000000000000000000000000000000000000000000000101000001110000100011011011010101011
000000000000000000000000000000000000000000000000000000000000100001111110001110000000011000101100
000000000000000000000000000000000000000000000000000000000000111101111010000110100010110001111101
000000000000000000000000000000000000000000000000000000000000011010001001100101111110001100101101
000000000000000000000000000000000000000000000000000000000000100110000001011011101011111011010100
000000000000000000000000000000000000000000000000000000000000110101011000110011001101100101111110
000000000000000000000000000000000000000000000000000000000000111110001100000100100110001011110110
000000000000000000000000000000000000000000000000000000000000100101100000001000011010000100101110
000000000000000000000000000000000000000000000000000000000000001110101111101110111000101010100110
000000000000000000000000000000000000000000000000000000000000111111111101010010111001111010111111
000000000000000000000000000000000000000000000000000000000000101010111001100100010101010100100111
000000000000000000000000000000000000000000000000000000000000101100111001111000000111010110011110
000000000000000000000000000000000000000000000000000000000000100111110100000011110001111001010010
000000000000000000000000000000000000000000000000000000000000110111111101010011010110010100011110
000000000000000000000000000000000000000000000000000000000000101100011100000101001010111000001110
000000000000000000000000000000000000000000000000000000000000101101110001110100110111000100100011
000000000000000000000000000000000000000000000000000000000000111000100010010011010001000000101111
000000000000000000000000000000000000000000000000000000000000110101000001111110111011011001111111
000000000000000000000000000000000000000000000000000000000000111101001001100001000000111111000110
000000000000000000000000000000000000000000000000000000000000011100101111000001110100000111111101
000000000000000000000000000000000000000000000000000000000000001100000001100101111100000000000101
000000000000000000000000000000000000000000000000000000000000000010001010010000000001000100110011
000000000000000000000000000000000000000000000000000000000000001100110001010000100111001000010101
000000000000000000000000000000000000000000000000000000000000001111001011001011001101001000111100
000000000000000000000000000000000000000000000000000000000000000100101101110101100110001100001111
000000000000000000000000000000000000000000000000000000000000011000100011011111101101111001000010
000000000000000000000000000000000000000000000000000000000000110111010110010110111111001111101010
000000000000000000000000000000000000000000000000000000000000100011110000011000010100100001101111
000000000000000000000000000000000000000000000000000000000000101100111001010000111111000001001101
000000000000000000000000000000000000000000000000000000000000100001011010110010111000000011001100
000000000000000000000000000000000000000000000000000000000000010111100110000110000111010110010010
000000000000000000000000000000000000000000000000000000000000010001010101001111100011010100100100
000000000000000000000000000000000000000000000000000000000000011011110100010000010100101110001011
000000000000000000000000000000000000000000000000000000000000011110001101000100100111100010011110
000000000000000000000000000000000000000000000000000000000000101101010000111011000111011000000001
000000000000000000000000000000000000000000000000000000000000001010101011001111010000001000001010
000000000000000000000000000000000000000000000000000000000000100001100001101111011100011110011101
000000000000000000000000000000000000000000000000000000000000101001101111001101100110010111100101
000000000000000000000000000000000000000000000000000000000000001011101000010011111100011111000101
000000000000000000000000000000000000000000000000000000000000011100010001001001001001000001101101
000000000000000000000000000000000000000000000000000000000000101101011111001111011111010110110001
000000000000000000000000000000000000000000000000000000000000000010010000111100110101001000001000
000000000000000000000000000000000000000000000000000000000000100001101011011000111110101000110000
000000000000000000000000000000000000000000000000000000000000011111110000111011101011010011011101
000000000000000000000000000000000000000000000000000000000000110110101011110001011010010110101010
000000000000000000000000000000000000000000000000000000000000110101010111101010101101011010110011
000000000000000000000000000000000000000000000000000000000000000101011001000011100100010000110010
000000000000000000000000000000000000000000000000000000000000001011001110001001010000110011010010
000000000000000000000000000000000000000000000000000000000000100110111000000101000101101011001001
000000000000000000000000000000000000000000000000000000000000011010100111001011011000110101010110
000000000000000000000000000000000000000000000000000000000000101110100010011001110011000000010110
000000000000000000000000000000000000000000000000000000000000110010011111110111000100111011001011
000000000000000000000000000000000000000000000000000000000000111111001111001110001101100000010001
000000000000000000000000000000000000000000000000000000000000111000111010100110010011101110010010
000000000000000000000000000000000000000000000000000000000000011010001010110101100101110000111000
000000000000000000000000000000000000000000000000000000000000101010001010000110000110101100111001
000000000000000000000000000000000000000000000000000000000000100101001001111100000101000011111110
000000000000000000000000000000000000000000000000000000000000110011110010011010111110000110010000
000000000000000000000000000000000000000000000000000000000000001001100101000110110101100110100010
000000000000000000000000000000000000000000000000000000000000111110011001011100011000110101000000
000000000000000000000000000000000000000000000000000000000000100110011110100001101101011111011101
000000000000000000000000000000000000000000000000000000000000011011110001110101100010101011001110
000000000000000000000000000000000000000000000000000000000000001000111010110101000101011001011100
000000000000000000000000000000000000000000000000000000000000111001101001000111001010100000101011
000000000000000000000000000000000000000000000000000000000000101111100111000101001111011011100111
000000000000000000000000000000000000000000000000000000000000111011001010001110100000100100011001
000000000000000000000000000000000000000000000000000000000000100001001110011110101101111100111110
000000000000000000000000000000000000000000000000000000000000000111000100001111110100001101100100
000000000000000000000000000000000000000000000000000000000000101011010010011100001011110010111111
000000000000000000000000000000000000000000000000000000000000011010010100010110110110111001011101
000000000000000000000000000000000000000000000000000000000000100111110001010010100111011000101011
000000000000000000000000000000000000000000000000000000000000101101000111100100111110111001000011
000000000000000000000000000000000000000000000000000000000000111000101010100100011111010011001110
000000000000000000000000000000000000000000000000000000000000000111001010110001111011100110101011
000000000000000000000000000000000000000000000000000000000000000011111000000011111010101000001100
000000000000000000000000000000000000000000000000000000000000111111011111001010110101100110010111
000000000000000000000000000000000000000000000000000000000000010000100000110011110100101100001100
000000000000000000000000000000000000000000000000000000000000000010001010010110110101011110001101
000000000000000000000000000000000000000000000000000000000000000110111111111011000111011100110101
000000000000000000000000000000000000000000000000000000000000001001000011000000001001011110110001
000000000000000000000000000000000000000000000000000000000000111100000110011011001010010010100000
000000000000000000000000000000000000000000000000000000000000000000000010011110100000011010111001
000000000000000000000000000000000000000000000000000000000000110110001110111100000000110010100110
000000000000000000000000000000000000000000000000000000000000001100101111001010010010011001111111
000000000000000000000000000000000000000000000000000000000000110110111100010001110100001011001101
000000000000000000000000000000000000000000000000000000000000001110010111110110111110001101001001
000000000000000000000000000000000000000000000000000000000000000101100001000011011110111110011000
000000000000000000000000000000000000000000000000000000000000111110101111000100000101001011100011
000000000000000000000000000000000000000000000000000000000000001011101001001010111100000001000101
000000000000000000000000000000000000000000000000000000000000101110011011111101111010101001000100
000000000000000000000000000000000000000000000000000000000000111111100011110100010001001110010011
000000000000000000000000000000000000000000000000000000000000001011111110001001000110001010010011
000000000000000000000000000000000000000000000000000000000000110000011101110100100110101001101000
000000000000000000000000000000000000000000000000000000000000011100101100110100001000101000111111
000000000000000000000000000000000000000000000000000000000000100001011100111100010011001101010011
000000000000000000000000000000000000000000000000000000000000000101000100111101010100010001010001
000000000000000000000000000000000000000000000000000000000000010010001000111100010101111100001101
000000000000000000000000000000000000000000000000000000000000011000100001110110000001111011110100
000000000000000000000000000000000000000000000000000000000000110011101110000100001001000011111110
000000000000000000000000000000000000000000000000000000000000001101110000010101100101111011011000
000000000000000000000000000000000000000000000000000000000000100101101011011011001000001010101010
000000000000000000000000000000000000000000000000000000000000010010101100001001100101001010010101
000000000000000000000000000000000000000000000000000000000000110011110100110000010011011110010000
000000000000000000000000000000000000000000000000000000000000101101010010101100001001001000010111
000000000000000000000000000000000000000000000000000000000000010101001100100101100110110111001111
000000000000000000000000000000000000000000000000000000000000000010100000001101010000010011000010
000000000000000000000000000000000000000000000000000000000000111100111010101111110101001110110010
000000000000000000000000000000000000000000000000000000000000001101100011100100100101001010001101
000000000000000000000000000000000000000000000000000000000000101101011011000010010110000000000001
000000000000000000000000000000000000000000000000000000000000100111001000000011001010110011100100
000000000000000000000000000000000000000000000000000000000000000100101011001000100100100010011101
000000000000000000000000000000000000000000000000000000000000000010010010000001100111100010000000
000000000000000000000000000000000000000000000000000000000000111111011011101110011101000100101011
000000000000000000000000000000000000000000000000000000000000101000110010010001111101111100011100
000000000000000000000000000000000000000000000000000000000000011011100011011100011000011000110011
000000000000000000000000000000000000000000000000000000000000111011100010100110101010111011110100
000000000000000000000000000000000000000000000000000000000000111000110101011110100001011101001100
000000000000000000000000000000000000000000000000000000000000111000110100010000001001001001010110
000000000000000000000000000000000000000000000000000000000000000010100011110100100010000010001000
000000000000000000000000000000000000000000000000000000000000111110100110101000100001111111011001
000000000000000000000000000000000000000000000000000000000000000101010111111101111111010000111000
000000000000000000000000000000000000000000000000000000000000101101000000111011001011000101110100
000000000000000000000000000000000000000000000000000000000000001101011111010000011000111010110100
000000000000000000000000000000000000000000000000000000000000000001100001110101010110101001010011
000000000000000000000000000000000000000000000000000000000000100011001000110011100100001000000010
000000000000000000000000000000000000000000000000000000000000011001100101100110111100011110100110
000000000000000000000000000000000000000000000000000000000000101101000110010101011010110111000100
000000000000000000000000000000000000000000000000000000000000110101110000011000111001001010001101
000000000000000000000000000000000000000000000000000000000000011011000100110000101010011100010010
000000000000000000000000000000000000000000000000000000000000000011111100011100111011100111111100
000000000000000000000000000000000000000000000000000000000000011001110001110010110111000000110001
000000000000000000000000000000000000000000000000000000000000101000001110000111000111000001100010
000000000000000000000000000000000000000000000000000000000000001101010011111101001011001011101111
000000000000000000000000000000000000000000000000000000000000000011111111100100001001100110110101
000000000000000000000000000000000000000000000000000000000000011001110101011001110010101101110000
000000000000000000000000000000000000000000000000000000000000001111101100010111000010110111111100
000000000000000000000000000000000000000000000000000000000000110111101001000011110011001100000001
000000000000000000000000000000000000000000000000000000000000110000110000111011010100101010100000
000000000000000000000000000000000000000000000000000000000000101111001010001110110010101010110011
000000000000000000000000000000000000000000000000000000000000100001101100110000010110011011111011
000000000000000000000000000000000000000000000000000000000000110011101101011100100010111001010001
000000000000000000000000000000000000000000000000000000000000101000101010101111000110001100111010
000000000000000000000000000000000000000000000000000000000000000110001110001110110111011001110100
000000000000000000000000000000000000000000000000000000000000101100110100011011000001000111010000
000000000000000000000000000000000000000000000000000000000000110110001101010101100100001001011010
000000000000000000000000000000000000000000000000000000000000000111011000001011101111111000110101
000000000000000000000000000000000000000000000000000000000000111100100010100101000010010100111011
000000000000000000000000000000000000000000000000000000000000011010110101001111101000111011111101
000000000000000000000000000000000000000000000000000000000000010011001011100000011110000110111011
000000000000000000000000000000000000000000000000000000000000001001100101110111111101000011010011
000000000000000000000000000000000000000000000000000000000000110011000110011100010000101101001000
000000000000000000000000000000000000000000000000000000000000111010110010110101000011111100011000
000000000000000000000000000000000000000000000000000000000000010001100001101111100001010001101110
000000000000000000000000000000000000000000000000000000000000010010100100101101010011000101001111
000000000000000000000000000000000000000000000000000000000000011001000010010110000101111001001001
000000000000000000000000000000000000000000000000000000000000000010001100010111100100010101001111
000000000000000000000000000000000000000000000000000000000000100111100100011010001010101010101101
000000000000000000000000000000000000000000000000000000000000011110101011010001000000011101100011
000000000000000000000000000000000000000000000000000000000000000111101101111100111001101000100110
000000000000000000000000000000000000000000000000000000000000010001100000001011111010100010001011
000000000000000000000000000000000000000000000000000000000000100011000110100001010100100111011111
000000000000000000000000000000000000000000000000000000000000011111001110101001110010111111100100
000000000000000000000000000000000000000000000000000000000000001100001111000100011111110010100011
000000000000000000000000000000000000000000000000000000000000010101001110110011000100100011100100
000000000000000000000000000000000000000000000000000000000000001110000001010010001000101001101001
000000000000000000000000000000000000000000000000000000000000001110111000111010110100000111001011
000000000000000000000000000000000000000000000000000000000000110110010101000001101101000011010000
000000000000000000000000000000000000000000000000000000000000110000100101011010011010001110011110
000000000000000000000000000000000000000000000000000000000000000011111011111001111011000101111000
000000000000000000000000000000000000000000000000000000000000110001111011111100011011000001110100
000000000000000000000000000000000000000000000000000000000000000111111011110000000011110011000011
000000000000000000000000000000000000000000000000000000000000101110010100101001011011111011110011
000000000000000000000000000000000000000000000000000000000000010000001100111110010111111111010010
000000000000000000000000000000000000000000000000000000000000000110111100111100010101001001011001
000000000000000000000000000000000000000000000000000000000000001000001001101101011000010011000010
000000000000000000000000000000000000000000000000000000000000011100101101011111111100000001010001
000000000000000000000000000000000000000000000000000000000000000001001110001011000011111000000111
000000000000000000000000000000000000000000000000000000000000110000110101110101111110001011010011
000000000000000000000000000000000000000000000000000000000000010001000010101101000010111110011010
000000000000000000000000000000000000000000000000000000000000011010101010000000111001100100111110
000000000000000000000000000000000000000000000000000000000000101001010110100101010000001000101000
000000000000000000000000000000000000000000000000000000000000011111010101111001000111100111110110
000000000000000000000000000000000000000000000000000000000000000011110111011100011011101111011110
000000000000000000000000000000000000000000000000000000000000001000100101011111001101101101100101
000000000000000000000000000000000000000000000000000000000000111111100000000100000110011101111110
000000000000000000000000000000000000000000000000000000000000110010111011001011001100100010100100
000000000000000000000000000000000000000000000000000000000000000111110000101001011111101010001001
000000000000000000000000000000000000000000000000000000000000110110000110011011111001000100100010
000000000000000000000000000000000000000000000000000000000000010110111001001010100100110100011100
000000000000000000000000000000000000000000000000000000000000111101101010011101100001001001011100
000000000000000000000000000000000000000000000000000000000000110110000101111010111100000101101100
000000000000000000000000000000000000000000000000000000000000000111011011010011000110100100000000
000000000000000000000000000000000000000000000000000000000000010010001010010010001111110111011110
000000000000000000000000000000000000000000000000000000000000001100100010011000101010011000100010
000000000000000000000000000000000000000000000000000000000000011010100000010001110111101000101111
000000000000000000000000000000000000000000000000000000000000101111001101111111111100110110100101
000000000000000000000000000000000000000000000000000000000000010001001010010011101110001010110000
000000000000000000000000000000000000000000000000000000000000110100110101100001110110110111110110
000000000000000000000000000000000000000000000000000000000000101101010001101100010000111010110100
000000000000000000000000000000000000000000000000000000000000010101111100001110111001001010110011
000000000000000000000000000000000000000000000000000000000000000110011011010010011101111011100001
000000000000000000000000000000000000000000000000000000000000100011101001110001000010100001110110
000000000000000000000000000000000000000000000000000000000000100111000101101100001010101001110001
000000000000000000000000000000000000000000000000000000000000000100110001001011101101110001011101
000000000000000000000000000000000000000000000000000000000000010011000001011000000100001010101001
000000000000000000000000000000000000000000000000000000000000101111111011111001111010011001011001
000000000000000000000000000000000000000000000000000000000000000011010110010100110000101110110110
000000000000000000000000000000000000000000000000000000000000010100101110110011100100111101001011
000000000000000000000000000000000000000000000000000000000000001010101110101000100010101010000011
000000000000000000000000000000000000000000000000000000000000100010010101000110110000000001100100
000000000000000000000000000000000000000000000000000000000000110100000101111000011110001001001101
000000000000000000000000000000000000000000000000000000000000010111000100100001010100110001011001
000000000000000000000000000000000000000000000000000000000000010000000011100101011100001101010011
000000000000000000000000000000000000000000000000000000000000011101000001010111111000000011000111
000000000000000000000000000000000000000000000000000000000000001100001110000010101110011011110111
000000000000000000000000000000000000000000000000000000000000000000101010110011000100011011100011
000000000000000000000000000000000000000000000000000000000000110001101010000010110010011110111110
000000000000000000000000000000000000000000000000000000000000101111110001111001000111101010000110
000000000000000000000000000000000000000000000000000000000000010011110011111000001010011000111111
000000000000000000000000000000000000000000000000000000000000110001111011011011110000000101111100
000000000000000000000000000000000000000000000000000000000000010001010100011010110011001100001101
000000000000000000000000000000000000000000000000000000000000011010010101100111000000100001100111
000000000000000000000000000000000000000000000000000000000000101111011111111001011101111111101000
000000000000000000000000000000000000000000000000000000000000001001001101110111111111100110010001
000000000000000000000000000000000000000000000000000000000000101100101101101000010011001000000001
000000000000000000000000000000000000000000000000000000000000101010111101110010101010010001101010
000000000000000000000000000000000000000000000000000000000000110101110101011001011111100001110010
000000000000000000000000000000000000000000000000000000000000100110111111011110111011110100110000
000000000000000000000000000000000000000000000000000000000000010010010010111111000100001011011001
000000000000000000000000000000000000000000000000000000000000001001011111001111110110100001110000
000000000000000000000000000000000000000000000000000000000000010011010001011011110101010011010011
000000000000000000000000000000000000000000000000000000000000010011010011000010011100110001010000
000000000000000000000000000000000000000000000000000000000000101011100010100000111011001101010100
000000000000000000000000000000000000000000000000000000000000011010110101100011000111001010011101
000000000000000000000000000000000000000000000000000000000000000000100101000011101001001101011100
000000000000000000000000000000000000000000000000000000000000000101110110011011110100000111100101
000000000000000000000000000000000000000000000000000000000000000011100111010111110110000000100100
000000000000000000000000000000000000000000000000000000000000000101111101101100101110101100001101
000000000000000000000000000000000000000000000000000000000000111100101001001010100110010101000100
000000000000000000000000000000000000000000000000000000000000001110111100111101111011010011111010
000000000000000000000000000000000000000000000000000000000000000000010011000011111100001010100001
000000000000000000000000000000000000000000000000000000000000010111001001001011001000011110111001
000000000000000000000000000000000000000000000000000000000000110101110101100001001010111000110000
000000000000000000000000000000000000000000000000000000000000110110000001010000011001111101100011
000000000000000000000000000000000000000000000000000000000000000110011001110110011001101110001011
000000000000000000000000000000000000000000000000000000000000111100101111001110000101101001010111
000000000000000000000000000000000000000000000000000000000000000101101000110000010001111011111000
000000000000000000000000000000000000000000000000000000000000101111100001011100101100110001100011
000000000000000000000000000000000000000000000000000000000000010111001111111100110100101011011000
000000000000000000000000000000000000000000000000000000000000000110010111100101001001110011001010
000000000000000000000000000000000000000000000000000000000000000010101001101001010011111001100000
000000000000000000000000000000000000000000000000000000000000101000101111011011011010101111111100
000000000000000000000000000000000000000000000000000000000000011001111001101101110101010001010010
000000000000000000000000000000000000000000000000000000000000010100001010000001011001000001000000
000000000000000000000000000000000000000000000000000000000000000111011010110010100111011000000000
000000000000000000000000000000000000000000000000000000000000110001000111000011100011100100011100
000000000000000000000000000000000000000000000000000000000000010011011101111111001001010111011101
000000000000000000000000000000000000000000000000000000000000100110001100100011000011011011110110
000000000000000000000000000000000000000000000000000000000000101101001010011101110100110000000101
000000000000000000000000000000000000000000000000000000000000000111100101001110110000000001001001
000000000000000000000000000000000000000000000000000000000000000001110010110001010001111111011001
000000000000000000000000000000000000000000000000000000000000001100010111101010011110000001001110
000000000000000000000000000000000000000000000000000000000000011111000100100010100010100111000111
000000000000000000000000000000000000000000000000000000000000011001000010110101000101111111010011
000000000000000000000000000000000000000000000000000000000000111110010101111111010100110100011010
000000000000000000000000000000000000000000000000000000000000001100111101011010110100100111010100
000000000000000000000000000000000000000000000000000000000000100011111001100110110110011001110000
000000000000000000000000000000000000000000000000000000000000000010011110100110111011010101010000
000000000000000000000000000000000000000000000000000000000000011001111100110010001101001001111100
000000000000000000000000000000000000000000000000000000000000011101001101111000110010011000010111
000000000000000000000000000000000000000000000000000000000000001001000110001111011100000001101010
000000000000000000000000000000000000000000000000000000000000111110110010110100011000001011101000
000000000000000000000000000000000000000000000000000000000000000011000010001000011011001001101101
000000000000000000000000000000000000000000000000000000000000011011100001110111111101110010001000
000000000000000000000000000000000000000000000000000000000000101101011011110110100010001010100001
000000000000000000000000000000000000000000000000000000000000111100000011011011000100010000100100
000000000000000000000000000000000000000000000000000000000000001001001110101000000000010110101111
000000000000000000000000000000000000000000000000000000000000101010001110000001000110001011000010
000000000000000000000000000000000000000000000000000000000000000001011000111011010110101010000100
000000000000000000000000000000000000000000000000000000000000011101000011011000011010000101110001
000000000000000000000000000000000000000000000000000000000000101101101011011010011110111100110110
000000000000000000000000000000000000000000000000000000000000010000111000001101100010110000001001
000000000000000000000000000000000000000000000000000000000000010011101011011000000111000010110101
000000000000000000000000000000000000000000000000000000000000001011111010111100000101101011111111
000000000000000000000000000000000000000000000000000000000000010110000100001100001111110010000101
000000000000000000000000000000000000000000000000000000000000011100001011010111011011011011011010
000000000000000000000000000000000000000000000000000000000000011100100110101001001100001000100000
000000000000000000000000000000000000000000000000000000000000010110000001010011001101011001100000
000000000000000000000000000000000000000000000000000000000000101000001111110010010100111001000010
000000000000000000000000000000000000000000000000000000000000101000010010000111001001110000001010
000000000000000000000000000000000000000000000000000000000000000100100010100000010100001111000010
000000000000000000000000000000000000000000000000000000000000000010101010110011111111110111011000
000000000000000000000000000000000000000000000000000000000000101001001011000101111111010100110001
000000000000000000000000000000000000000000000000000000000000000101010000011111000111100001111000
000000000000000000000000000000000000000000000000000000000000010010110010001111011011101001110001
000000000000000000000000000000000000000000000000000000000000000101010100010100001111100011100110
000000000000000000000000000000000000000000000000000000000000001100010000110101000100111001111010
000000000000000000000000000000000000000000000000000000000000010011001110101111011111110011111001
000000000000000000000000000000000000000000000000000000000000000011100000001111101010001111111011
000000000000000000000000000000000000000000000000000000000000101101101010010110110001000011000011
000000000000000000000000000000000000000000000000000000000000100001111111001001010000111101101100
000000000000000000000000000000000000000000000000000000000000011011100111001110111100100011111011
000000000000000000000000000000000000000000000000000000000000010000011110111001000100110110100010
