101000111111110011011001001111000101000000000000000000000000000000000000000000000000000000000000
100000010010000101011000100010001010000000000000000000000000000000000000000000000000000000000000
010100101111111110000001111001110111000000000000000000000000000000000000000000000000000000000000
010110000010110110111100001001101000000000000000000000000000000000000000000000000000000000000000
000100011101010001000001000111111111000000000000000000000000000000000000000000000000000000000000
100000001001001010000001111111110100000000000000000000000000000000000000000000000000000000000000
000101111111001001011110100110111101000000000000000000000000000000000000000000000000000000000000
010101011010010110001101000011100011000000000000000000000000000000000000000000000000000000000000
100111011010101111010111111101111001000000000000000000000000000000000000000000000000000000000000
101110111000000001010000100100110000000000000000000000000000000000000000000000000000000000000000
101001110101110111110100010000111010000000000000000000000000000000000000000000000000000000000000
101010000101000011110000010011111100000000000000000000000000000000000000000000000000000000000000
111010011010010011111111010010100011000000000000000000000000000000000000000000000000000000000000
010111000000000000111111001100010001000000000000000000000000000000000000000000000000000000000000
111111011100101010001010100100001000000000000000000000000000000000000000000000000000000000000000
110010101000010010011000110101100010000000000000000000000000000000000000000000000000000000000000
010111101100000100100100111111001000000000000000000000000000000000000000000000000000000000000000
001010000111001010010001111011111110000000000000000000000000000000000000000000000000000000000000
111110110111011000010010000110110111000000000000000000000000000000000000000000000000000000000000
111110110110010000011111001110001101000000000000000000000000000000000000000000000000000000000000
001010100100010010001100000111100010000000000000000000000000000000000000000000000000000000000000
000011000111110111011100100010001000000000000000000000000000000000000000000000000000000000000000
011100100000010000010100000000111000000000000000000000000000000000000000000000000000000000000000
111001110001111010001010111001101011000000000000000000000000000000000000000000000000000000000000
001101001010110100111011100000000101000000000000000000000000000000000000000000000000000000000000
111000010001011101100001100000011000000000000000000000000000000000000000000000000000000000000000
000010000101001000110110001011100110000000000000000000000000000000000000000000000000000000000000
110001011100101011001101000100100100000000000000000000000000000000000000000000000000000000000000
110010101001101110100010110001101110000000000000000000000000000000000000000000000000000000000000
001011110010100111001010110100100101000000000000000000000000000000000000000000000000000000000000
011101110011100111000001111010101110000000000000000000000000000000000000000000000000000000000000
111000011011100111100111101101111111000000000000000000000000000000000000000000000000000000000000
101001100001100110001111111000110110000000000000000000000000000000000000000000000000000000000000
011001011010100000001011011110101010000000000000000000000000000000000000000000000000000000000000
011000001111000000001100111110001000000000000000000000000000000000000000000000000000000000000000
101011011001111101110110001010110101000000000000000000000000000000000000000000000000000000000000
001110010001110110101101111100110010000000000000000000000000000000000000000000000000000000000000
001100010011100101110101110110000000000000000000000000000000000000000000000000000000000000000000
000110101111010111110010100000101101000000000000000000000000000000000000000000000000000000000000
110110011111010001010001100001100101000000000000000000000000000000000000000000000000000000000000
010000110101110001111100110010110001000000000000000000000000000000000000000000000000000000000000
010111110011010110111110001101011110000000000000000000000000000000000000000000000000000000000000
011101001110101000000100110110010110000000000000000000000000000000000000000000000000000000000000
100011011010011000100000000000011111000000000000000000000000000000000000000000000000000000000000
101101111100110001000011010001110110000000000000000000000000000000000000000000000000000000000000
110001111001101001101010011110100011000000000000000000000000000000000000000000000000000000000000
111100000111110111101000110010111111000000000000000000000000000000000000000000000000000000000000
001001111011010101111111001010101001000000000000000000000000000000000000000000000000000000000000
011000001011101101001100100000111011000000000000000000000000000000000000000000000000000000000000
101101011011001000011101100000010000000000000000000000000000000000000000000000000000000000000000
011110111101011011110100110001000100000000000000000000000000000000000000000000000000000000000000
000111101100011100000111011011000011000000000000000000000000000000000000000000000000000000000000
001001101011011000011001100011111011000000000000000000000000000000000000000000000000000000000000
001001100000110010100110111110101010000000000000000000000000000000000000000000000000000000000000
001000000101010100010010001011011001000000000000000000000000000000000000000000000000000000000000
111011011000000001100100111100011000000000000000000000000000000000000000000000000000000000000000
000011111110010100011110010110001111000000000000000000000000000000000000000000000000000000000000
000000101111101100101001110101111101000000000000000000000000000000000000000000000000000000000000
110101100010001101001010101111010111000000000000000000000000000000000000000000000000000000000000
110101100011000101110011100001010101000000000000000000000000000000000000000000000000000000000000
001000011101010000110001000111001000000000000000000000000000000000000000000000000000000000000000
110111011110000011110001001000100010000000000000000000000000000000000000000000000000000000000000
101010101001011001110001000101001101000000000000000000000000000000000000000000000000000000000000
011110001000011101001100011001011100000000000000000000000000000000000000000000000000000000000000
000011111101100100001101001000100010000000000000000000000000000000000000000000000000000000000000
111111101011101111000100111010010001000000000000000000000000000000000000000000000000000000000000
101101000000000001000110100111010110000000000000000000000000000000000000000000000000000000000000
111000111110000100110011110100001111000000000000000000000000000000000000000000000000000000000000
010011110110010100001111111100000000000000000000000000000000000000000000000000000000000000000000
000001000001011110111110111110010110000000000000000000000000000000000000000000000000000000000000
101011110010110101011001101001000011000000000000000000000000000000000000000000000000000000000000
011000011100010001101100100100001111000000000000000000000000000000000000000000000000000000000000
011000000011100101000010010010111101000000000000000000000000000000000000000000000000000000000000
111000111100001010110010101001100010000000000000000000000000000000000000000000000000000000000000
011000001000000001000001111101100100000000000000000000000000000000000000000000000000000000000000
100110110111000110000011101100000010000000000000000000000000000000000000000000000000000000000000
001100101010010100100100010011011100000000000000000000000000000000000000000000000000000000000000
001110010000001101100111001000000100000000000000000000000000000000000000000000000000000000000000
000101100011011000011010101110001001000000000000000000000000000000000000000000000000000000000000
101111100000011111111001010111000100000000000000000000000000000000000000000000000000000000000000
101001011001000111000011010011011010000000000000000000000000000000000000000000000000000000000000
110001010001100101110101000100100011000000000000000000000000000000000000000000000000000000000000
110011011111111110011110010011001000000000000000000000000000000000000000000000000000000000000000
101000000111001111111100001010000100000000000000000000000000000000000000000000000000000000000000
010101001010011111100110111001101011000000000000000000000000000000000000000000000000000000000000
001101000110010010101111110011010000000000000000000000000000000000000000000000000000000000000000
001011010110111001111110000001000001000000000000000000000000000000000000000000000000000000000000
010000000001011110111100111011111111000000000000000000000000000000000000000000000000000000000000
011101011010000011011111001101101100000000000000000000000000000000000000000000000000000000000000
111010000111001001011000011100101010000000000000000000000000000000000000000000000000000000000000
111001000010100110010011101100100101000000000000000000000000000000000000000000000000000000000000
000101101011010100100101111010110111000000000000000000000000000000000000000000000000000000000000
001100001001011110010111100100101111000000000000000000000000000000000000000000000000000000000000
101010100011101111110111100111111110000000000000000000000000000000000000000000000000000000000000
110100011110100001111110100010100010000000000000000000000000000000000000000000000000000000000000
101110101100000000111010100101001100000000000000000000000000000000000000000000000000000000000000
111111110010111011100100010010011000000000000000000000000000000000000000000000000000000000000000
011001011100111011100111010100111000000000000000000000000000000000000000000000000000000000000000
110101011111001110100011111000100110000000000000000000000000000000000000000000000000000000000000
100011000011100011111011101101011011000000000000000000000000000000000000000000000000000000000000
101000100010000100100011001100001000000000000000000000000000000000000000000000000000000000000000
010011001011110000011011111100100000000000000000000000000000000000000000000000000000000000000000
011100110010100111000011111101110010000000000000000000000000000000000000000000000000000000000000
011101111111001001000111100100001010000000000000000000000000000000000000000000000000000000000000
101100110001100011110101100100110001000000000000000000000000000000000000000000000000000000000000
111110010010011111010100000000010010000000000000000000000000000000000000000000000000000000000000
011010000110111010010110110110010100000000000000000000000000000000000000000000000000000000000000
000110111000011000011000100100001110000000000000000000000000000000000000000000000000000000000000
000000110000010010110101001110110111000000000000000000000000000000000000000000000000000000000000
010001100001101101101111001011011001000000000000000000000000000000000000000000000000000000000000
011000010000000010001010101011110101000000000000000000000000000000000000000000000000000000000000
110111100011010111010101000010001100000000000000000000000000000000000000000000000000000000000000
000110101110100100011111111111110101000000000000000000000000000000000000000000000000000000000000
011011001000111000111000001110100101000000000000000000000000000000000000000000000000000000000000
010010011101001011111110100101010100000000000000000000000000000000000000000000000000000000000000
110110000111101100001011110101001001000000000000000000000000000000000000000000000000000000000000
110011100111111111100000011010011001000000000000000000000000000000000000000000000000000000000000
000001101001011010011101110001100101000000000000000000000000000000000000000000000000000000000000
111110101010111101111001001000000100000000000000000000000000000000000000000000000000000000000000
010110100000011011101001101101010100000000000000000000000000000000000000000000000000000000000000
010110101110111101000000100100011001000000000000000000000000000000000000000000000000000000000000
001010111000111111011010001110010001000000000000000000000000000000000000000000000000000000000000
010110000000000101111011011110011110000000000000000000000000000000000000000000000000000000000000
110011000110100000001000011101101100000000000000000000000000000000000000000000000000000000000000
010011010100101111110110011010101001000000000000000000000000000000000000000000000000000000000000
011111101111100100111111010001010010000000000000000000000000000000000000000000000000000000000000
100010010001110110110111000110000010000000000000000000000000000000000000000000000000000000000000
101111000100111010010111000010101001000000000000000000000000000000000000000000000000000000000000
010111101010010110000010101100010101000000000000000000000000000000000000000000000000000000000000
100010011010100100001010101111010000000000000000000000000000000000000000000000000000000000000000
000001011101110011001011111111101010000000000000000000000000000000000000000000000000000000000000
011101111100100101001100011001101001000000000000000000000000000000000000000000000000000000000000
100100110011000101000111011111101100000000000000000000000000000000000000000000000000000000000000
010111100111001110001111101101001100000000000000000000000000000000000000000000000000000000000000
011101110100110010001110001111001110000000000000000000000000000000000000000000000000000000000000
101101110001001101101011111011001000000000000000000000000000000000000000000000000000000000000000
010010110011001010011000010101101110000000000000000000000000000000000000000000000000000000000000
000100110100110100000111111000100011000000000000000000000000000000000000000000000000000000000000
000101100001000010000101111011101001000000000000000000000000000000000000000000000000000000000000
001111101110001011101010011010011101000000000000000000000000000000000000000000000000000000000000
010000111010001010110001001000111110000000000000000000000000000000000000000000000000000000000000
001000000001010000011011000111011111000000000000000000000000000000000000000000000000000000000000
111101010101101101010100000011001111000000000000000000000000000000000000000000000000000000000000
001111011001011100101110001101000000000000000000000000000000000000000000000000000000000000000000
111100001011101011001010011011011110000000000000000000000000000000000000000000000000000000000000
010011100110100111100100110100111101000000000000000000000000000000000000000000000000000000000000
110011101010100101000000101101111010000000000000000000000000000000000000000000000000000000000000
001101000000001111110101001100010100000000000000000000000000000000000000000000000000000000000000
101010100110101001100100101011000001000000000000000000000000000000000000000000000000000000000000
111111101101001000110111110100010010000000000000000000000000000000000000000000000000000000000000
011011001110101100110101001111010110000000000000000000000000000000000000000000000000000000000000
111111010000110100011001001101010000000000000000000000000000000000000000000000000000000000000000
111111101000110001100001000010000000000000000000000000000000000000000000000000000000000000000000
011110101000011001101001111000000100000000000000000000000000000000000000000000000000000000000000
011011100111110111101101011111110101000000000000000000000000000000000000000000000000000000000000
101010011000100111111011011010010101000000000000000000000000000000000000000000000000000000000000
101000001001000010110100001101001100000000000000000000000000000000000000000000000000000000000000
101100010100101010111000001001011100000000000000000000000000000000000000000000000000000000000000
111010110010000011111011011110101000000000000000000000000000000000000000000000000000000000000000
100101010111000001010010000110000100000000000000000000000000000000000000000000000000000000000000
000011001110101101110010101010111010000000000000000000000000000000000000000000000000000000000000
111100100111000101101101100111100011000000000000000000000000000000000000000000000000000000000000
100000100110100001110111110011110000000000000000000000000000000000000000000000000000000000000000
000010010000101010101110011001011110000000000000000000000000000000000000000000000000000000000000
111101010000010110010101101100100001000000000000000000000000000000000000000000000000000000000000
001011110110000110110010101111001100000000000000000000000000000000000000000000000000000000000000
111101000010010110010000110101010010000000000000000000000000000000000000000000000000000000000000
111001001010000010010101001101010000000000000000000000000000000000000000000000000000000000000000
101110100001000110100100100100110110000000000000000000000000000000000000000000000000000000000000
111010000110111110001001111000011110000000000000000000000000000000000000000000000000000000000000
001011110001001100010111111101101010000000000000000000000000000000000000000000000000000000000000
011100011101001111101101011100100110000000000000000000000000000000000000000000000000000000000000
011100101101000010101111001010011010000000000000000000000000000000000000000000000000000000000000
111010000111101010100000111011011001000000000000000000000000000000000000000000000000000000000000
000010110111001010001100100111011001000000000000000000000000000000000000000000000000000000000000
100100001001000001011110011010110001000000000000000000000000000000000000000000000000000000000000
000011111000110100110111001011100000000000000000000000000000000000000000000000000000000000000000
000100001011010000111010110001101100000000000000000000000000000000000000000000000000000000000000
010000000001001011011101011001111110000000000000000000000000000000000000000000000000000000000000
010000001100111100010111001000111101000000000000000000000000000000000000000000000000000000000000
100011110110010110000100010101010010000000000000000000000000000000000000000000000000000000000000
000110110000011101100011100111101111000000000000000000000000000000000000000000000000000000000000
010001011111100011000011010111111000000000000000000000000000000000000000000000000000000000000000
000001000000001100001101001011010101000000000000000000000000000000000000000000000000000000000000
000100010010000011111110011001011000000000000000000000000000000000000000000000000000000000000000
000110101111100011001110100100010011000000000000000000000000000000000000000000000000000000000000
010000101101011000011011111110111101000000000000000000000000000000000000000000000000000000000000
111100000100001001110010100101111100000000000000000000000000000000000000000000000000000000000000
011000100110011100010101100111111011000000000000000000000000000000000000000000000000000000000000
010110001100001101111001000001110001000000000000000000000000000000000000000000000000000000000000
111100110111000110010101111110100110000000000000000000000000000000000000000000000000000000000000
010010000100001001100110010100101101000000000000000000000000000000000000000000000000000000000000
110101011101101001001011000011100110000000000000000000000000000000000000000000000000000000000000
111010000010111111101011111101111000000000000000000000000000000000000000000000000000000000000000
000001111010100100000101110100000100000000000000000000000000000000000000000000000000000000000000
001000001000000111111001101100001001000000000000000000000000000000000000000000000000000000000000
000011000000111010100101010001111100000000000000000000000000000000000000000000000000000000000000
001111011100110001100111001011110011000000000000000000000000000000000000000000000000000000000000
010101101111001110100100000111110101000000000000000000000000000000000000000000000000000000000000
001100011111101010010001001010011000000000000000000000000000000000000000000000000000000000000000
010111011100001100001011010011000101000000000000000000000000000000000000000000000000000000000000
111010010000001011111101010100101000000000000000000000000000000000000000000000000000000000000000
010000101110000111000100010011011011000000000000000000000000000000000000000000000000000000000000
100011110110011001110011110110101111000000000000000000000000000000000000000000000000000000000000
000000010111101100100110000010111011000000000000000000000000000000000000000000000000000000000000
010111101000000011101010101101101100000000000000000000000000000000000000000000000000000000000000
100101001010000111011111100111100110000000000000000000000000000000000000000000000000000000000000
110100100110100000110110101000001110000000000000000000000000000000000000000000000000000000000000
010001000011001100000010111101010010000000000000000000000000000000000000000000000000000000000000
110010010110000111011100100101100011000000000000000000000000000000000000000000000000000000000000
111111101100111010111110000001000011000000000000000000000000000000000000000000000000000000000000
010100011100100101011100010000000110000000000000000000000000000000000000000000000000000000000000
010111010010011011000111101111110111000000000000000000000000000000000000000000000000000000000000
101101100111111100101000110011110110000000000000000000000000000000000000000000000000000000000000
110011100111101100000100110100110010000000000000000000000000000000000000000000000000000000000000
000110000111011010100001000000010011000000000000000000000000000000000000000000000000000000000000
010010101010111000110011100011110011000000000000000000000000000000000000000000000000000000000000
010101100100100110100010000110001001000000000000000000000000000000000000000000000000000000000000
101101010001011010000001001110110011000000000000000000000000000000000000000000000000000000000000
101011001010110111101001111100101000000000000000000000000000000000000000000000000000000000000000
101011111001010001100010000011001111000000000000000000000000000000000000000000000000000000000000
001100101101000111010111000010000101000000000000000000000000000000000000000000000000000000000000
111000000010000001000101101110100011000000000000000000000000000000000000000000000000000000000000
011101011110010000000001000010111011000000000000000000000000000000000000000000000000000000000000
000110111101101001111100111001010110000000000000000000000000000000000000000000000000000000000000
000001010101110110101111000000110001000000000000000000000000000000000000000000000000000000000000
111001100101100111010101011000010011000000000000000000000000000000000000000000000000000000000000
000011111001010000101000001001001001000000000000000000000000000000000000000000000000000000000000
100100010011001011001011110110110100000000000000000000000000000000000000000000000000000000000000
101101011110010100010110100000110101000000000000000000000000000000000000000000000000000000000000
101010000010100010100101101010100011000000000000000000000000000000000000000000000000000000000000
011010000010010110101100010011100100000000000000000000000000000000000000000000000000000000000000
011011010011000010100110011000111100000000000000000000000000000000000000000000000000000000000000
001000000011101000111111101010100011000000000000000000000000000000000000000000000000000000000000
101101000010001110010111111100010011000000000000000000000000000000000000000000000000000000000000
100010000000000000111101110101110100000000000000000000000000000000000000000000000000000000000000
111001000001101101111101110011010101000000000000000000000000000000000000000000000000000000000000
101000001111000001100000101001011001000000000000000000000000000000000000000000000000000000000000
110010010001111100110101001000010001000000000000000000000000000000000000000000000000000000000000
010011111100000111010000111001000100000000000000000000000000000000000000000000000000000000000000
000101011110111100000100001000000111000000000000000000000000000000000000000000000000000000000000
010000010011010111010010100110011100000000000000000000000000000000000000000000000000000000000000
111010100101010110100011001100100011000000000000000000000000000000000000000000000000000000000000
110001100000100001011000010000000101000000000000000000000000000000000000000000000000000000000000
111000000001000110100001001111110110000000000000000000000000000000000000000000000000000000000000
100101111011000000100111110101110010000000000000000000000000000000000000000000000000000000000000
110111000011101110100001011111000101000000000000000000000000000000000000000000000000000000000000
110000100000011110010110101111010000000000000000000000000000000000000000000000000000000000000000
000001010001110011110111111011100010000000000000000000000000000000000000000000000000000000000000
101100010001000011001001011110100101000000000000000000000000000000000000000000000000000000000000
101100110111010110011010101001010001000000000000000000000000000000000000000000000000000000000000
110010110111001000010110010011100001000000000000000000000000000000000000000000000000000000000000
000101011101110111001001110011010001000000000000000000000000000000000000000000000000000000000000
111001001110010110001111100001100110000000000000000000000000000000000000000000000000000000000000
001111111111011101100011001010011001000000000000000000000000000000000000000000000000000000000000
111010101000111001010111010110010001000000000000000000000000000000000000000000000000000000000000
110010010111110011011010001111110001000000000000000000000000000000000000000000000000000000000000
011000001010110110001011100000000000000000000000000000000000000000000000000000000000000000000000
111000100001011000011011110000101101000000000000000000000000000000000000000000000000000000000000
100100110110011011001001010010010010000000000000000000000000000000000000000000000000000000000000
100110011100111101110011100011111011000000000000000000000000000000000000000000000000000000000000
101101011101110110110100001111100010000000000000000000000000000000000000000000000000000000000000
000000011011110100101101111100101110000000000000000000000000000000000000000000000000000000000000
001110111010010100111100100110110110000000000000000000000000000000000000000000000000000000000000
100010110101010011100100110100010011000000000000000000000000000000000000000000000000000000000000
010101110011001011011010110010101011000000000000000000000000000000000000000000000000000000000000
100001100111110000000100110110100010000000000000000000000000000000000000000000000000000000000000
001100100101110100011000010011010110000000000000000000000000000000000000000000000000000000000000
100100101101011110100000111001011010000000000000000000000000000000000000000000000000000000000000
011110001011000110111101010000100011000000000000000000000000000000000000000000000000000000000000
110111001100111110011000111110110000000000000000000000000000000000000000000000000000000000000000
010100010010101111010111100100110111000000000000000000000000000000000000000000000000000000000000
011110110010111001100101110010110011000000000000000000000000000000000000000000000000000000000000
000001010011011101110011010000110000000000000000000000000000000000000000000000000000000000000000
011010010111101011010111000111110000000000000000000000000000000000000000000000000000000000000000
111110001101011010101111111101111100000000000000000000000000000000000000000000000000000000000000
110000000100111011000000001110110110000000000000000000000000000000000000000000000000000000000000
100000000101110110010111010001101000000000000000000000000000000000000000000000000000000000000000
000001000111111011111010000100100111000000000000000000000000000000000000000000000000000000000000
100001010011010001100000000101101110000000000000000000000000000000000000000000000000000000000000
100101010000000100010101010100000101000000000000000000000000000000000000000000000000000000000000
000101100110001000100001011101011011000000000000000000000000000000000000000000000000000000000000
011110011110100011000011100101001110000000000000000000000000000000000000000000000000000000000000
101001101110000010101101111111110011000000000000000000000000000000000000000000000000000000000000
000100011111110000100001101001011100000000000000000000000000000000000000000000000000000000000000
010110010011111000100100011001011011000000000000000000000000000000000000000000000000000000000000
001000111000100101000001111110111111000000000000000000000000000000000000000000000000000000000000
110100001111010111011010110011010101000000000000000000000000000000000000000000000000000000000000
100011000101101111011110010100111110000000000000000000000000000000000000000000000000000000000000
001011101001010111111101011101000100000000000000000000000000000000000000000000000000000000000000
100100100010001011000010010010100101000000000000000000000000000000000000000000000000000000000000
100011000101111011101010011101110101000000000000000000000000000000000000000000000000000000000000
111111110101010000011001010011101111000000000000000000000000000000000000000000000000000000000000
100010111111001100001101011010000111000000000000000000000000000000000000000000000000000000000000
111011100010110110111000110001110010000000000000000000000000000000000000000000000000000000000000
001100010011100001001010001011000110000000000000000000000000000000000000000000000000000000000000
111111010100111010111000000001000110000000000000000000000000000000000000000000000000000000000000
111000001100101010010101000111000111000000000000000000000000000000000000000000000000000000000000
111100010111101111110001010010111000000000000000000000000000000000000000000000000000000000000000
010100110000000100010011011010100010000000000000000000000000000000000000000000000000000000000000
000101001001110101010111111111101111000000000000000000000000000000000000000000000000000000000000
101000110011101110000100111111100100000000000000000000000000000000000000000000000000000000000000
000101011110001000010000010111001100000000000000000000000000000000000000000000000000000000000000
101100100100101011001011111011110011000000000000000000000000000000000000000000000000000000000000
111111111110000110000110111100011101000000000000000000000000000000000000000000000000000000000000
111010110010000011110011100011010101000000000000000000000000000000000000000000000000000000000000
010111100110101000111011011000010000000000000000000000000000000000000000000000000000000000000000
101100001101100011011010100000100111000000000000000000000000000000000000000000000000000000000000
001001001011011110101011101010110010000000000000000000000000000000000000000000000000000000000000
010010001011110011000001100111110010000000000000000000000000000000000000000000000000000000000000
111101111010111101101001011111101011000000000000000000000000000000000000000000000000000000000000
011111001000011101110010110101010100000000000000000000000000000000000000000000000000000000000000
110101010010101001001001111000001001000000000000000000000000000000000000000000000000000000000000
011111000100011111000000111101101101000000000000000000000000000000000000000000000000000000000000
111001111001000000000100010010101110000000000000000000000000000000000000000000000000000000000000
111000011110110011101110110011111010000000000000000000000000000000000000000000000000000000000000
000011111101011100101111001001000011000000000000000000000000000000000000000000000000000000000000
000110101000010001011010111011001001000000000000000000000000000000000000000000000000000000000000
110110111001011010000000110101111111000000000000000000000000000000000000000000000000000000000000
000100010011100110111111010011000011000000000000000000000000000000000000000000000000000000000000
110100000100101101001111101100011000000000000000000000000000000000000000000000000000000000000000
100111101101111010110011011000110000000000000000000000000000000000000000000000000000000000000000
010111011010011111110111010101111111000000000000000000000000000000000000000000000000000000000000
000111111011101111011111111000011000000000000000000000000000000000000000000000000000000000000000
101111101011111111001011010011100110000000000000000000000000000000000000000000000000000000000000
111100110011000111101100010011010001000000000000000000000000000000000000000000000000000000000000
001010101000001010111100010000110011000000000000000000000000000000000000000000000000000000000000
010111001110010001010110000101000000000000000000000000000000000000000000000000000000000000000000
001101011001110001110000010111001000000000000000000000000000000000000000000000000000000000000000
110001011100001111111100010010111111000000000000000000000000000000000000000000000000000000000000
000111111010101100111100111100001111000000000000000000000000000000000000000000000000000000000000
000010101011001011001110101100110000000000000000000000000000000000000000000000000000000000000000
110000011110110000001001110001110111000000000000000000000000000000000000000000000000000000000000
110001101001100101101111001111011101000000000000000000000000000000000000000000000000000000000000
100101010001101000110011101010101111000000000000000000000000000000000000000000000000000000000000
111011111001100101110010011110101101000000000000000000000000000000000000000000000000000000000000
011100001100111110111110001111101110000000000000000000000000000000000000000000000000000000000000
011011001000101010001100011010101111000000000000000000000000000000000000000000000000000000000000
110110011110111010010111010010100100000000000000000000000000000000000000000000000000000000000000
000011011101100111001010010101010111000000000000000000000000000000000000000000000000000000000000
100100011111000001010111011101010010000000000000000000000000000000000000000000000000000000000000
010111101110011011001111100000110000000000000000000000000000000000000000000000000000000000000000
111111010000000101000111011000001101000000000000000000000000000000000000000000000000000000000000
000001001010111111011101110011011010000000000000000000000000000000000000000000000000000000000000
111001000010001110010011011011001010000000000000000000000000000000000000000000000000000000000000
100101100100010100101110000001101001000000000000000000000000000000000000000000000000000000000000
110001001111111110110010001111110110000000000000000000000000000000000000000000000000000000000000
101000011100110011001100010100000001000000000000000000000000000000000000000000000000000000000000
010110011101000011011101011110110001000000000000000000000000000000000000000000000000000000000000
010110010001000000110101001010011100000000000000000000000000000000000000000000000000000000000000
111011011010100101110111110111010111000000000000000000000000000000000000000000000000000000000000
111001100010010010010010011100010101000000000000000000000000000000000000000000000000000000000000
011001100111001010010110001000011010000000000000000000000000000000000000000000000000000000000000
000100010000110011010011001000111001000000000000000000000000000000000000000000000000000000000000
010010000000111100011111100101111110000000000000000000000000000000000000000000000000000000000000
001111010100111100100111111110110011000000000000000000000000000000000000000000000000000000000000
000110110010010001001010000010000111000000000000000000000000000000000000000000000000000000000000
001101100100100010111110110111110010000000000000000000000000000000000000000000000000000000000000
110110011010110100001001011111111101000000000000000000000000000000000000000000000000000000000000
100011010010001101111100110111001101000000000000000000000000000000000000000000000000000000000000
111000111000101111011001010110101101000000000000000000000000000000000000000000000000000000000000
110110110100010001101010010110010110000000000000000000000000000000000000000000000000000000000000
110110000110010111001010111110010001000000000000000000000000000000000000000000000000000000000000
110101000100100001011010111110011000000000000000000000000000000000000000000000000000000000000000
001011101110101100100110101100011110000000000000000000000000000000000000000000000000000000000000
010100011100001000111000001010111011000000000000000000000000000000000000000000000000000000000000
001001101111000100001111111110010011000000000000000000000000000000000000000000000000000000000000
000101100111101100001100100111001010000000000000000000000000000000000000000000000000000000000000
011110001011100110000000011101110010000000000000000000000000000000000000000000000000000000000000
001011101100110101010110011000001001000000000000000000000000000000000000000000000000000000000000
101100111100111110100100010001001111000000000000000000000000000000000000000000000000000000000000
000110011100011000110011101000101111000000000000000000000000000000000000000000000000000000000000
110110110110110101011000000001011100000000000000000000000000000000000000000000000000000000000000
011011000110100001010110101011101101000000000000000000000000000000000000000000000000000000000000
000001100001001111001010001101000101000000000000000000000000000000000000000000000000000000000000
010001110101101000010110100010011010000000000000000000000000000000000000000000000000000000000000
010100110000001100010010001100010110000000000000000000000000000000000000000000000000000000000000
010000010000011000010101000100100111000000000000000000000000000000000000000000000000000000000000
011011110101111110000110010010100001000000000000000000000000000000000000000000000000000000000000
001110010001010100001101001101000001000000000000000000000000000000000000000000000000000000000000
000100000111010111101100111110000100000000000000000000000000000000000000000000000000000000000000
011001110010100101110111011001101100000000000000000000000000000000000000000000000000000000000000
000011000100011111011010000010111111000000000000000000000000000000000000000000000000000000000000
101011100100100100111001001001101010000000000000000000000000000000000000000000000000000000000000
101110111000000111001101111101010100000000000000000000000000000000000000000000000000000000000000
001111110010100110101000101000010110000000000000000000000000000000000000000000000000000000000000
111001111110100010010001111100000011000000000000000000000000000000000000000000000000000000000000
000011100100000110011100100010001101000000000000000000000000000000000000000000000000000000000000
100101110011100000010011111001010011000000000000000000000000000000000000000000000000000000000000
011011010011010010000001101000101011000000000000000000000000000000000000000000000000000000000000
100110010011101011101100100010011010000000000000000000000000000000000000000000000000000000000000
100001010010101111111010011110011000000000000000000000000000000000000000000000000000000000000000
101100111110111111001011111011010011000000000000000000000000000000000000000000000000000000000000
101100000111101001001000110010100000000000000000000000000000000000000000000000000000000000000000
000101101010100111001101011111011011000000000000000000000000000000000000000000000000000000000000
010011001110101111111000001010001101000000000000000000000000000000000000000000000000000000000000
000101010001110111010000011000110001000000000000000000000000000000000000000000000000000000000000
110101001011010101011000111111001110000000000000000000000000000000000000000000000000000000000000
001100011010001010010110111110011001000000000000000000000000000000000000000000000000000000000000
001111110101011110100000011101010111000000000000000000000000000000000000000000000000000000000000
110000111011101001001101111000111011000000000000000000000000000000000000000000000000000000000000
001010110010011101010101111000011101000000000000000000000000000000000000000000000000000000000000
000111110101000000000011000001010101000000000000000000000000000000000000000000000000000000000000
111001111101010101101011010110101001000000000000000000000000000000000000000000000000000000000000
010001110100001011100011000110101100000000000000000000000000000000000000000000000000000000000000
100100000111001001100010011001111010000000000000000000000000000000000000000000000000000000000000
110110011100010010111100110010110101000000000000000000000000000000000000000000000000000000000000
101101000110111100111110000101001111000000000000000000000000000000000000000000000000000000000000
010010010010011000111011100110100101000000000000000000000000000000000000000000000000000000000000
110000110110111000000101110001001011000000000000000000000000000000000000000000000000000000000000
101010100111010110010100100110000011000000000000000000000000000000000000000000000000000000000000
110011010010011010101111011111010011000000000000000000000000000000000000000000000000000000000000
010110110111100111010011110101111111000000000000000000000000000000000000000000000000000000000000
001001010000000011111001011110010000000000000000000000000000000000000000000000000000000000000000
001100001000000001101010010000101110000000000000000000000000000000000000000000000000000000000000
110011000011101010011101101010011100000000000000000000000000000000000000000000000000000000000000
100110001001011010001000011010011001000000000000000000000000000000000000000000000000000000000000
110100010100110001000110100000110111000000000000000000000000000000000000000000000000000000000000
011001001000100101100011000000000001000000000000000000000000000000000000000000000000000000000000
100001110011001101101001110110101010000000000000000000000000000000000000000000000000000000000000
110000011010001100101000011111110111000000000000000000000000000000000000000000000000000000000000
010110001000100000011101100001010011000000000000000000000000000000000000000000000000000000000000
000001011000110101010101001011001111000000000000000000000000000000000000000000000000000000000000
110110001010000010011001001101110001000000000000000000000000000000000000000000000000000000000000
100010111001100110110000100100110000000000000000000000000000000000000000000000000000000000000000
100101001100000010101110001011110010000000000000000000000000000000000000000000000000000000000000
110110100001001111100110011001011001000000000000000000000000000000000000000000000000000000000000
100100100100101000100010111101110100000000000000000000000000000000000000000000000000000000000000
110101110000011100010100000111101111000000000000000000000000000000000000000000000000000000000000
110100100111101101011010111010010000000000000000000000000000000000000000000000000000000000000000
111001000101011101011110001010100001000000000000000000000000000000000000000000000000000000000000
000100101001100011000000001101111000000000000000000000000000000000000000000000000000000000000000
011010010011101001110100100100001001000000000000000000000000000000000000000000000000000000000000
000101010110100101011000000101101100000000000000000000000000000000000000000000000000000000000000
010100011000011110001101100001101011000000000000000000000000000000000000000000000000000000000000
111101100101010010011011110010100010000000000000000000000000000000000000000000000000000000000000
100100100000110011011110110111101000000000000000000000000000000000000000000000000000000000000000
011000100101111101000111010011110001000000000000000000000000000000000000000000000000000000000000
101111010101011110011101110100101010000000000000000000000000000000000000000000000000000000000000
010111110011101000101010010011011100000000000000000000000000000000000000000000000000000000000000
111111001000111101110000110111111111000000000000000000000000000000000000000000000000000000000000
100001011000010001000110101001111111000000000000000000000000000000000000000000000000000000000000
101011010110001100001001100100001100000000000000000000000000000000000000000000000000000000000000
001011001111000010101100100000111100000000000000000000000000000000000000000000000000000000000000
000000010100111100100010111101000101000000000000000000000000000000000000000000000000000000000000
001100001011000101011010000111000100000000000000000000000000000000000000000000000000000000000000
001011000011101100011001010111001000000000000000000000000000000000000000000000000000000000000000
000110000111010110000011011010011101000000000000000000000000000000000000000000000000000000000000
100111111100101001000000010111101101000000000000000000000000000000000000000000000000000000000000
100111100011001101010100101101100110000000000000000000000000000000000000000000000000000000000000
001101101111111101100010101101011110000000000000000000000000000000000000000000000000000000000000
010111010001111101010111010000010000000000000000000000000000000000000000000000000000000000000000
110110101101100011111110001101101100000000000000000000000000000000000000000000000000000000000000
110000101100100100111110100101110001000000000000000000000000000000000000000000000000000000000000
111110001101001111111000001001101100000000000000000000000000000000000000000000000000000000000000
100101010000001001100011101101011101000000000000000000000000000000000000000000000000000000000000
111110011111111001011011100011011110000000000000000000000000000000000000000000000000000000000000
001110110011010110111100100101100011000000000000000000000000000000000000000000000000000000000000
101110010001111010001010111111111000000000000000000000000000000000000000000000000000000000000000
100010111011010101100111000111101011000000000000000000000000000000000000000000000000000000000000
100110100111011000101100000001001001000000000000000000000000000000000000000000000000000000000000
101001111110100011100011011010000101000000000000000000000000000000000000000000000000000000000000
111011000010001111001001101111011010000000000000000000000000000000000000000000000000000000000000
000010011011100000000110111011000100000000000000000000000000000000000000000000000000000000000000
100110000001101001000011110110111000000000000000000000000000000000000000000000000000000000000000
111011001011101111001010111011011110000000000000000000000000000000000000000000000000000000000000
011110101010100001111000110001101101000000000000000000000000000000000000000000000000000000000000
011110111010111100110001110010100010000000000000000000000000000000000000000000000000000000000000
001100111111100101100000110011010101000000000000000000000000000000000000000000000000000000000000
100001111111001101100110000111001111000000000000000000000000000000000000000000000000000000000000
001100100111110010010001110100100000000000000000000000000000000000000000000000000000000000000000
111101011010001001100111000001100000000000000000000000000000000000000000000000000000000000000000
101110110010101010100111001000010000000000000000000000000000000000000000000000000000000000000000
010111010101001011010010010011010011000000000000000000000000000000000000000000000000000000000000
100010001101000101000101101001011000000000000000000000000000000000000000000000000000000000000000
001101100011000110011111010111011011000000000000000000000000000000000000000000000000000000000000
101101111000011000000001010101110111000000000000000000000000000000000000000000000000000000000000
101110111000001000000011110011110010000000000000000000000000000000000000000000000000000000000000
101111010101101101001011010001101000000000000000000000000000000000000000000000000000000000000000
001111100000111010111001001110001001000000000000000000000000000000000000000000000000000000000000
011111001000000100111001110111001001000000000000000000000000000000000000000000000000000000000000
011000010100001011111101001010111010000000000000000000000000000000000000000000000000000000000000
111110001101000111111001101110001001000000000000000000000000000000000000000000000000000000000000
010000011001000111100000100101011000000000000000000000000000000000000000000000000000000000000000
010011000010101010110001010101110101000000000000000000000000000000000000000000000000000000000000
001001010100110010011010111011010001000000000000000000000000000000000000000000000000000000000000
001110000010000111000000010010011011000000000000000000000000000000000000000000000000000000000000
110000101011011010110101100010100001000000000000000000000000000000000000000000000000000000000000
000011011100010011100011010110001011000000000000000000000000000000000000000000000000000000000000
110010010001101011111010111001101000000000000000000000000000000000000000000000000000000000000000
010110010111001001111111111101110000000000000000000000000000000000000000000000000000000000000000
111001111001000101000010110011111001000000000000000000000000000000000000000000000000000000000000
001011011010110101001101101110010100000000000000000000000000000000000000000000000000000000000000
011001111100001011111001111011101110000000000000000000000000000000000000000000000000000000000000
000111101111011011110111001110100101000000000000000000000000000000000000000000000000000000000000
000111010000110010111101111100010001000000000000000000000000000000000000000000000000000000000000
111101101010110101011010011100110101000000000000000000000000000000000000000000000000000000000000
000001000111001100001001111111000011000000000000000000000000000000000000000000000000000000000000
111010111000010110010000011000100110000000000000000000000000000000000000000000000000000000000000
011001011100010111000011100001101110000000000000000000000000000000000000000000000000000000000000
100101110011101100010011011001111001000000000000000000000000000000000000000000000000000000000000
000110110110111110000111001011011010000000000000000000000000000000000000000000000000000000000000
110000010011010010010111000001111100000000000000000000000000000000000000000000000000000000000000
001101011111110010111011001111001001000000000000000000000000000000000000000000000000000000000000
101001100001010100100011100101010101000000000000000000000000000000000000000000000000000000000000
100001110100010000010111110001000001000000000000000000000000000000000000000000000000000000000000
010000001101010010101100010010010000000000000000000000000000000000000000000000000000000000000000
111011101110100111001001010100101010000000000000000000000000000000000000000000000000000000000000
011110010010100011011010110001010101000000000000000000000000000000000000000000000000000000000000
000010011010011010011001100100101001000000000000000000000000000000000000000000000000000000000000
011111110011011100101111001100110110000000000000000000000000000000000000000000000000000000000000
010111110011000000000000000101100110000000000000000000000000000000000000000000000000000000000000
000011100000011101000111010001001101000000000000000000000000000000000000000000000000000000000000
101101101101001100000011001111001111000000000000000000000000000000000000000000000000000000000000
101000111100111010100111100111011001000000000000000000000000000000000000000000000000000000000000
101110000100110111011011100010111001000000000000000000000000000000000000000000000000000000000000
100110010001011011000100010100110000000000000000000000000000000000000000000000000000000000000000
011000011001111000110100011011110100000000000000000000000000000000000000000000000000000000000000
001001100101111111011111011010100110000000000000000000000000000000000000000000000000000000000000
000111010110100011111000110000111011000000000000000000000000000000000000000000000000000000000000
111100101011010000101001111010011101000000000000000000000000000000000000000000000000000000000000
010001001010111100001111100101000011000000000000000000000000000000000000000000000000000000000000
111101000100000001001001101011101100000000000000000000000000000000000000000000000000000000000000
001001111111001010011000110001000011000000000000000000000000000000000000000000000000000000000000
000010111101101101111101100101001100000000000000000000000000000000000000000000000000000000000000
010101100011101011101010011000010011000000000000000000000000000000000000000000000000000000000000
011001111100000111000010011111000001000000000000000000000000000000000000000000000000000000000000
010110101010001011111011100000101001000000000000000000000000000000000000000000000000000000000000
111010110011110101001000010010110011000000000000000000000000000000000000000000000000000000000000
100010000001000000101001000000001011000000000000000000000000000000000000000000000000000000000000
010111111101001110111110000000111010000000000000000000000000000000000000000000000000000000000000
111011100110010111111110111001010110000000000000000000000000000000000000000000000000000000000000
000110011001101000011100001000000101000000000000000000000000000000000000000000000000000000000000
001101010100010111010001010010000110000000000000000000000000000000000000000000000000000000000000
100111111111100001110100100011100001000000000000000000000000000000000000000000000000000000000000
100000011110100110000011010110001111000000000000000000000000000000000000000000000000000000000000
100101010110101001000110111011001010000000000000000000000000000000000000000000000000000000000000
100000000100001111111110111110100111000000000000000000000000000000000000000000000000000000000000
100010101100101001011111101011101100000000000000000000000000000000000000000000000000000000000000
011110001111011011101111110011011111000000000000000000000000000000000000000000000000000000000000
000101101011101010000100100110100110000000000000000000000000000000000000000000000000000000000000
010101101100110100001101111010111001000000000000000000000000000000000000000000000000000000000000
010000111111010010110000110001111010000000000000000000000000000000000000000000000000000000000000
011110111001100010100101110000000110000000000000000000000000000000000000000000000000000000000000
110111000000011001111100010111101101000000000000000000000000000000000000000000000000000000000000
001101011011100011001010111010001000000000000000000000000000000000000000000000000000000000000000
001100001011110111111110000010011100000000000000000000000000000000000000000000000000000000000000
010010010100001000000010010011111101000000000000000000000000000000000000000000000000000000000000
001011001100011111000111011000110100000000000000000000000000000000000000000000000000000000000000
010011111001110101001101101001101010000000000000000000000000000000000000000000000000000000000000
111000111011001010011011101001111111000000000000000000000000000000000000000000000000000000000000
001110111110111111110001000111110101000000000000000000000000000000000000000000000000000000000000
111110100110101101110100110000011100000000000000000000000000000000000000000000000000000000000000
100001101011101011101101010110111100000000000000000000000000000000000000000000000000000000000000
101111101100010111100001101101010110000000000000000000000000000000000000000000000000000000000000
000000101010000001110111110111000001000000000000000000000000000000000000000000000000000000000000
101000101011010010001111110110100001000000000000000000000000000000000000000000000000000000000000
010111111110100001101000000000110101000000000000000000000000000000000000000000000000000000000000
110111110001000110101101111100110001000000000000000000000000000000000000000000000000000000000000
010010100110100101110110011100011011000000000000000000000000000000000000000000000000000000000000
000001000011001000111011100110100000000000000000000000000000000000000000000000000000000000000000
011110110101011000101111111111000110000000000000000000000000000000000000000000000000000000000000
010011010111010010100100011000100101000000000000000000000000000000000000000000000000000000000000
011110100001010111011111101110000000000000000000000000000000000000000000000000000000000000000000
011101111011111010011001111010110110000000000000000000000000000000000000000000000000000000000000
010010000111111001010001111001100001000000000000000000000000000000000000000000000000000000000000
110111011111111011001000100000001000000000000000000000000000000000000000000000000000000000000000
001100000011111001101001100111000100000000000000000000000000000000000000000000000000000000000000
001010010101010100010100000001111001000000000000000000000000000000000000000000000000000000000000
110111101000010101011000110100000011000000000000000000000000000000000000000000000000000000000000
110010100010010011000011111111011010000000000000000000000000000000000000000000000000000000000000
000011011100010000001010101010010110000000000000000000000000000000000000000000000000000000000000
101011010111001010010100111111001100000000000000000000000000000000000000000000000000000000000000
101110101111100000010111100001011001000000000000000000000000000000000000000000000000000000000000
100101101011011110111100011011101101000000000000000000000000000000000000000000000000000000000000
000011001010110101011111111111000101000000000000000000000000000000000000000000000000000000000000
011110100011001000110000011101001111000000000000000000000000000000000000000000000000000000000000
101110000110110101111001100101001101000000000000000000000000000000000000000000000000000000000000
000101101111000000101110010011101101000000000000000000000000000000000000000000000000000000000000
000111111101110000111001111000111101000000000000000000000000000000000000000000000000000000000000
000010001000011101101101011111010111000000000000000000000000000000000000000000000000000000000000
100111100111011000110111010000101010000000000000000000000000000000000000000000000000000000000000
010100011101001100011001101010010011000000000000000000000000000000000000000000000000000000000000
111111011101100111011100001101000110000000000000000000000000000000000000000000000000000000000000
001000000100100010101001001011100011000000000000000000000000000000000000000000000000000000000000
001100011110100110111000010000010010000000000000000000000000000000000000000000000000000000000000
100101011000011000100011111110011111000000000000000000000000000000000000000000000000000000000000
001011100101011001110000101100101010000000000000000000000000000000000000000000000000000000000000
100101110110001110111011100011111110000000000000000000000000000000000000000000000000000000000000
011101110101100011110111110011000011000000000000000000000000000000000000000000000000000000000000
000011011101010111011100010011111100000000000000000000000000000000000000000000000000000000000000
010001001101101101010101111011101100000000000000000000000000000000000000000000000000000000000000
110011100101111010011011110111111000000000000000000000000000000000000000000000000000000000000000
110011110001010011011000000001101100000000000000000000000000000000000000000000000000000000000000
111100011101100001001010110110010100000000000000000000000000000000000000000000000000000000000000
000001100011001001101101111101000101000000000000000000000000000000000000000000000000000000000000
010100111101001011110110010110010100000000000000000000000000000000000000000000000000000000000000
110001001011101011100000001010001110000000000000000000000000000000000000000000000000000000000000
001011111001101111100000000010101000000000000000000000000000000000000000000000000000000000000000
101110110100011111011001110101011011000000000000000000000000000000000000000000000000000000000000
011000110100101000011010110010100101000000000000000000000000000000000000000000000000000000000000
000111010101001001110010000011111001000000000000000000000000000000000000000000000000000000000000
100100001101000000011111110001010100000000000000000000000000000000000000000000000000000000000000
110101100000101100101101000101111101000000000000000000000000000000000000000000000000000000000000
000111001110000000001101111010001100000000000000000000000000000000000000000000000000000000000000
110100110010011011110111101001011001000000000000000000000000000000000000000000000000000000000000
101011010110110110000101101110100001000000000000000000000000000000000000000000000000000000000000
001110001101110011110110110100010011000000000000000000000000000000000000000000000000000000000000
011110110001101111100000101010011101000000000000000000000000000000000000000000000000000000000000
000000101100010000000011011000001100000000000000000000000000000000000000000000000000000000000000
010010001010001110001111110001010100000000000000000000000000000000000000000000000000000000000000
111001100100001001000110100110101011000000000000000000000000000000000000000000000000000000000000
101000100111001011100001111011000011000000000000000000000000000000000000000000000000000000000000
100001010010111011111100101111000110000000000000000000000000000000000000000000000000000000000000
101111011110011100010011101110000100000000000000000000000000000000000000000000000000000000000000
010000101000100100001000100110101000000000000000000000000000000000000000000000000000000000000000
001010011011001010100011011000011110000000000000000000000000000000000000000000000000000000000000
011001101111110111100011001000001111000000000000000000000000000000000000000000000000000000000000
010100111000010000111100010001101111000000000000000000000000000000000000000000000000000000000000
000011011010010000110000110110110001000000000000000000000000000000000000000000000000000000000000
101111111011010001011111000010001000000000000000000000000000000000000000000000000000000000000000
000111111001111000101110100111100011000000000000000000000000000000000000000000000000000000000000
100000100111010011000000111111011000000000000000000000000000000000000000000000000000000000000000
101011111010111000111000000101000101000000000000000000000000000000000000000000000000000000000000
001110011010011000000101010100001100000000000000000000000000000000000000000000000000000000000000
010010010011110111011100000101011111000000000000000000000000000000000000000000000000000000000000
111001010111100011101000101011001010000000000000000000000000000000000000000000000000000000000000
011100101100001111101001000000101100000000000000000000000000000000000000000000000000000000000000
110011010111101011100000011010001011000000000000000000000000000000000000000000000000000000000000
111100000010100011101000010001011100000000000000000000000000000000000000000000000000000000000000
100001111000110101101010110000011010000000000000000000000000000000000000000000000000000000000000
110111110011100100011000110010001101000000000000000000000000000000000000000000000000000000000000
100010000111010101001111110110000110000000000000000000000000000000000000000000000000000000000000
101101111010110100100010101011010110000000000000000000000000000000000000000000000000000000000000
100110000110011100010010010100001100000000000000000000000000000000000000000000000000000000000000
001010110111110111110000110010111110000000000000000000000000000000000000000000000000000000000000
101100111000011011110010101011000110000000000000000000000000000000000000000000000000000000000000
100010001110000101010010111000100010000000000000000000000000000000000000000000000000000000000000
101011110110000011101011001001011000000000000000000000000000000000000000000000000000000000000000
111000101111011000101100111011011111000000000000000000000000000000000000000000000000000000000000
110011011110111001100011011011110001000000000000000000000000000000000000000000000000000000000000
110011011101101101110111000110110111000000000000000000000000000000000000000000000000000000000000
011011111111111101010100110101111000000000000000000000000000000000000000000000000000000000000000
011110011110100000010100010011011011000000000000000000000000000000000000000000000000000000000000
101111110100101100101010101110101011000000000000000000000000000000000000000000000000000000000000
011011001100110100101101110110010101000000000000000000000000000000000000000000000000000000000000
010110011111110110001001010000110011000000000000000000000000000000000000000000000000000000000000
000001001000001110111110011111000101000000000000000000000000000000000000000000000000000000000000
111010100000101010010101110111000111000000000000000000000000000000000000000000000000000000000000
111110101001101011101110010101001110000000000000000000000000000000000000000000000000000000000000
011101000010111101111101010000101000000000000000000000000000000000000000000000000000000000000000
110101100011011101010001010111010101000000000000000000000000000000000000000000000000000000000000
010001011000100101001110110111011110000000000000000000000000000000000000000000000000000000000000
100101101001010111111000110001111000000000000000000000000000000000000000000000000000000000000000
100011100001001001101101111001101011000000000000000000000000000000000000000000000000000000000000
001101000011000100000110101100001010000000000000000000000000000000000000000000000000000000000000
100000000010111111000111000110000110000000000000000000000000000000000000000000000000000000000000
101101101011001110011101011111001100000000000000000000000000000000000000000000000000000000000000
000000010100011110001110000111110010000000000000000000000000000000000000000000000000000000000000
011000011100111110110010001111101110000000000000000000000000000000000000000000000000000000000000
100000011110100011000010110000011001000000000000000000000000000000000000000000000000000000000000
101101111010110100011110101100000000000000000000000000000000000000000000000000000000000000000000
111111000101100101010110000011000011000000000000000000000000000000000000000000000000000000000000
100110100100111000101110000111110101000000000000000000000000000000000000000000000000000000000000
110110100001101001010100101001110110000000000000000000000000000000000000000000000000000000000000
011101011000110110000100001001111001000000000000000000000000000000000000000000000000000000000000
101101110000011101011101010100110110000000000000000000000000000000000000000000000000000000000000
111101110101111100110010010010101101000000000000000000000000000000000000000000000000000000000000
000111101000110000111101001111101011000000000000000000000000000000000000000000000000000000000000
001100101011001001000011110100001011000000000000000000000000000000000000000000000000000000000000
110100110110010101011111111011000111000000000000000000000000000000000000000000000000000000000000
011110000001001110100011100010111110000000000000000000000000000000000000000000000000000000000000
010011011101110011101111100101001010000000000000000000000000000000000000000000000000000000000000
100110011000110011110010111001001011000000000000000000000000000000000000000000000000000000000000
000101010000010000111100000000001010000000000000000000000000000000000000000000000000000000000000
001100100011101010111100001000011010000000000000000000000000000000000000000000000000000000000000
010110111001011100001011010010100101000000000000000000000000000000000000000000000000000000000000
010100100111101100100101111010011100000000000000000000000000000000000000000000000000000000000000
011100001000000001010111001100100110000000000000000000000000000000000000000000000000000000000000
010010000010010011011011010011010111000000000000000000000000000000000000000000000000000000000000
011010010000011111001100010110001001000000000000000000000000000000000000000000000000000000000000
101011110101101101011011000001111100000000000000000000000000000000000000000000000000000000000000
010101000001111010001010011110010011000000000000000000000000000000000000000000000000000000000000
010111010101110001100111100000101001000000000000000000000000000000000000000000000000000000000000
001110010000110010101011111001100100000000000000000000000000000000000000000000000000000000000000
101101100011011010000001110000001101000000000000000000000000000000000000000000000000000000000000
100000000111010101101011111000110000000000000000000000000000000000000000000000000000000000000000
000011101000011111111110011100011011000000000000000000000000000000000000000000000000000000000000
111011000000100101100101111000101110000000000000000000000000000000000000000000000000000000000000
111011000000110110101000011110011100000000000000000000000000000000000000000000000000000000000000
011111011110110100110001001110010010000000000000000000000000000000000000000000000000000000000000
111001001011011111111010010110010100000000000000000000000000000000000000000000000000000000000000
111000001101111111100010010111101000000000000000000000000000000000000000000000000000000000000000
001011111010100110101000101010100010000000000000000000000000000000000000000000000000000000000000
011010010100110000001101111011100111000000000000000000000000000000000000000000000000000000000000
101011111010100001001001001100010011000000000000000000000000000000000000000000000000000000000000
010000110101110101000111100101110101000000000000000000000000000000000000000000000000000000000000
001010000100100100101100101101100110000000000000000000000000000000000000000000000000000000000000
100111111000100100001010000000101100000000000000000000000000000000000000000000000000000000000000
101011111001110001101100111010101100000000000000000000000000000000000000000000000000000000000000
100101011110100111001101011100101101000000000000000000000000000000000000000000000000000000000000
000101111101000010011000101000100001000000000000000000000000000000000000000000000000000000000000
100111110011011001011010000001010001000000000000000000000000000000000000000000000000000000000000
101000111001100111010111100011100000000000000000000000000000000000000000000000000000000000000000
100111101110111100110111001100010111000000000000000000000000000000000000000000000000000000000000
010111111111110000111001101011101011000000000000000000000000000000000000000000000000000000000000
100110000011001100101010001101100001000000000000000000000000000000000000000000000000000000000000
111110110111110111001111000101000010000000000000000000000000000000000000000000000000000000000000
110100101010010000000010010001110111000000000000000000000000000000000000000000000000000000000000
011101011110011111100011000110011011000000000000000000000000000000000000000000000000000000000000
101101010110001110000101000111010010000000000000000000000000000000000000000000000000000000000000
001010010101010110011010101001010000000000000000000000000000000000000000000000000000000000000000
010101111001100100000010001101010011000000000000000000000000000000000000000000000000000000000000
001001101100001101100100001101001011000000000000000000000000000000000000000000000000000000000000
111101011011000011101001000000110010000000000000000000000000000000000000000000000000000000000000
000000100100011101001000010101000000000000000000000000000000000000000000000000000000000000000000
001011011110111011111111010000111011000000000000000000000000000000000000000000000000000000000000
011100010001100111100101111011000011000000000000000000000000000000000000000000000000000000000000
011111101100010101001100111111111000000000000000000000000000000000000000000000000000000000000000
011110010001111000100001011100110111000000000000000000000000000000000000000000000000000000000000
001010010011110110110010000110001001000000000000000000000000000000000000000000000000000000000000
100111100110101010110001100000101110000000000000000000000000000000000000000000000000000000000000
100110000110101101011101011000111000000000000000000000000000000000000000000000000000000000000000
011110011111100001001100110000110100000000000000000000000000000000000000000000000000000000000000
001011001111111111011100101011011010000000000000000000000000000000000000000000000000000000000000
110010010110011010100011011010111111000000000000000000000000000000000000000000000000000000000000
000000110100110010100000010110000101000000000000000000000000000000000000000000000000000000000000
100111010010001010101001000110100010000000000000000000000000000000000000000000000000000000000000
101101001010111000100011101100001101000000000000000000000000000000000000000000000000000000000000
101000111000110101000100010100100110000000000000000000000000000000000000000000000000000000000000
011100100100101001110111000111001011000000000000000000000000000000000000000000000000000000000000
010001111010100000101110010000001111000000000000000000000000000000000000000000000000000000000000
110000010111100110011010100001011011000000000000000000000000000000000000000000000000000000000000
001010110100110110101010110110000000000000000000000000000000000000000000000000000000000000000000
011011101011011010011100111001001100000000000000000000000000000000000000000000000000000000000000
010100011011010110100011001001111011000000000000000000000000000000000000000000000000000000000000
000011010100100011111101110101001100000000000000000000000000000000000000000000000000000000000000
111001100110011000011010100010101000000000000000000000000000000000000000000000000000000000000000
100001010111011010111101010011100100000000000000000000000000000000000000000000000000000000000000
000110111001101001100001011000100001000000000000000000000000000000000000000000000000000000000000
101000001010010010111110011011011100000000000000000000000000000000000000000000000000000000000000
111111011001010010001100101001010010000000000000000000000000000000000000000000000000000000000000
110111001010111010000011001000110011000000000000000000000000000000000000000000000000000000000000
010011110111101010111100100011111000000000000000000000000000000000000000000000000000000000000000
101100011011010101111100100001111111000000000000000000000000000000000000000000000000000000000000
001100001111101010001100110010000101000000000000000000000000000000000000000000000000000000000000
100011110001111101101000100010111010000000000000000000000000000000000000000000000000000000000000
011100100111001001101001101100010010000000000000000000000000000000000000000000000000000000000000
010000000110110101001011001101110011000000000000000000000000000000000000000000000000000000000000
111100001010001000001000010000111111000000000000000000000000000000000000000000000000000000000000
100101100110010100100100111000011100000000000000000000000000000000000000000000000000000000000000
110000100101000011111000011011100011000000000000000000000000000000000000000000000000000000000000
011000111111110010010110000000001101000000000000000000000000000000000000000000000000000000000000
110001110101000011011110000000101011000000000000000000000000000000000000000000000000000000000000
010011100000110001111000001001010100000000000000000000000000000000000000000000000000000000000000
100000011000000001111000011010011010000000000000000000000000000000000000000000000000000000000000
010110100011011100111001100010001101000000000000000000000000000000000000000000000000000000000000
111000011100110010111110000000110000000000000000000000000000000000000000000000000000000000000000
010110010100000001111000011101101001000000000000000000000000000000000000000000000000000000000000
110111110110011001100100011101111001000000000000000000000000000000000000000000000000000000000000
110100100000010111010000110011101100000000000000000000000000000000000000000000000000000000000000
010000000100100110000111001001110011000000000000000000000000000000000000000000000000000000000000
011010010100010011110100101101110100000000000000000000000000000000000000000000000000000000000000
100100011011101000100011101101000100000000000000000000000000000000000000000000000000000000000000
000010000101110111100100110101110010000000000000000000000000000000000000000000000000000000000000
001110101100110001101000011111001111000000000000000000000000000000000000000000000000000000000000
010000110011000110011000110101001111000000000000000000000000000000000000000000000000000000000000
110011110011100100001001001111000111000000000000000000000000000000000000000000000000000000000000
000001001011010100010111110011110000000000000000000000000000000000000000000000000000000000000000
111010000101101110110001011110011000000000000000000000000000000000000000000000000000000000000000
010001110101000011100001000100111010000000000000000000000000000000000000000000000000000000000000
000000011001010001100000000111011101000000000000000000000000000000000000000000000000000000000000
010111000110011000000011100001101001000000000000000000000000000000000000000000000000000000000000
111101110001000101100011101011100110000000000000000000000000000000000000000000000000000000000000
011101111011111001010000101011101100000000000000000000000000000000000000000000000000000000000000
001001111001000011110000000111110010000000000000000000000000000000000000000000000000000000000000
110010110101100111000001111111010011000000000000000000000000000000000000000000000000000000000000
001001101000011010000011101000011010000000000000000000000000000000000000000000000000000000000000
110110011011101100110010100010110111000000000000000000000000000000000000000000000000000000000000
001011001000011011110000000011100100000000000000000000000000000000000000000000000000000000000000
101011110010010101110100011110010110000000000000000000000000000000000000000000000000000000000000
001110100111011111010100001001001111000000000000000000000000000000000000000000000000000000000000
010010101101010101001101100101101100000000000000000000000000000000000000000000000000000000000000
100010111111111110000001010100010110000000000000000000000000000000000000000000000000000000000000
010010010101001001001100010110011011000000000000000000000000000000000000000000000000000000000000
011010001100111101010011010101100110000000000000000000000000000000000000000000000000000000000000
000100111111110010110011100011011110000000000000000000000000000000000000000000000000000000000000
000000001101011101101001010000110101000000000000000000000000000000000000000000000000000000000000
110110001100000011110001001101101001000000000000000000000000000000000000000000000000000000000000
010010110001111111111100001001111110000000000000000000000000000000000000000000000000000000000000
010001000101100100001010111101001110000000000000000000000000000000000000000000000000000000000000
111110101011011000111111111010010110000000000000000000000000000000000000000000000000000000000000
010010011111101000100100111111110010000000000000000000000000000000000000000000000000000000000000
000011100001011100110011010011010010000000000000000000000000000000000000000000000000000000000000
000100100110111101000001010010101011000000000000000000000000000000000000000000000000000000000000
001100001110010100100011110101110000000000000000000000000000000000000000000000000000000000000000
101000110101001100011111010011001011000000000000000000000000000000000000000000000000000000000000
110100100011100110110010000001111010000000000000000000000000000000000000000000000000000000000000
001000011011101100101010001111010101000000000000000000000000000000000000000000000000000000000000
101011011010111011011111100001011111000000000000000000000000000000000000000000000000000000000000
010111111000011101001000000000101000000000000000000000000000000000000000000000000000000000000000
001010111100100001110011010101011000000000000000000000000000000000000000000000000000000000000000
000110101100010110011001111000000000000000000000000000000000000000000000000000000000000000000000
111111110111011011111100000110101100000000000000000000000000000000000000000000000000000000000000
001100101110011001001000111010011000000000000000000000000000000000000000000000000000000000000000
100110111100000000010100010110000111000000000000000000000000000000000000000000000000000000000000
011100001001011110110000010011101010000000000000000000000000000000000000000000000000000000000000
111100111011010001100110001100001111000000000000000000000000000000000000000000000000000000000000
000100001111101111100110110101100011000000000000000000000000000000000000000000000000000000000000
110111110111111100000101000110011011000000000000000000000000000000000000000000000000000000000000
001110011010000000001100001001110010000000000000000000000000000000000000000000000000000000000000
101001101010101010001010111100010011000000000000000000000000000000000000000000000000000000000000
001100111111000000011110010111111100000000000000000000000000000000000000000000000000000000000000
111100011000010100100100111010001011000000000000000000000000000000000000000000000000000000000000
010100110011011111111001010111100000000000000000000000000000000000000000000000000000000000000000
111001111001111101010110001101100101000000000000000000000000000000000000000000000000000000000000
100011111111110000000111101101010100000000000000000000000000000000000000000000000000000000000000
010000011001000011010001101101010010000000000000000000000000000000000000000000000000000000000000
011111001110101000100101100001111100000000000000000000000000000000000000000000000000000000000000
100000110000111101011010100111010101000000000000000000000000000000000000000000000000000000000000
101011110101010110101000000111111111000000000000000000000000000000000000000000000000000000000000
110110111001000101010011110111100110000000000000000000000000000000000000000000000000000000000000
011010111010010011010011000111111100000000000000000000000000000000000000000000000000000000000000
100000101011100000001100101111011110000000000000000000000000000000000000000000000000000000000000
110001111101001000110010100100111100000000000000000000000000000000000000000000000000000000000000
010110010011100111100001100101111101000000000000000000000000000000000000000000000000000000000000
110000011111111111100010100100100110000000000000000000000000000000000000000000000000000000000000
010101110010000101111000101010110110000000000000000000000000000000000000000000000000000000000000
000100100110010001111111111011110100000000000000000000000000000000000000000000000000000000000000
111101010111100010001010110110101111000000000000000000000000000000000000000000000000000000000000
001011111011111100001000000101000101000000000000000000000000000000000000000000000000000000000000
100110111010001101001111000011001001000000000000000000000000000000000000000000000000000000000000
101000101100011010101010001100111100000000000000000000000000000000000000000000000000000000000000
101010101100111010000010101100000011000000000000000000000000000000000000000000000000000000000000
001110011011101000110101001000111010000000000000000000000000000000000000000000000000000000000000
000010110101000100010000011100001001000000000000000000000000000000000000000000000000000000000000
010110110101110111110011000110001100000000000000000000000000000000000000000000000000000000000000
001010001010010001001001010010000001000000000000000000000000000000000000000000000000000000000000
001111011001111000111010111101010100000000000000000000000000000000000000000000000000000000000000
011100000101010010110011000101100000000000000000000000000000000000000000000000000000000000000000
011110000010010001011011010010111110000000000000000000000000000000000000000000000000000000000000
010100011000101110011100000001011001000000000000000000000000000000000000000000000000000000000000
110111011100010110001110011110100000000000000000000000000000000000000000000000000000000000000000
011011010111100010111111010011110001000000000000000000000000000000000000000000000000000000000000
110110101001111000100110010000000011000000000000000000000000000000000000000000000000000000000000
101001011110101101011111111111100000000000000000000000000000000000000000000000000000000000000000
100001001000101111001100110111001101000000000000000000000000000000000000000000000000000000000000
011001010100100010000011011111111010000000000000000000000000000000000000000000000000000000000000
110000010111101010101111101101010100000000000000000000000000000000000000000000000000000000000000
011110010101110100101011110011100001000000000000000000000000000000000000000000000000000000000000
101011110010010000011101101010001101000000000000000000000000000000000000000000000000000000000000
100111100001001110001010110100000100000000000000000000000000000000000000000000000000000000000000
100100000010110001001111010011111000000000000000000000000000000000000000000000000000000000000000
100110010111111010011101000111011010000000000000000000000000000000000000000000000000000000000000
111000001010010111100100010000101100000000000000000000000000000000000000000000000000000000000000
001101101000000001111011000101000111000000000000000000000000000000000000000000000000000000000000
101001110101001000001000000110100100000000000000000000000000000000000000000000000000000000000000
000100100001011111111100101011001010000000000000000000000000000000000000000000000000000000000000
001110101101000111111011001100011010000000000000000000000000000000000000000000000000000000000000
100101110000111101011010000011101111000000000000000000000000000000000000000000000000000000000000
111100010111000110001010101101100000000000000000000000000000000000000000000000000000000000000000
110101000111111101010011110010000000000000000000000000000000000000000000000000000000000000000000
110101111110001001010010111100100001000000000000000000000000000000000000000000000000000000000000
010111011000011101011001111110101101000000000000000000000000000000000000000000000000000000000000
001100011011011100111101010010011100000000000000000000000000000000000000000000000000000000000000
011100100010000101110100100001011011000000000000000000000000000000000000000000000000000000000000
111101110100000111011101111110001011000000000000000000000000000000000000000000000000000000000000
100101111000100010011100100111100101000000000000000000000000000000000000000000000000000000000000
110001000000000101101111100000011110000000000000000000000000000000000000000000000000000000000000
010111110000111011110111011001101010000000000000000000000000000000000000000000000000000000000000
110101101011000111110001100110110000000000000000000000000000000000000000000000000000000000000000
100001011111011010101001100000011001000000000000000000000000000000000000000000000000000000000000
000101101111101101110010100101110011000000000000000000000000000000000000000000000000000000000000
000110111100001100011000111000011100000000000000000000000000000000000000000000000000000000000000
100000101010101101100000010000011010000000000000000000000000000000000000000000000000000000000000
111110101010001011010110001000110000000000000000000000000000000000000000000000000000000000000000
110100111100001100111000111000011101000000000000000000000000000000000000000000000000000000000000
011000011010001011010111010110111000000000000000000000000000000000000000000000000000000000000000
011100000001110011000111011110010011000000000000000000000000000000000000000000000000000000000000
111001101001000101101011101111100110000000000000000000000000000000000000000000000000000000000000
100011010111010110101101011111100110000000000000000000000000000000000000000000000000000000000000
010101100000001111000001010101001011000000000000000000000000000000000000000000000000000000000000
011101100100001110101110101010110011000000000000000000000000000000000000000000000000000000000000
101110011001010110100111111001011110000000000000000000000000000000000000000000000000000000000000
001111110000001010110011110111011110000000000000000000000000000000000000000000000000000000000000
011111101101000111111111101101100010000000000000000000000000000000000000000000000000000000000000
010110010001100010011110110110000001000000000000000000000000000000000000000000000000000000000000
111001011111110111001011111001011011000000000000000000000000000000000000000000000000000000000000
010001110111010000011111000100101011000000000000000000000000000000000000000000000000000000000000
000100110110111011101111101001101000000000000000000000000000000000000000000000000000000000000000
001101000001000110110001010011111100000000000000000000000000000000000000000000000000000000000000
001001101100000000110011100110101110000000000000000000000000000000000000000000000000000000000000
111000001011010000100110101111101100000000000000000000000000000000000000000000000000000000000000
111100000101111011101110100101100100000000000000000000000000000000000000000000000000000000000000
001011000111101101110011101010111011000000000000000000000000000000000000000000000000000000000000
100010111111101100110001011101010111000000000000000000000000000000000000000000000000000000000000
111110111110110111011100101110001010000000000000000000000000000000000000000000000000000000000000
111101110011101001100010010001111010000000000000000000000000000000000000000000000000000000000000
000100100000010110110101010010001000000000000000000000000000000000000000000000000000000000000000
001111001101100000000111110100001111000000000000000000000000000000000000000000000000000000000000
110100100101010000011001000110110100000000000000000000000000000000000000000000000000000000000000
110100000010100111000001010010000111000000000000000000000000000000000000000000000000000000000000
000100100100000000011000110000110000000000000000000000000000000000000000000000000000000000000000
001111100111011101101011101111010000000000000000000000000000000000000000000000000000000000000000
101010010110110001111010110110101111000000000000000000000000000000000000000000000000000000000000
010011001101110111011111110000001111000000000000000000000000000000000000000000000000000000000000
010110011101110110111001110100111000000000000000000000000000000000000000000000000000000000000000
001011001101001001111111000110111000000000000000000000000000000000000000000000000000000000000000
001100000011101011100110011010000010000000000000000000000000000000000000000000000000000000000000
011111111000110011010111111000111110000000000000000000000000000000000000000000000000000000000000
101011010011100100000010110110101011000000000000000000000000000000000000000000000000000000000000
010100011110000100011101110010101000000000000000000000000000000000000000000000000000000000000000
011001110001010000110010001000001011000000000000000000000000000000000000000000000000000000000000
110100011111011110010101000110100110000000000000000000000000000000000000000000000000000000000000
111100111111010000110011010100001000000000000000000000000000000000000000000000000000000000000000
111001100101011110111001101101011010000000000000000000000000000000000000000000000000000000000000
110110110100001010100011010001011100000000000000000000000000000000000000000000000000000000000000
010100101010001000100011100111000110000000000000000000000000000000000000000000000000000000000000
111001101000101001100101010110100110000000000000000000000000000000000000000000000000000000000000
011101000111010111010110000111001001000000000000000000000000000000000000000000000000000000000000
011101010011101001101101010000001100000000000000000000000000000000000000000000000000000000000000
101001000010010000011001011010000110000000000000000000000000000000000000000000000000000000000000
111111101000010111010100111101111001000000000000000000000000000000000000000000000000000000000000
000111000110010010100101100011001100000000000000000000000000000000000000000000000000000000000000
000000001100011111011010001001101001000000000000000000000000000000000000000000000000000000000000
111100000101000111101111010111001101000000000000000000000000000000000000000000000000000000000000
101110100000010010111011001001110001000000000000000000000000000000000000000000000000000000000000
101001110001110001001100101100001100000000000000000000000000000000000000000000000000000000000000
110101110101101001100000111101110111000000000000000000000000000000000000000000000000000000000000
101100011111010100010101101001101111000000000000000000000000000000000000000000000000000000000000
011101011000000101001101011110010101000000000000000000000000000000000000000000000000000000000000
100010000011111000011111110011000000000000000000000000000000000000000000000000000000000000000000
010111111110011110100001110111011100000000000000000000000000000000000000000000000000000000000000
011001100010001100111100000001100101000000000000000000000000000000000000000000000000000000000000
101000110000100111000110101011101011000000000000000000000000000000000000000000000000000000000000
000011110110110110001001100011110100000000000000000000000000000000000000000000000000000000000000
000100011101111100001101000001011100000000000000000000000000000000000000000000000000000000000000
010011001011111100111011011110101000000000000000000000000000000000000000000000000000000000000000
000111000110100101100010101000001101000000000000000000000000000000000000000000000000000000000000
111100100110000001101001001001000110000000000000000000000000000000000000000000000000000000000000
110101110010101100110101110000011100000000000000000000000000000000000000000000000000000000000000
000011100111111100001111011100010111000000000000000000000000000000000000000000000000000000000000
100100000001001010001100101101000001000000000000000000000000000000000000000000000000000000000000
000001011001000010101110001001011111000000000000000000000000000000000000000000000000000000000000
111101001111010111010011010100011110000000000000000000000000000000000000000000000000000000000000
000010011000100111011000010011110010000000000000000000000000000000000000000000000000000000000000
010011101001000001010101100101000111000000000000000000000000000000000000000000000000000000000000
101100110110101111111001011011111011000000000000000000000000000000000000000000000000000000000000
100111101001100111011101010110000011000000000000000000000000000000000000000000000000000000000000
111111100011110100111110101000101010000000000000000000000000000000000000000000000000000000000000
010000010001001100010000011111100001000000000000000000000000000000000000000000000000000000000000
101010010011001111111111010110011100000000000000000000000000000000000000000000000000000000000000
011001111011010111011001110010000111000000000000000000000000000000000000000000000000000000000000
010011110111011010110000111010100110000000000000000000000000000000000000000000000000000000000000
001001101100111111101110100001000100000000000000000000000000000000000000000000000000000000000000
110100010111110100001011011011010110000000000000000000000000000000000000000000000000000000000000
011010010011011111100101011110010101000000000000000000000000000000000000000000000000000000000000
111101001110100011111000001000001100000000000000000000000000000000000000000000000000000000000000
010110010111010010110001111110111000000000000000000000000000000000000000000000000000000000000000
110011001000010111100011101101010011000000000000000000000000000000000000000000000000000000000000
000000101100001011101100000010101111000000000000000000000000000000000000000000000000000000000000
001101110100100001110111101000000010000000000000000000000000000000000000000000000000000000000000
111111110101101100101000110101000111000000000000000000000000000000000000000000000000000000000000
010001110101111011111010101100110100000000000000000000000000000000000000000000000000000000000000
001010000110101010100100001101101001000000000000000000000000000000000000000000000000000000000000
111100111100010010001101110100100110000000000000000000000000000000000000000000000000000000000000
000111110101110110010010000001100010000000000000000000000000000000000000000000000000000000000000
101010011101111101111010011110010111000000000000000000000000000000000000000000000000000000000000
010000101000001111100000010001100011000000000000000000000000000000000000000000000000000000000000
111110101010011001000101000100100111000000000000000000000000000000000000000000000000000000000000
110100100011101100110000011101000001000000000000000000000000000000000000000000000000000000000000
111101101000011011111011111011000001000000000000000000000000000000000000000000000000000000000000
011010010000010011111100010010000001000000000000000000000000000000000000000000000000000000000000
110110101101000010111111101000101101000000000000000000000000000000000000000000000000000000000000
000011001010001011110010110100001010000000000000000000000000000000000000000000000000000000000000
010001100011011111101101111011110110000000000000000000000000000000000000000000000000000000000000
101001010110110001000001010011011111000000000000000000000000000000000000000000000000000000000000
001010011100100011111111001101011110000000000000000000000000000000000000000000000000000000000000
011111001000000001011011010011110100000000000000000000000000000000000000000000000000000000000000
010101100001000110111001010011101110000000000000000000000000000000000000000000000000000000000000
010000101011101111111111101111111011000000000000000000000000000000000000000000000000000000000000
101010100011010001010001100000011000000000000000000000000000000000000000000000000000000000000000
000001101011111101000011101000101000000000000000000000000000000000000000000000000000000000000000
010101010110010011000010100000100011000000000000000000000000000000000000000000000000000000000000
011111110001000010011010010101100111000000000000000000000000000000000000000000000000000000000000
011111011001111010001000010001010101000000000000000000000000000000000000000000000000000000000000
101111110100100111010110110011111110000000000000000000000000000000000000000000000000000000000000
110100111100100000101100011110110011000000000000000000000000000000000000000000000000000000000000
110010111011110001001100111000111111000000000000000000000000000000000000000000000000000000000000
011011111010000101111100001100100100000000000000000000000000000000000000000000000000000000000000
111110010000010011100110100101111111000000000000000000000000000000000000000000000000000000000000
001000110101010110110000101111100100000000000000000000000000000000000000000000000000000000000000
001101010000011100010100000010010100000000000000000000000000000000000000000000000000000000000000
100101000000000000000101111100100000000000000000000000000000000000000000000000000000000000000000
000100111100111011011010100011101001000000000000000000000000000000000000000000000000000000000000
111110001011011111111001100111000000000000000000000000000000000000000000000000000000000000000000
001111010001100101100011010010001101000000000000000000000000000000000000000000000000000000000000
011100011100001000010001000001111100000000000000000000000000000000000000000000000000000000000000
001111100011010000010110010010110010000000000000000000000000000000000000000000000000000000000000
000100100101000100110011011111000101000000000000000000000000000000000000000000000000000000000000
