110011001001111010011110100001010001000000000000000000000000000000000000000000000000000000000000
001000101101110100111001110110100110000000000000000000000000000000000000000000000000000000000000
001111010000001010111101110110110111000000000000000000000000000000000000000000000000000000000000
100000011101111110001001001000111101000000000000000000000000000000000000000000000000000000000000
010000110001010101010000011111000110000000000000000000000000000000000000000000000000000000000000
000100111000100001000011010000010011000000000000000000000000000000000000000000000000000000000000
100010001101000101001001110010100010000000000000000000000000000000000000000000000000000000000000
010010111100101000000111010011101001000000000000000000000000000000000000000000000000000000000000
001011101111000110011100001011000011000000000000000000000000000000000000000000000000000000000000
110001010010001010000101100101100101000000000000000000000000000000000000000000000000000000000000
000100010011101011100010001000000001000000000000000000000000000000000000000000000000000000000000
100101011101100110011101001011011100000000000000000000000000000000000000000000000000000000000000
010101001010011101101001010111001000000000000000000000000000000000000000000000000000000000000000
111101011101000101010000100001111100000000000000000000000000000000000000000000000000000000000000
100110111010000011000011011100111000000000000000000000000000000000000000000000000000000000000000
111000011001110011111110110111010000000000000000000000000000000000000000000000000000000000000000
100110001111111110100101110101101101000000000000000000000000000000000000000000000000000000000000
110110001000101110011110011001010011000000000000000000000000000000000000000000000000000000000000
011001110110001001101101110111000001000000000000000000000000000000000000000000000000000000000000
011001100011100111001111100110101110000000000000000000000000000000000000000000000000000000000000
101101101100011100100011011101111111000000000000000000000000000000000000000000000000000000000000
001010110000011111001100101110101101000000000000000000000000000000000000000000000000000000000000
010011110011001111111100010000010111000000000000000000000000000000000000000000000000000000000000
111011011100001000011111101001010111000000000000000000000000000000000000000000000000000000000000
010010101010101110100000111001100111000000000000000000000000000000000000000000000000000000000000
111011010000000010100011101101110010000000000000000000000000000000000000000000000000000000000000
100100010011101001010001100110000010000000000000000000000000000000000000000000000000000000000000
100100000100001011001011101010111101000000000000000000000000000000000000000000000000000000000000
000101001000110110111011001101001011000000000000000000000000000000000000000000000000000000000000
100010100000001010001000011110110000000000000000000000000000000000000000000000000000000000000000
010110011010011010000010110010111111000000000000000000000000000000000000000000000000000000000000
101011110011100100000010011100110000000000000000000000000000000000000000000000000000000000000000
100001101001000110111000010101001100000000000000000000000000000000000000000000000000000000000000
100101000101100100101001100001100011000000000000000000000000000000000000000000000000000000000000
001001111111101001110101000101011010000000000000000000000000000000000000000000000000000000000000
100010001010001100001001111011001110000000000000000000000000000000000000000000000000000000000000
101001111110011001001100010111000010000000000000000000000000000000000000000000000000000000000000
011001110010010000011100011011011000000000000000000000000000000000000000000000000000000000000000
111100101100110100001110100001110100000000000000000000000000000000000000000000000000000000000000
001111010001100010010111010111110111000000000000000000000000000000000000000000000000000000000000
111101110100100010011011010000110110000000000000000000000000000000000000000000000000000000000000
000111111110111000101110011001101101000000000000000000000000000000000000000000000000000000000000
000001100111001101111101110010110100000000000000000000000000000000000000000000000000000000000000
111000000100101101010111110010011111000000000000000000000000000000000000000000000000000000000000
110001010001011010101101111011101100000000000000000000000000000000000000000000000000000000000000
110110010010011111001110101011111011000000000000000000000000000000000000000000000000000000000000
110110111100000101000011110010001010000000000000000000000000000000000000000000000000000000000000
111110111010011101110001000010010101000000000000000000000000000000000000000000000000000000000000
101110100110101010110010110111000101000000000000000000000000000000000000000000000000000000000000
110010000101110000010011000000101100000000000000000000000000000000000000000000000000000000000000
101100011110110010001101000010001011000000000000000000000000000000000000000000000000000000000000
110000010000101011111010011000100010000000000000000000000000000000000000000000000000000000000000
001010011001111010111110010000111010000000000000000000000000000000000000000000000000000000000000
010001100011101001110101100000001111000000000000000000000000000000000000000000000000000000000000
010010101101011101101001001011011011000000000000000000000000000000000000000000000000000000000000
110001011011010111001010111000001110000000000000000000000000000000000000000000000000000000000000
010000010101000001100111011011000101000000000000000000000000000000000000000000000000000000000000
010001001110101111111000101001100111000000000000000000000000000000000000000000000000000000000000
111010010000111111110111000111111011000000000000000000000000000000000000000000000000000000000000
000010010110000011101010110110011101000000000000000000000000000000000000000000000000000000000000
010001010011000110111100011001011110000000000000000000000000000000000000000000000000000000000000
010110101110101100111110111011111111000000000000000000000000000000000000000000000000000000000000
010011011001111110111011110010001111000000000000000000000000000000000000000000000000000000000000
110010111110101110010101110000101000000000000000000000000000000000000000000000000000000000000000
000100010011011111011000111111000010000000000000000000000000000000000000000000000000000000000000
011001111001111010100110101010110110000000000000000000000000000000000000000000000000000000000000
000110001001101111100001100100010100000000000000000000000000000000000000000000000000000000000000
011001011100100000011110001111010110000000000000000000000000000000000000000000000000000000000000
111101000100000111101001110111100111000000000000000000000000000000000000000000000000000000000000
011110101110010110110110100101000101000000000000000000000000000000000000000000000000000000000000
000011001101000101010000010000000101000000000000000000000000000000000000000000000000000000000000
010101001110111010000011101000110101000000000000000000000000000000000000000000000000000000000000
010011100110111101010111101001001110000000000000000000000000000000000000000000000000000000000000
110000111110110111001001001010101101000000000000000000000000000000000000000000000000000000000000
010101001010011110111010001101000001000000000000000000000000000000000000000000000000000000000000
011111011001100001000010010001111001000000000000000000000000000000000000000000000000000000000000
101001110110010111111010111101101000000000000000000000000000000000000000000000000000000000000000
111011010000101101001100111100001101000000000000000000000000000000000000000000000000000000000000
100101100100000101011100100011011010000000000000000000000000000000000000000000000000000000000000
111111010010101001010111100100111011000000000000000000000000000000000000000000000000000000000000
111010100110010010100000100011100101000000000000000000000000000000000000000000000000000000000000
011010111001011001100100100000111111000000000000000000000000000000000000000000000000000000000000
010001110011001100100001111100011000000000000000000000000000000000000000000000000000000000000000
110101111010100010111001101000110000000000000000000000000000000000000000000000000000000000000000
101000010001010011101101110111000010000000000000000000000000000000000000000000000000000000000000
111110001100011000101111010010101001000000000000000000000000000000000000000000000000000000000000
011000111000111101111011100101000111000000000000000000000000000000000000000000000000000000000000
000000000000111111101011111000111011000000000000000000000000000000000000000000000000000000000000
000111011010010110001011001110101000000000000000000000000000000000000000000000000000000000000000
100110001010000011100110000100110011000000000000000000000000000000000000000000000000000000000000
110101010101001011111010000001001111000000000000000000000000000000000000000000000000000000000000
000000001000011111110000110011111001000000000000000000000000000000000000000000000000000000000000
001000101101100111011001101001010001000000000000000000000000000000000000000000000000000000000000
010010011101111110100000100100101100000000000000000000000000000000000000000000000000000000000000
000010101101010100101010001110110100000000000000000000000000000000000000000000000000000000000000
111000011101111111111101010111001100000000000000000000000000000000000000000000000000000000000000
000000001111000000110000110001000011000000000000000000000000000000000000000000000000000000000000
010000100001111011011010100100111100000000000000000000000000000000000000000000000000000000000000
110010110111100110100101101011110000000000000000000000000000000000000000000000000000000000000000
011101000011100001110001010111001000000000000000000000000000000000000000000000000000000000000000
010101011010111111101000011011011100000000000000000000000000000000000000000000000000000000000000
110110001110101001000000001110011111000000000000000000000000000000000000000000000000000000000000
011000100110100011011110100111100100000000000000000000000000000000000000000000000000000000000000
000111011111100110100010101001111011000000000000000000000000000000000000000000000000000000000000
100010010011011001000110010011001100000000000000000000000000000000000000000000000000000000000000
000011000010100110001100100111110111000000000000000000000000000000000000000000000000000000000000
010100010011100001000010000101000110000000000000000000000000000000000000000000000000000000000000
101001010100000010011101010001011001000000000000000000000000000000000000000000000000000000000000
101000110100000011100110100001111011000000000000000000000000000000000000000000000000000000000000
000111100110110001011011000101111101000000000000000000000000000000000000000000000000000000000000
001100001010110101111101000100111111000000000000000000000000000000000000000000000000000000000000
110110000101111010110100110111001001000000000000000000000000000000000000000000000000000000000000
100100001011001000101101100011100011000000000000000000000000000000000000000000000000000000000000
101111100111001101001101111011101001000000000000000000000000000000000000000000000000000000000000
110001000001001101110001010110101010000000000000000000000000000000000000000000000000000000000000
111010001011011110110100111011101110000000000000000000000000000000000000000000000000000000000000
101000001000000101100011001010110110000000000000000000000000000000000000000000000000000000000000
001110111001000001010110101111001100000000000000000000000000000000000000000000000000000000000000
100110110110000110000010010111010110000000000000000000000000000000000000000000000000000000000000
001010101001110000001001011111100001000000000000000000000000000000000000000000000000000000000000
110100111100101100011101001110101010000000000000000000000000000000000000000000000000000000000000
111001100101100000111101010001101010000000000000000000000000000000000000000000000000000000000000
011010001000001101100100011000100101000000000000000000000000000000000000000000000000000000000000
000101011111110001010110100100101111000000000000000000000000000000000000000000000000000000000000
100010001011011110011011010110101101000000000000000000000000000000000000000000000000000000000000
000101011010011100000101100101000110000000000000000000000000000000000000000000000000000000000000
000001100011111111100000100111111000000000000000000000000000000000000000000000000000000000000000
010111001010110001000000110001100110000000000000000000000000000000000000000000000000000000000000
111101110101001000010111110001101010000000000000000000000000000000000000000000000000000000000000
100000011100011000100110010110010111000000000000000000000000000000000000000000000000000000000000
000000110000110101100110111010001111000000000000000000000000000000000000000000000000000000000000
000110001011101000000100011111000111000000000000000000000000000000000000000000000000000000000000
100010100101101001101100011110100011000000000000000000000000000000000000000000000000000000000000
110101011010101001100001110111011100000000000000000000000000000000000000000000000000000000000000
001010000000000110110001000100010011000000000000000000000000000000000000000000000000000000000000
011011001000100001111101111110111000000000000000000000000000000000000000000000000000000000000000
110000100111100111110110100100100111000000000000000000000000000000000000000000000000000000000000
101010010010101110001111101000111101000000000000000000000000000000000000000000000000000000000000
101011111000000100010000011000010001000000000000000000000000000000000000000000000000000000000000
000011110000011110111001011111111000000000000000000000000000000000000000000000000000000000000000
000000000010010001100100000001011110000000000000000000000000000000000000000000000000000000000000
110111011101110111000001111110001111000000000000000000000000000000000000000000000000000000000000
000001111111001100100000100100110011000000000000000000000000000000000000000000000000000000000000
100011011001101000000101111101010001000000000000000000000000000000000000000000000000000000000000
010011000001100000000111010101011001000000000000000000000000000000000000000000000000000000000000
010101001000110100011100100101010000000000000000000000000000000000000000000000000000000000000000
101110110100011101010101010010110110000000000000000000000000000000000000000000000000000000000000
000110010110101011000111001011000100000000000000000000000000000000000000000000000000000000000000
100010000100000010111110000011011011000000000000000000000000000000000000000000000000000000000000
101101101100101111000000100001011101000000000000000000000000000000000000000000000000000000000000
010000110001110001111000100100000111000000000000000000000000000000000000000000000000000000000000
001011100100111011011100000100011111000000000000000000000000000000000000000000000000000000000000
101110100011000001111010110010101110000000000000000000000000000000000000000000000000000000000000
000111010001000111100010111111101101000000000000000000000000000000000000000000000000000000000000
101000110001100110001001111100101011000000000000000000000000000000000000000000000000000000000000
010111111111011100001111000000001110000000000000000000000000000000000000000000000000000000000000
011101000101110110111000111001100111000000000000000000000000000000000000000000000000000000000000
110011100010000110111110001110010101000000000000000000000000000000000000000000000000000000000000
001010011111000100001001011100000111000000000000000000000000000000000000000000000000000000000000
011001100110111101110100001011011101000000000000000000000000000000000000000000000000000000000000
010001010010110110100000010100000100000000000000000000000000000000000000000000000000000000000000
110011101111101011100110011101010001000000000000000000000000000000000000000000000000000000000000
000011110011011010000001000010001111000000000000000000000000000000000000000000000000000000000000
101011010001101111010100111011010100000000000000000000000000000000000000000000000000000000000000
110111011001111001001101100011010000000000000000000000000000000000000000000000000000000000000000
000001110100000110010001000001010100000000000000000000000000000000000000000000000000000000000000
110010010011100010111001101001111111000000000000000000000000000000000000000000000000000000000000
011010100000011100111100101110010000000000000000000000000000000000000000000000000000000000000000
000101011110010100111111000111100011000000000000000000000000000000000000000000000000000000000000
110101111100100110111111000110000101000000000000000000000000000000000000000000000000000000000000
000010100100110001111100011111001101000000000000000000000000000000000000000000000000000000000000
010010011011011000001111010100001110000000000000000000000000000000000000000000000000000000000000
001110101101001010001111110110110101000000000000000000000000000000000000000000000000000000000000
101001111101000100011100111000010110000000000000000000000000000000000000000000000000000000000000
101111000110000111010001000111000101000000000000000000000000000000000000000000000000000000000000
001100111111000001100000011011001010000000000000000000000000000000000000000000000000000000000000
110001100011110101101100011011001110000000000000000000000000000000000000000000000000000000000000
000111010111100001011111100011100011000000000000000000000000000000000000000000000000000000000000
110001011100011001011111001101001100000000000000000000000000000000000000000000000000000000000000
111110001101100110001110101010011000000000000000000000000000000000000000000000000000000000000000
010001011110000000010101111110101111000000000000000000000000000000000000000000000000000000000000
011101100001111001011011110010111000000000000000000000000000000000000000000000000000000000000000
101011001000001100101101010011110001000000000000000000000000000000000000000000000000000000000000
100011110010000000111010000000000101000000000000000000000000000000000000000000000000000000000000
011001101000110111001111000010000111000000000000000000000000000000000000000000000000000000000000
001000111111011001110001110001011101000000000000000000000000000000000000000000000000000000000000
110011011001111100111000110001101110000000000000000000000000000000000000000000000000000000000000
011100000101000100010010101010000110000000000000000000000000000000000000000000000000000000000000
110001100010110010110101010101001111000000000000000000000000000000000000000000000000000000000000
111111111001101010101001000111010100000000000000000000000000000000000000000000000000000000000000
111100001001010001100010011111000001000000000000000000000000000000000000000000000000000000000000
111011011010011101000011110010001010000000000000000000000000000000000000000000000000000000000000
011001100111111100000110011010000100000000000000000000000000000000000000000000000000000000000000
011011111010011111100001000000011010000000000000000000000000000000000000000000000000000000000000
101011000010101010010100011100001011000000000000000000000000000000000000000000000000000000000000
101010110010010011010011111000000110000000000000000000000000000000000000000000000000000000000000
000101100001011011011000100100001011000000000000000000000000000000000000000000000000000000000000
111001000111100110100001000101110001000000000000000000000000000000000000000000000000000000000000
011001110100010001101100111111011111000000000000000000000000000000000000000000000000000000000000
011100001101011100010100111100000001000000000000000000000000000000000000000000000000000000000000
111001100110001101001001100000010010000000000000000000000000000000000000000000000000000000000000
011111101111110001110111010010100000000000000000000000000000000000000000000000000000000000000000
100001111001110010101001000010000110000000000000000000000000000000000000000000000000000000000000
000111100010111011101011011011111110000000000000000000000000000000000000000000000000000000000000
000010001001001010000001000001011001000000000000000000000000000000000000000000000000000000000000
100001110101100100111100010110000100000000000000000000000000000000000000000000000000000000000000
000000100111101110011111110110010011000000000000000000000000000000000000000000000000000000000000
111000100000010111011011111100000110000000000000000000000000000000000000000000000000000000000000
001100010110010001111001110000010011000000000000000000000000000000000000000000000000000000000000
010101011011010100001000000110011110000000000000000000000000000000000000000000000000000000000000
001010011011011011000000100000010010000000000000000000000000000000000000000000000000000000000000
101010000110111011011111000010011000000000000000000000000000000000000000000000000000000000000000
101001001101101100001111110101110001000000000000000000000000000000000000000000000000000000000000
101010111100111101010010100000101100000000000000000000000000000000000000000000000000000000000000
000101111010110010000111011011100100000000000000000000000000000000000000000000000000000000000000
101011001010011111011100011001001001000000000000000000000000000000000000000000000000000000000000
000001110101101110111010000001101010000000000000000000000000000000000000000000000000000000000000
100010010000001000101111000110011101000000000000000000000000000000000000000000000000000000000000
000110101011000110000010111110010001000000000000000000000000000000000000000000000000000000000000
011010000010111001011011110000001011000000000000000000000000000000000000000000000000000000000000
100100101111101111010010111110110001000000000000000000000000000000000000000000000000000000000000
010011111011101001101100000011110111000000000000000000000000000000000000000000000000000000000000
111010001001011111111000110101011110000000000000000000000000000000000000000000000000000000000000
111100000110100010110110100101000011000000000000000000000000000000000000000000000000000000000000
110110010101111011100010011101011111000000000000000000000000000000000000000000000000000000000000
100100000101000110100110001000000011000000000000000000000000000000000000000000000000000000000000
100001111110110101111011101000000011000000000000000000000000000000000000000000000000000000000000
000010001001111001111111011111110011000000000000000000000000000000000000000000000000000000000000
111010111000000110011100000111110000000000000000000000000000000000000000000000000000000000000000
111100001101001011001001101110110101000000000000000000000000000000000000000000000000000000000000
110111001010001111011111011000000010000000000000000000000000000000000000000000000000000000000000
000100100000111011001100100001110101000000000000000000000000000000000000000000000000000000000000
000011010001011010001101011110111100000000000000000000000000000000000000000000000000000000000000
111010101011100110110010100110011110000000000000000000000000000000000000000000000000000000000000
001000100010010111110110011010111010000000000000000000000000000000000000000000000000000000000000
101101101001000000111100111111100000000000000000000000000000000000000000000000000000000000000000
100110111110100011011010100001100100000000000000000000000000000000000000000000000000000000000000
100100011001000110100011111001100010000000000000000000000000000000000000000000000000000000000000
100000000001110100100111111100101011000000000000000000000000000000000000000000000000000000000000
001111100011011111101011110111000100000000000000000000000000000000000000000000000000000000000000
001111010110000100101001101110010101000000000000000000000000000000000000000000000000000000000000
101000100011010110110101000011011010000000000000000000000000000000000000000000000000000000000000
101010101110011101110010000000100000000000000000000000000000000000000000000000000000000000000000
111010100001101111111001000001011010000000000000000000000000000000000000000000000000000000000000
110110011001000011101001101000111000000000000000000000000000000000000000000000000000000000000000
111011101111010001100111110100010000000000000000000000000000000000000000000000000000000000000000
111010010010010111010111010001100110000000000000000000000000000000000000000000000000000000000000
010001100100001100001001011010001100000000000000000000000000000000000000000000000000000000000000
011100010100000000001100110000101011000000000000000000000000000000000000000000000000000000000000
110111010111101101110101101111110011000000000000000000000000000000000000000000000000000000000000
110001101000101111011001100000111010000000000000000000000000000000000000000000000000000000000000
110110000001100100010100110001010011000000000000000000000000000000000000000000000000000000000000
111110110100111101011000001010000100000000000000000000000000000000000000000000000000000000000000
110100000000110011001011100100111001000000000000000000000000000000000000000000000000000000000000
001011111111011111011000111011111100000000000000000000000000000000000000000000000000000000000000
011110010001111011010000001101111000000000000000000000000000000000000000000000000000000000000000
101001011011000000100000101011000111000000000000000000000000000000000000000000000000000000000000
101001000000010100000000110110110001000000000000000000000000000000000000000000000000000000000000
001100101110111011101110100000000111000000000000000000000000000000000000000000000000000000000000
111011010111010000001110001010001101000000000000000000000000000000000000000000000000000000000000
000111000100111010110101000001000011000000000000000000000000000000000000000000000000000000000000
000111100011011000000001111011010100000000000000000000000000000000000000000000000000000000000000
000010010100011110111010001000000100000000000000000000000000000000000000000000000000000000000000
111100101100100011001000100101010110000000000000000000000000000000000000000000000000000000000000
101010010010001101001011000110011100000000000000000000000000000000000000000000000000000000000000
010110000111100011100000110111101001000000000000000000000000000000000000000000000000000000000000
111110000010010101110111010111111101000000000000000000000000000000000000000000000000000000000000
101011101011010000101000111111010110000000000000000000000000000000000000000000000000000000000000
101001011001111111010010000010111011000000000000000000000000000000000000000000000000000000000000
000000101101001100110011011100001010000000000000000000000000000000000000000000000000000000000000
010101111000111010101000001100000010000000000000000000000000000000000000000000000000000000000000
001101011001001100100101110110110000000000000000000000000000000000000000000000000000000000000000
010010010011001111111000001100100000000000000000000000000000000000000000000000000000000000000000
000000100110101001100000011100101111000000000000000000000000000000000000000000000000000000000000
100001000101101111001111111011000010000000000000000000000000000000000000000000000000000000000000
110010111111010010101001100010111111000000000000000000000000000000000000000000000000000000000000
101011101111001001011100110111100000000000000000000000000000000000000000000000000000000000000000
001110110110111110001111000010100001000000000000000000000000000000000000000000000000000000000000
111101111010111010000100101000011010000000000000000000000000000000000000000000000000000000000000
011001101100011011000110101001101001000000000000000000000000000000000000000000000000000000000000
101000001100100110101111111111100100000000000000000000000000000000000000000000000000000000000000
111101011001010100110000111001100110000000000000000000000000000000000000000000000000000000000000
111111111000101110011101010100001010000000000000000000000000000000000000000000000000000000000000
000011111111011001101001000001011010000000000000000000000000000000000000000000000000000000000000
000111111101110101101100011101110111000000000000000000000000000000000000000000000000000000000000
011110010011000111111011100111000001000000000000000000000000000000000000000000000000000000000000
100011000001110011100110001000000110000000000000000000000000000000000000000000000000000000000000
100101001100011111111000101101010101000000000000000000000000000000000000000000000000000000000000
001111001000011111101010100110111110000000000000000000000000000000000000000000000000000000000000
100111111011110000100100100110000100000000000000000000000000000000000000000000000000000000000000
001101111100111100111101000010110111000000000000000000000000000000000000000000000000000000000000
000010111011001011011101001001011100000000000000000000000000000000000000000000000000000000000000
010100011110001010011110101101011011000000000000000000000000000000000000000000000000000000000000
011000110111001001111101100111011001000000000000000000000000000000000000000000000000000000000000
110010111010101100100110000111111100000000000000000000000000000000000000000000000000000000000000
010110000111100110001011000101001111000000000000000000000000000000000000000000000000000000000000
000010001110100111110110101011010101000000000000000000000000000000000000000000000000000000000000
100000101100000100011010110111111011000000000000000000000000000000000000000000000000000000000000
100100110000111101000110101100001101000000000000000000000000000000000000000000000000000000000000
011011011100100001000000000000111110000000000000000000000000000000000000000000000000000000000000
000110110011011100011110110011101000000000000000000000000000000000000000000000000000000000000000
100000000101001111011011111101011000000000000000000000000000000000000000000000000000000000000000
100001111110001111101010000100000110000000000000000000000000000000000000000000000000000000000000
101100011111101001110000010111100001000000000000000000000000000000000000000000000000000000000000
101110111000010111110110011001110110000000000000000000000000000000000000000000000000000000000000
000000101010111010101101011000000000000000000000000000000000000000000000000000000000000000000000
111000001011011010100000001011111110000000000000000000000000000000000000000000000000000000000000
001110101101011001101101110101101001000000000000000000000000000000000000000000000000000000000000
001011110010010100100110001101100101000000000000000000000000000000000000000000000000000000000000
010001001010111111100110110011010011000000000000000000000000000000000000000000000000000000000000
110101011001110111001010010000000001000000000000000000000000000000000000000000000000000000000000
001111111111111010101001010011010001000000000000000000000000000000000000000000000000000000000000
100001110101100010001111100100010100000000000000000000000000000000000000000000000000000000000000
011101110001110110100100100000111010000000000000000000000000000000000000000000000000000000000000
100110101010010101001100100011000011000000000000000000000000000000000000000000000000000000000000
001001111100011000101000111001000101000000000000000000000000000000000000000000000000000000000000
110100101100110000011111111101011001000000000000000000000000000000000000000000000000000000000000
011001111111011111111101101001110011000000000000000000000000000000000000000000000000000000000000
011011010111011101111011110110100101000000000000000000000000000000000000000000000000000000000000
001110111010011110111010000100000100000000000000000000000000000000000000000000000000000000000000
010110011010110010001011111001111100000000000000000000000000000000000000000000000000000000000000
000000110001011000110010110111110110000000000000000000000000000000000000000000000000000000000000
110110101010110010110100110111000000000000000000000000000000000000000000000000000000000000000000
001101000101110110100111100001001010000000000000000000000000000000000000000000000000000000000000
110110000000000001110110101110110111000000000000000000000000000000000000000000000000000000000000
101010011001010000000111011110011111000000000000000000000000000000000000000000000000000000000000
000111010111010100110101101010001100000000000000000000000000000000000000000000000000000000000000
011000110100111010110110100111011000000000000000000000000000000000000000000000000000000000000000
001100000100100110001101111110001100000000000000000000000000000000000000000000000000000000000000
110010001111110100101011011110000100000000000000000000000000000000000000000000000000000000000000
000100000100100000011101110000101000000000000000000000000000000000000000000000000000000000000000
101001010100100101100110110110110001000000000000000000000000000000000000000000000000000000000000
111011010100100011011010010000011101000000000000000000000000000000000000000000000000000000000000
010100101011010111111100111111010100000000000000000000000000000000000000000000000000000000000000
110101111110011010101001010100001011000000000000000000000000000000000000000000000000000000000000
110101100101111001000101111001011001000000000000000000000000000000000000000000000000000000000000
110001111100101110110001010111110010000000000000000000000000000000000000000000000000000000000000
111111000000110111100100100011011010000000000000000000000000000000000000000000000000000000000000
001010100011100010000100010110000011000000000000000000000000000000000000000000000000000000000000
110010010111111001000001101101110100000000000000000000000000000000000000000000000000000000000000
001001101001001000010111010111011011000000000000000000000000000000000000000000000000000000000000
011111001011100100101110010100111011000000000000000000000000000000000000000000000000000000000000
101101100011010011001010101101001100000000000000000000000000000000000000000000000000000000000000
000001101001101111011000110010101011000000000000000000000000000000000000000000000000000000000000
101000011100010000111111010010111110000000000000000000000000000000000000000000000000000000000000
010111110001110001000011011000100010000000000000000000000000000000000000000000000000000000000000
100111000001001100100011000111000101000000000000000000000000000000000000000000000000000000000000
001100110011110011011100001110111010000000000000000000000000000000000000000000000000000000000000
101100000110101110101010001000011010000000000000000000000000000000000000000000000000000000000000
011111010100100010100101101001011100000000000000000000000000000000000000000000000000000000000000
100101011011010101001010000111011001000000000000000000000000000000000000000000000000000000000000
000101011000101001001111111110000000000000000000000000000000000000000000000000000000000000000000
110111001100110101100001011010000111000000000000000000000000000000000000000000000000000000000000
010011110000111111111111100101100011000000000000000000000000000000000000000000000000000000000000
100000010011011010110010011100010100000000000000000000000000000000000000000000000000000000000000
000111011011101011100001111100011010000000000000000000000000000000000000000000000000000000000000
111110101001001010001100000001100000000000000000000000000000000000000000000000000000000000000000
110100111110111100010011010011010101000000000000000000000000000000000000000000000000000000000000
010011000111110001001110100000111100000000000000000000000000000000000000000000000000000000000000
101001001111101000011111110110101100000000000000000000000000000000000000000000000000000000000000
110111001000100110011101010010111101000000000000000000000000000000000000000000000000000000000000
111111100001110011111000110011000111000000000000000000000000000000000000000000000000000000000000
101000101100110101101010000001100011000000000000000000000000000000000000000000000000000000000000
101111101101110001010110110111001100000000000000000000000000000000000000000000000000000000000000
111100000111001111101100100111000100000000000000000000000000000000000000000000000000000000000000
110010100000110010101001100110110011000000000000000000000000000000000000000000000000000000000000
111010100111111110111000100100100110000000000000000000000000000000000000000000000000000000000000
101110100101000100000100101011010100000000000000000000000000000000000000000000000000000000000000
010000100111001000010100011101111110000000000000000000000000000000000000000000000000000000000000
110100010111110101110001001000000001000000000000000000000000000000000000000000000000000000000000
101110000010111100011111111101000001000000000000000000000000000000000000000000000000000000000000
111000101111101000101010011010011111000000000000000000000000000000000000000000000000000000000000
111011100110011010000000011101011000000000000000000000000000000000000000000000000000000000000000
110100001001001111100110001110110111000000000000000000000000000000000000000000000000000000000000
100111101111111110110110000001001000000000000000000000000000000000000000000000000000000000000000
111111111011000110100111111111011011000000000000000000000000000000000000000000000000000000000000
110111010111100011111000110000011111000000000000000000000000000000000000000000000000000000000000
110110011011000110001010100010011100000000000000000000000000000000000000000000000000000000000000
001010010010110110100001110101111000000000000000000000000000000000000000000000000000000000000000
001001000111100000000011001000100110000000000000000000000000000000000000000000000000000000000000
001110001110000011000111101100100001000000000000000000000000000000000000000000000000000000000000
110101111000110000111011010011100101000000000000000000000000000000000000000000000000000000000000
001101100001010100100101011101011001000000000000000000000000000000000000000000000000000000000000
000100110100100010111000011011101101000000000000000000000000000000000000000000000000000000000000
000011001110100010001010110110111001000000000000000000000000000000000000000000000000000000000000
010100000110010101110000000110010110000000000000000000000000000000000000000000000000000000000000
100011001001000001100001011101110110000000000000000000000000000000000000000000000000000000000000
010000000000100010001000000101011110000000000000000000000000000000000000000000000000000000000000
010010001101001010000000101000010111000000000000000000000000000000000000000000000000000000000000
000000001001110001110011110010101111000000000000000000000000000000000000000000000000000000000000
111101111100011110111000101111111110000000000000000000000000000000000000000000000000000000000000
101000110011110111000110110101110010000000000000000000000000000000000000000000000000000000000000
111100100101111011011100111001100101000000000000000000000000000000000000000000000000000000000000
000010111110111011110111100000101111000000000000000000000000000000000000000000000000000000000000
011000001110111000101010101010111111000000000000000000000000000000000000000000000000000000000000
100110110100100111100111011000100010000000000000000000000000000000000000000000000000000000000000
100110110101010000110101110100000101000000000000000000000000000000000000000000000000000000000000
100010001110111001101001010100010011000000000000000000000000000000000000000000000000000000000000
111001110001010010011100011010100001000000000000000000000000000000000000000000000000000000000000
100001101101101010001011100001001001000000000000000000000000000000000000000000000000000000000000
101010001111100000110011000101000001000000000000000000000000000000000000000000000000000000000000
101011101110110101000001111000011011000000000000000000000000000000000000000000000000000000000000
011101101001011010101001110111001010000000000000000000000000000000000000000000000000000000000000
011101010001100010001111100001100101000000000000000000000000000000000000000000000000000000000000
001100100111001111110101000010101000000000000000000000000000000000000000000000000000000000000000
101011110010101000101001010101011011000000000000000000000000000000000000000000000000000000000000
111101110000110001000110011001111111000000000000000000000000000000000000000000000000000000000000
011001010001010110010000010000101110000000000000000000000000000000000000000000000000000000000000
001000001000110001010111000100010010000000000000000000000000000000000000000000000000000000000000
110110010001011001011011001100111111000000000000000000000000000000000000000000000000000000000000
011001100001001101101010110111001000000000000000000000000000000000000000000000000000000000000000
011010011000001100100010010111001010000000000000000000000000000000000000000000000000000000000000
111010110000111010111000110001100000000000000000000000000000000000000000000000000000000000000000
000101001000011110100010110101101111000000000000000000000000000000000000000000000000000000000000
001001010111011000000010110110110110000000000000000000000000000000000000000000000000000000000000
110010001101111011110011111000011001000000000000000000000000000000000000000000000000000000000000
000101010100010111111010000110110110000000000000000000000000000000000000000000000000000000000000
010110101010001011000110110001000000000000000000000000000000000000000000000000000000000000000000
111100110101001001011001100011000010000000000000000000000000000000000000000000000000000000000000
101111001110100110110100110101101100000000000000000000000000000000000000000000000000000000000000
110100100110111110001101010101010111000000000000000000000000000000000000000000000000000000000000
101110000001011111101010000111111000000000000000000000000000000000000000000000000000000000000000
010010100010011111000011101001110000000000000000000000000000000000000000000000000000000000000000
100000111110001110111100001100101101000000000000000000000000000000000000000000000000000000000000
010011111001111001111011111000101000000000000000000000000000000000000000000000000000000000000000
111010011001010010011011111100001110000000000000000000000000000000000000000000000000000000000000
111100100010111111000100010100101000000000000000000000000000000000000000000000000000000000000000
111100001111010010010101101111101001000000000000000000000000000000000000000000000000000000000000
001010001011001010010001010101010100000000000000000000000000000000000000000000000000000000000000
011101100100100111001001011000000001000000000000000000000000000000000000000000000000000000000000
101111001001001001001000101000001110000000000000000000000000000000000000000000000000000000000000
101001010110111110101001110111100010000000000000000000000000000000000000000000000000000000000000
101110001100110010100100011011101111000000000000000000000000000000000000000000000000000000000000
100000001011011110100001001110001111000000000000000000000000000000000000000000000000000000000000
111111100011101010110010100111000110000000000000000000000000000000000000000000000000000000000000
110001110111110010001111101001011010000000000000000000000000000000000000000000000000000000000000
100110100100110000000010010001101001000000000000000000000000000000000000000000000000000000000000
010101011100011110100101011101111011000000000000000000000000000000000000000000000000000000000000
011100000011111011101111101010101001000000000000000000000000000000000000000000000000000000000000
101110100100101010101101110000101100000000000000000000000000000000000000000000000000000000000000
011001111100001101011010000011001100000000000000000000000000000000000000000000000000000000000000
111010110110000011011011010001010000000000000000000000000000000000000000000000000000000000000000
010111110100110000101001010100001010000000000000000000000000000000000000000000000000000000000000
110010010100100001001010111000010100000000000000000000000000000000000000000000000000000000000000
001110000001011101100011110111100101000000000000000000000000000000000000000000000000000000000000
000101100001001110101011100100001000000000000000000000000000000000000000000000000000000000000000
100101000111000001111110000110111111000000000000000000000000000000000000000000000000000000000000
110101001011100100101101101111111011000000000000000000000000000000000000000000000000000000000000
111011000001100100001011110101101000000000000000000000000000000000000000000000000000000000000000
010001001111000111011000010000001110000000000000000000000000000000000000000000000000000000000000
011111101110101111001110010010110110000000000000000000000000000000000000000000000000000000000000
001110001001111110110110110101001101000000000000000000000000000000000000000000000000000000000000
101000100101110110000010010000000110000000000000000000000000000000000000000000000000000000000000
101110100100011111111011001001111001000000000000000000000000000000000000000000000000000000000000
001100011110100110011011000000100001000000000000000000000000000000000000000000000000000000000000
010111111101010110010111100010111000000000000000000000000000000000000000000000000000000000000000
001110110100010111111111101011011100000000000000000000000000000000000000000000000000000000000000
110001110110111111011011001000000001000000000000000000000000000000000000000000000000000000000000
101010000011011001100110111000110010000000000000000000000000000000000000000000000000000000000000
111011100000101100000111101010001110000000000000000000000000000000000000000000000000000000000000
111010010110101100110011011100000111000000000000000000000000000000000000000000000000000000000000
001100111000100001101101111011100101000000000000000000000000000000000000000000000000000000000000
010101100011001100011000000011100110000000000000000000000000000000000000000000000000000000000000
100010010111001010110010000111110101000000000000000000000000000000000000000000000000000000000000
000101101000100001000011100101100100000000000000000000000000000000000000000000000000000000000000
011010100011111000101001010011111001000000000000000000000000000000000000000000000000000000000000
010010000010110010111110100100100100000000000000000000000000000000000000000000000000000000000000
010011110001101010111101000000000111000000000000000000000000000000000000000000000000000000000000
101101101001101111001001111110111100000000000000000000000000000000000000000000000000000000000000
011111001111111011000001001111100110000000000000000000000000000000000000000000000000000000000000
100101001111000111011011010100010010000000000000000000000000000000000000000000000000000000000000
010001001111000000000011101111010110000000000000000000000000000000000000000000000000000000000000
101111101111110000110101000100100110000000000000000000000000000000000000000000000000000000000000
000011101111101001101011101110000000000000000000000000000000000000000000000000000000000000000000
001010001110110100100001100111010111000000000000000000000000000000000000000000000000000000000000
111010101111111000011000101101111011000000000000000000000000000000000000000000000000000000000000
010011010001011110011111110000111011000000000000000000000000000000000000000000000000000000000000
100010100011100000011000011100110010000000000000000000000000000000000000000000000000000000000000
101001111111111010111011101010011100000000000000000000000000000000000000000000000000000000000000
101110101110101011011100101000011001000000000000000000000000000000000000000000000000000000000000
011011010011011101100110100001100110000000000000000000000000000000000000000000000000000000000000
100111111011000010010100100100000110000000000000000000000000000000000000000000000000000000000000
011100111110001110110110111011010000000000000000000000000000000000000000000000000000000000000000
011001100111010111101011101101111100000000000000000000000000000000000000000000000000000000000000
111001000001111110011010001001001101000000000000000000000000000000000000000000000000000000000000
001011101101101101000011011101100001000000000000000000000000000000000000000000000000000000000000
110111011010011000001010100110010001000000000000000000000000000000000000000000000000000000000000
011100111100011011111010101111000100000000000000000000000000000000000000000000000000000000000000
110111010100001001001001100011000000000000000000000000000000000000000000000000000000000000000000
001001010010000001010000000000010110000000000000000000000000000000000000000000000000000000000000
110010011101000100100100011010011110000000000000000000000000000000000000000000000000000000000000
000011100011011011000000001001001010000000000000000000000000000000000000000000000000000000000000
010000101111011011011000011100011100000000000000000000000000000000000000000000000000000000000000
001101110111000011000011000110001110000000000000000000000000000000000000000000000000000000000000
011101110000110100001000100110010100000000000000000000000000000000000000000000000000000000000000
100100101101010111110101111101111110000000000000000000000000000000000000000000000000000000000000
100100001001001110001101100100111011000000000000000000000000000000000000000000000000000000000000
110000111111100000011001100100100000000000000000000000000000000000000000000000000000000000000000
000010011111111111001100100010110011000000000000000000000000000000000000000000000000000000000000
100111110010011000111101011000010101000000000000000000000000000000000000000000000000000000000000
000100010111110110110011110111111100000000000000000000000000000000000000000000000000000000000000
000010001100011111101000010100111001000000000000000000000000000000000000000000000000000000000000
101100011110010110101101010100000001000000000000000000000000000000000000000000000000000000000000
100101010100100001100011110110011011000000000000000000000000000000000000000000000000000000000000
010001011110100101010100101001000111000000000000000000000000000000000000000000000000000000000000
111011010100011110011000010001010100000000000000000000000000000000000000000000000000000000000000
111000001110111100110010000001011110000000000000000000000000000000000000000000000000000000000000
111111000111011101010001000011101010000000000000000000000000000000000000000000000000000000000000
100010111101100111110110001010111001000000000000000000000000000000000000000000000000000000000000
101000000011110111001001100111011111000000000000000000000000000000000000000000000000000000000000
010111001101000100010011100010000010000000000000000000000000000000000000000000000000000000000000
010110101010011101010011000010111010000000000000000000000000000000000000000000000000000000000000
010001001000000100001011011111001011000000000000000000000000000000000000000000000000000000000000
101000110110011011100100011111111100000000000000000000000000000000000000000000000000000000000000
000001111011011100010100111000010100000000000000000000000000000000000000000000000000000000000000
011100101110101001110001010000010000000000000000000000000000000000000000000000000000000000000000
101111000101100011010111000001100000000000000000000000000000000000000000000000000000000000000000
001110001101000110010110001111111000000000000000000000000000000000000000000000000000000000000000
100110000010000010111100010100001110000000000000000000000000000000000000000000000000000000000000
011110111001111000011100100100111110000000000000000000000000000000000000000000000000000000000000
110011110100001010111010011011101110000000000000000000000000000000000000000000000000000000000000
010111100101110010001010001110111100000000000000000000000000000000000000000000000000000000000000
000100001111100110100011010010001001000000000000000000000000000000000000000000000000000000000000
111001100100111111010000011001100001000000000000000000000000000000000000000000000000000000000000
000000100101111111000010111011001000000000000000000000000000000000000000000000000000000000000000
001110100001101011010110100010001110000000000000000000000000000000000000000000000000000000000000
101000110010001001001011101010010000000000000000000000000000000000000000000000000000000000000000
110100111001001011111010101011101000000000000000000000000000000000000000000000000000000000000000
100110001001000110010010110011010000000000000000000000000000000000000000000000000000000000000000
100100010000010001001100111010011011000000000000000000000000000000000000000000000000000000000000
011100001110101000011011101101101111000000000000000000000000000000000000000000000000000000000000
100100111011000110101010010001101100000000000000000000000000000000000000000000000000000000000000
110100001000011101011010000110001100000000000000000000000000000000000000000000000000000000000000
010110111111010101101100100100111101000000000000000000000000000000000000000000000000000000000000
111001100011000011011010011011100010000000000000000000000000000000000000000000000000000000000000
110110000101111001110011110110010011000000000000000000000000000000000000000000000000000000000000
000100110010001010110110110010110011000000000000000000000000000000000000000000000000000000000000
000001011101110010100100111010110010000000000000000000000000000000000000000000000000000000000000
101000110111010001000011011000111001000000000000000000000000000000000000000000000000000000000000
000101101000101111000100010110010111000000000000000000000000000000000000000000000000000000000000
011000111100100101100110111000111000000000000000000000000000000000000000000000000000000000000000
101011110010001011000101000010110111000000000000000000000000000000000000000000000000000000000000
011000000111111110100001001100100101000000000000000000000000000000000000000000000000000000000000
110101110110011000110010000011010110000000000000000000000000000000000000000000000000000000000000
000011001011100001111101100100010001000000000000000000000000000000000000000000000000000000000000
111011110111101111111101001011011111000000000000000000000000000000000000000000000000000000000000
010001111101010011011110001011010101000000000000000000000000000000000000000000000000000000000000
110111101101001001001010011000110010000000000000000000000000000000000000000000000000000000000000
001011001011000101100110111011011101000000000000000000000000000000000000000000000000000000000000
101111101101000010000000100110110010000000000000000000000000000000000000000000000000000000000000
011110101100100100100011111001101011000000000000000000000000000000000000000000000000000000000000
010101110101011110010100000011110000000000000000000000000000000000000000000000000000000000000000
110100010100110100011001000100010111000000000000000000000000000000000000000000000000000000000000
110000111110111000101001110010100010000000000000000000000000000000000000000000000000000000000000
010000110001000001010000000000111110000000000000000000000000000000000000000000000000000000000000
000010101101100110100011010010100011000000000000000000000000000000000000000000000000000000000000
100100001110011011010101011111011010000000000000000000000000000000000000000000000000000000000000
001010111010101100000011100101011111000000000000000000000000000000000000000000000000000000000000
111010001010111101000100010010000011000000000000000000000000000000000000000000000000000000000000
111010110110010001100100100001010110000000000000000000000000000000000000000000000000000000000000
101101000110011011011100101010110001000000000000000000000000000000000000000000000000000000000000
001111111100110110000111111000000100000000000000000000000000000000000000000000000000000000000000
011110111001111011010001011011000010000000000000000000000000000000000000000000000000000000000000
110001110110111000100111011001110011000000000000000000000000000000000000000000000000000000000000
001010111100101101101011110110011010000000000000000000000000000000000000000000000000000000000000
011101011101000001101111101010111010000000000000000000000000000000000000000000000000000000000000
111001111000101001010000101101101100000000000000000000000000000000000000000000000000000000000000
000101011110010001111100000010001100000000000000000000000000000000000000000000000000000000000000
100111110110110010011111011110111111000000000000000000000000000000000000000000000000000000000000
000001000001010000000110010100111110000000000000000000000000000000000000000000000000000000000000
000010101001011100110011101101011000000000000000000000000000000000000000000000000000000000000000
101010110010110011100010011000110010000000000000000000000000000000000000000000000000000000000000
111110101001010110110011100111110011000000000000000000000000000000000000000000000000000000000000
100001010011111111010011000101010011000000000000000000000000000000000000000000000000000000000000
000100010100011101011100001100010110000000000000000000000000000000000000000000000000000000000000
000001110011001101100100000001100011000000000000000000000000000000000000000000000000000000000000
011110111000000010001100111001111001000000000000000000000000000000000000000000000000000000000000
010011001000010110010100110000110010000000000000000000000000000000000000000000000000000000000000
101100110100000111110110111001111011000000000000000000000000000000000000000000000000000000000000
111101101100100111001011100010110110000000000000000000000000000000000000000000000000000000000000
111001100110110100101110001001111011000000000000000000000000000000000000000000000000000000000000
011010000101111010111111110111001011000000000000000000000000000000000000000000000000000000000000
011100011000010110010111011000111100000000000000000000000000000000000000000000000000000000000000
011010101111101100110110110111000100000000000000000000000000000000000000000000000000000000000000
011100100101111111101110011110101011000000000000000000000000000000000000000000000000000000000000
110111001001000000010111100110000111000000000000000000000000000000000000000000000000000000000000
001111101011101100111101001101001010000000000000000000000000000000000000000000000000000000000000
010100011100101011000110000011111010000000000000000000000000000000000000000000000000000000000000
101011101001000101111111111001111111000000000000000000000000000000000000000000000000000000000000
001110111010111001011101001001011001000000000000000000000000000000000000000000000000000000000000
110011110101110101010101101011000100000000000000000000000000000000000000000000000000000000000000
110011011000011001111001111010101100000000000000000000000000000000000000000000000000000000000000
010111001100110111011001100001011011000000000000000000000000000000000000000000000000000000000000
000100111100011001010011100011101101000000000000000000000000000000000000000000000000000000000000
001000011011000101101011001110100011000000000000000000000000000000000000000000000000000000000000
110000011001111001000001111111010010000000000000000000000000000000000000000000000000000000000000
001000100000010001110101101001110001000000000000000000000000000000000000000000000000000000000000
101010100101001011011000011100001111000000000000000000000000000000000000000000000000000000000000
010011011001010011111101101110011101000000000000000000000000000000000000000000000000000000000000
011000001001111000000110101011100110000000000000000000000000000000000000000000000000000000000000
000111011111101100100011011000000010000000000000000000000000000000000000000000000000000000000000
001100100001101101111011111110111001000000000000000000000000000000000000000000000000000000000000
100010001111101001110101001100101101000000000000000000000000000000000000000000000000000000000000
111111111110111011000001001111011010000000000000000000000000000000000000000000000000000000000000
001010010110111100100000101001010011000000000000000000000000000000000000000000000000000000000000
110011000111111001101011010000001011000000000000000000000000000000000000000000000000000000000000
110110111010101000010101010101100110000000000000000000000000000000000000000000000000000000000000
011000001100100100110100000010011010000000000000000000000000000000000000000000000000000000000000
100110111111001010000001010110000011000000000000000000000000000000000000000000000000000000000000
001011000000011101011101010111010110000000000000000000000000000000000000000000000000000000000000
100100000000010101010001011001110010000000000000000000000000000000000000000000000000000000000000
011011110101101110100101101110110001000000000000000000000000000000000000000000000000000000000000
010001010011011001000101100111111111000000000000000000000000000000000000000000000000000000000000
011110001001100100010101111000110011000000000000000000000000000000000000000000000000000000000000
110001110111000111000110001100111010000000000000000000000000000000000000000000000000000000000000
010100011011111100000101011000100111000000000000000000000000000000000000000000000000000000000000
001111001101101111100011101001001011000000000000000000000000000000000000000000000000000000000000
111111101010010011101110101111110110000000000000000000000000000000000000000000000000000000000000
110100110000110010000111100100110110000000000000000000000000000000000000000000000000000000000000
011001001100001111111100110110101100000000000000000000000000000000000000000000000000000000000000
001001100010111101100000001100111010000000000000000000000000000000000000000000000000000000000000
010110010111100000011100001000110010000000000000000000000000000000000000000000000000000000000000
100110011001111010000100000011111001000000000000000000000000000000000000000000000000000000000000
010111000011010100101010110011010000000000000000000000000000000000000000000000000000000000000000
111010011111011000000001010011010001000000000000000000000000000000000000000000000000000000000000
110000000011011010101101011000011011000000000000000000000000000000000000000000000000000000000000
011010101110010000111111010010000000000000000000000000000000000000000000000000000000000000000000
010100110010100000011011001110010001000000000000000000000000000000000000000000000000000000000000
110000100000011100000000011000110000000000000000000000000000000000000000000000000000000000000000
001100100010011111011111011100101011000000000000000000000000000000000000000000000000000000000000
001101101111001011101101001100101101000000000000000000000000000000000000000000000000000000000000
101100101010110000110001100011010110000000000000000000000000000000000000000000000000000000000000
011111101001001011100101100110010101000000000000000000000000000000000000000000000000000000000000
110110011001100001010111011111011111000000000000000000000000000000000000000000000000000000000000
011110011100011111100100001010100100000000000000000000000000000000000000000000000000000000000000
101000101011110111010101110101000000000000000000000000000000000000000000000000000000000000000000
011001000110111011001110101001111101000000000000000000000000000000000000000000000000000000000000
110111010010000111010111100100101000000000000000000000000000000000000000000000000000000000000000
110011010010110100111011001101010110000000000000000000000000000000000000000000000000000000000000
000110010111011010011110010100001000000000000000000000000000000000000000000000000000000000000000
110101101100101110111001100101010111000000000000000000000000000000000000000000000000000000000000
010111111110100011011111000111100010000000000000000000000000000000000000000000000000000000000000
100101101101010101100111000000111000000000000000000000000000000000000000000000000000000000000000
100101100000011101000111001110010000000000000000000000000000000000000000000000000000000000000000
110001111001101101100011001011101111000000000000000000000000000000000000000000000000000000000000
110110011011001010111001010111101011000000000000000000000000000000000000000000000000000000000000
110111011101010111010100011010011001000000000000000000000000000000000000000000000000000000000000
011100010011010001000101000011001101000000000000000000000000000000000000000000000000000000000000
111111110101011101010111110100100101000000000000000000000000000000000000000000000000000000000000
010110101010111100011011101001111010000000000000000000000000000000000000000000000000000000000000
001011111011001100111101100010100010000000000000000000000000000000000000000000000000000000000000
110100011000100101111100111000011000000000000000000000000000000000000000000000000000000000000000
001001101101111111111001100111000011000000000000000000000000000000000000000000000000000000000000
100001011010100111101110001101010001000000000000000000000000000000000000000000000000000000000000
111001100001111010110000001101011110000000000000000000000000000000000000000000000000000000000000
010011001110010110011000011010111011000000000000000000000000000000000000000000000000000000000000
101100110001001000001010011010011011000000000000000000000000000000000000000000000000000000000000
010111101011011011001001100111011101000000000000000000000000000000000000000000000000000000000000
110111010000010001111100110110011001000000000000000000000000000000000000000000000000000000000000
000111010000100001001011101010010110000000000000000000000000000000000000000000000000000000000000
011111101011111110101110001111010000000000000000000000000000000000000000000000000000000000000000
110100110101010100111110101100011000000000000000000000000000000000000000000000000000000000000000
011111111110000011010010110110111101000000000000000000000000000000000000000000000000000000000000
111111011101101100110000011001010101000000000000000000000000000000000000000000000000000000000000
100111000001000001011001100111100100000000000000000000000000000000000000000000000000000000000000
001110110000100110001000110000000010000000000000000000000000000000000000000000000000000000000000
111111001100010010101111101101100000000000000000000000000000000000000000000000000000000000000000
001001011001110111111001001001000101000000000000000000000000000000000000000000000000000000000000
010011001101100000100100010111101001000000000000000000000000000000000000000000000000000000000000
010010010011000101101110111001100100000000000000000000000000000000000000000000000000000000000000
101001101000110110010101000111100110000000000000000000000000000000000000000000000000000000000000
001110110001100010101100101101011110000000000000000000000000000000000000000000000000000000000000
010001011110110111011000101011111000000000000000000000000000000000000000000000000000000000000000
011100010101010001001101101110101100000000000000000000000000000000000000000000000000000000000000
001001001011101100000010110010101000000000000000000000000000000000000000000000000000000000000000
101000111111001100111101101011100101000000000000000000000000000000000000000000000000000000000000
101001000111000001110000001111000011000000000000000000000000000000000000000000000000000000000000
101010111010111111110011011011000011000000000000000000000000000000000000000000000000000000000000
101110111010010000000111011010001000000000000000000000000000000000000000000000000000000000000000
101111100110000000101001000101100100000000000000000000000000000000000000000000000000000000000000
100000101111011100100100000111100110000000000000000000000000000000000000000000000000000000000000
000101011110011010101101000101010100000000000000000000000000000000000000000000000000000000000000
000111001110111011110010100011110000000000000000000000000000000000000000000000000000000000000000
101010100100010111110101100100001001000000000000000000000000000000000000000000000000000000000000
000010000001101110010110010100001101000000000000000000000000000000000000000000000000000000000000
101000100101100011110011111101000111000000000000000000000000000000000000000000000000000000000000
010101001000100001101101101010011111000000000000000000000000000000000000000000000000000000000000
110100010111000001011010001100100101000000000000000000000000000000000000000000000000000000000000
110101100100001010100101011111101101000000000000000000000000000000000000000000000000000000000000
000011111101000000010000001100001100000000000000000000000000000000000000000000000000000000000000
110110011101000011001001110011110111000000000000000000000000000000000000000000000000000000000000
110110011110101110100101111010111011000000000000000000000000000000000000000000000000000000000000
011001111101001010110011011000111111000000000000000000000000000000000000000000000000000000000000
010111101011010001101110001001011000000000000000000000000000000000000000000000000000000000000000
011001000110010101100001011000100000000000000000000000000000000000000000000000000000000000000000
010001011011111111110011100101100111000000000000000000000000000000000000000000000000000000000000
101000101000011000111100111101110011000000000000000000000000000000000000000000000000000000000000
001101111001111100010000011100010011000000000000000000000000000000000000000000000000000000000000
100001100100011101101010100111011010000000000000000000000000000000000000000000000000000000000000
110100100111010101000100100000010111000000000000000000000000000000000000000000000000000000000000
111011110011001110100111011111000110000000000000000000000000000000000000000000000000000000000000
111010111101100011000011010101001000000000000000000000000000000000000000000000000000000000000000
010010101011010101000010110001010111000000000000000000000000000000000000000000000000000000000000
101100000110011101010011010010101111000000000000000000000000000000000000000000000000000000000000
001101011010111110110100000010101010000000000000000000000000000000000000000000000000000000000000
000010101100010100110011100000101010000000000000000000000000000000000000000000000000000000000000
100000111010111110011011101101100101000000000000000000000000000000000000000000000000000000000000
011011111000101101011010101101010110000000000000000000000000000000000000000000000000000000000000
011110101000010001000011101011111010000000000000000000000000000000000000000000000000000000000000
110101110100010101101001111111110000000000000000000000000000000000000000000000000000000000000000
001010001110001010100010111000111100000000000000000000000000000000000000000000000000000000000000
100110000110100101001001011000010110000000000000000000000000000000000000000000000000000000000000
010001100001011100111100100000011011000000000000000000000000000000000000000000000000000000000000
010001101111010110011111011000100011000000000000000000000000000000000000000000000000000000000000
111010110001101101111100100001010011000000000000000000000000000000000000000000000000000000000000
010100101001101111110100011010111001000000000000000000000000000000000000000000000000000000000000
100011110010000011110111011011100000000000000000000000000000000000000000000000000000000000000000
011001110100110110111010100000000111000000000000000000000000000000000000000000000000000000000000
011010100101111010100000100101011010000000000000000000000000000000000000000000000000000000000000
100010100010100100100100110011110100000000000000000000000000000000000000000000000000000000000000
001101001110100010000100100001101101000000000000000000000000000000000000000000000000000000000000
111000100111011100111011111001100100000000000000000000000000000000000000000000000000000000000000
111100101001001100010111110010100111000000000000000000000000000000000000000000000000000000000000
001010011101010011000110000111010010000000000000000000000000000000000000000000000000000000000000
100000111011011001111010100000010110000000000000000000000000000000000000000000000000000000000000
010011110111011100111001001101010101000000000000000000000000000000000000000000000000000000000000
110000001101100010101100011100001001000000000000000000000000000000000000000000000000000000000000
011101110101011111001001111000101101000000000000000000000000000000000000000000000000000000000000
001011111110100111000101101010011000000000000000000000000000000000000000000000000000000000000000
110101111100111101001111101001111011000000000000000000000000000000000000000000000000000000000000
011111100010101011101100011010110101000000000000000000000000000000000000000000000000000000000000
110110011001100001110010111010111100000000000000000000000000000000000000000000000000000000000000
011001000110100101100100101011010010000000000000000000000000000000000000000000000000000000000000
000011111110101000100000110011011111000000000000000000000000000000000000000000000000000000000000
111100111001100010010100101011010110000000000000000000000000000000000000000000000000000000000000
001010011100000011101000000011011110000000000000000000000000000000000000000000000000000000000000
010110000110000111100100010111101010000000000000000000000000000000000000000000000000000000000000
011010111010101010111010000001100000000000000000000000000000000000000000000000000000000000000000
100111100101100000101000111000010001000000000000000000000000000000000000000000000000000000000000
011000111010110111001000110101110010000000000000000000000000000000000000000000000000000000000000
001101010000101001100011101111001000000000000000000000000000000000000000000000000000000000000000
101010001001110110100001101000010001000000000000000000000000000000000000000000000000000000000000
011100110100110100011110100000010110000000000000000000000000000000000000000000000000000000000000
101101011000101100010001100011011111000000000000000000000000000000000000000000000000000000000000
101101011110001101000101111010111001000000000000000000000000000000000000000000000000000000000000
000000101111010010111110101001001000000000000000000000000000000000000000000000000000000000000000
010010100100000100100000000100101100000000000000000000000000000000000000000000000000000000000000
101011000010100000000010110011100001000000000000000000000000000000000000000000000000000000000000
000011111010011110011101001111101011000000000000000000000000000000000000000000000000000000000000
100011101110101101110110111110111011000000000000000000000000000000000000000000000000000000000000
101111000000100010100101101110001000000000000000000000000000000000000000000000000000000000000000
010110100111111111011100011011111111000000000000000000000000000000000000000000000000000000000000
100001100110110100001101110010110111000000000000000000000000000000000000000000000000000000000000
100001011010110010000110110010000011000000000000000000000000000000000000000000000000000000000000
100111101010000001000010000110000111000000000000000000000000000000000000000000000000000000000000
111000001100111101001010100010001110000000000000000000000000000000000000000000000000000000000000
110110011111011100001111100010001110000000000000000000000000000000000000000000000000000000000000
001100101110100010001100101001110110000000000000000000000000000000000000000000000000000000000000
100100001100101000011101000100001000000000000000000000000000000000000000000000000000000000000000
111011101001111011101111001110111101000000000000000000000000000000000000000000000000000000000000
011010000100111001110001001001000100000000000000000000000000000000000000000000000000000000000000
100011100011111110011001010101010010000000000000000000000000000000000000000000000000000000000000
111101001010000111101011010110000011000000000000000000000000000000000000000000000000000000000000
111101100001100111101110111100000100000000000000000000000000000000000000000000000000000000000000
000100100110001101011010111010111101000000000000000000000000000000000000000000000000000000000000
110010011100111100011011111000101101000000000000000000000000000000000000000000000000000000000000
110101111100110010111101101110110011000000000000000000000000000000000000000000000000000000000000
101001000010000001111001100111001101000000000000000000000000000000000000000000000000000000000000
110101110111110001110000110101100010000000000000000000000000000000000000000000000000000000000000
010101111111110110100111000100011010000000000000000000000000000000000000000000000000000000000000
110001001000101101010111111001111111000000000000000000000000000000000000000000000000000000000000
000110011010011000011010101101000011000000000000000000000000000000000000000000000000000000000000
000100010000110001111100100110001000000000000000000000000000000000000000000000000000000000000000
001111110001110100000100101100101001000000000000000000000000000000000000000000000000000000000000
110001101001110111100011001000101111000000000000000000000000000000000000000000000000000000000000
111010001001111000011100111001111001000000000000000000000000000000000000000000000000000000000000
100100011111010000101110000011001111000000000000000000000000000000000000000000000000000000000000
100101001000000000111010101110001111000000000000000000000000000000000000000000000000000000000000
101010001111010101100000111001111001000000000000000000000000000000000000000000000000000000000000
101000010110101110111101011010010010000000000000000000000000000000000000000000000000000000000000
000011010000010100100101100001011111000000000000000000000000000000000000000000000000000000000000
110100010001100110000100110011010111000000000000000000000000000000000000000000000000000000000000
101011000001001000001011000100001000000000000000000000000000000000000000000000000000000000000000
100110110111010100100001001111100010000000000000000000000000000000000000000000000000000000000000
011010001101001100110101000111101010000000000000000000000000000000000000000000000000000000000000
010110000101010111110110101011001110000000000000000000000000000000000000000000000000000000000000
110111100101110001000001111010100000000000000000000000000000000000000000000000000000000000000000
101101011000001000101011000000100110000000000000000000000000000000000000000000000000000000000000
101101111010101110001111010100100011000000000000000000000000000000000000000000000000000000000000
110110000101111001101011011010110111000000000000000000000000000000000000000000000000000000000000
111100010001001101100101010001001001000000000000000000000000000000000000000000000000000000000000
100000110011011101011110010100000000000000000000000000000000000000000000000000000000000000000000
011110011101101110011011100100011011000000000000000000000000000000000000000000000000000000000000
011010010001111010001101010101000001000000000000000000000000000000000000000000000000000000000000
111101100000110111100001011110010111000000000000000000000000000000000000000000000000000000000000
100110000111111011010001110010011100000000000000000000000000000000000000000000000000000000000000
101011010000100010010001110010001110000000000000000000000000000000000000000000000000000000000000
100000011100110001111011000000110101000000000000000000000000000000000000000000000000000000000000
101011001011001000011010110111100101000000000000000000000000000000000000000000000000000000000000
110101011001011100000111011111111001000000000000000000000000000000000000000000000000000000000000
001011010101100000011011011001010011000000000000000000000000000000000000000000000000000000000000
011111101000001011101110011010001101000000000000000000000000000000000000000000000000000000000000
010100101010101011011010001011011000000000000000000000000000000000000000000000000000000000000000
110110000110000011111100100111000111000000000000000000000000000000000000000000000000000000000000
110000100010110000010000110000110101000000000000000000000000000000000000000000000000000000000000
000011010110001011010110111111101010000000000000000000000000000000000000000000000000000000000000
101011010010101000011001111010001111000000000000000000000000000000000000000000000000000000000000
000011000110011000101101001100001110000000000000000000000000000000000000000000000000000000000000
010100011110100101110100011100011010000000000000000000000000000000000000000000000000000000000000
011011010010000110010011010111111111000000000000000000000000000000000000000000000000000000000000
010010101100101101100100101110001011000000000000000000000000000000000000000000000000000000000000
101110100111111110001110010000100111000000000000000000000000000000000000000000000000000000000000
101000110100110000110100000010000111000000000000000000000000000000000000000000000000000000000000
000100010010011110000001000110100000000000000000000000000000000000000000000000000000000000000000
010001011110010110111110101000000000000000000000000000000000000000000000000000000000000000000000
010110011111100001101110110011101111000000000000000000000000000000000000000000000000000000000000
111110001011111010001010000010000000000000000000000000000000000000000000000000000000000000000000
110111101100001100011011000111101111000000000000000000000000000000000000000000000000000000000000
011111100110101000001110011000001010000000000000000000000000000000000000000000000000000000000000
101111100001000011001111110010001011000000000000000000000000000000000000000000000000000000000000
101010101000101110011000001111110101000000000000000000000000000000000000000000000000000000000000
110110010001100010110111100000100011000000000000000000000000000000000000000000000000000000000000
110000111100010011010010100101101010000000000000000000000000000000000000000000000000000000000000
011101111000100111010111101101100101000000000000000000000000000000000000000000000000000000000000
110001001000110110100110110000010111000000000000000000000000000000000000000000000000000000000000
110101000001111001001101011001001001000000000000000000000000000000000000000000000000000000000000
010000001011100101001110110001100111000000000000000000000000000000000000000000000000000000000000
110111110101010000111100011001001101000000000000000000000000000000000000000000000000000000000000
000110011101110000111110100011101000000000000000000000000000000000000000000000000000000000000000
110111000100101001011000010000000000000000000000000000000000000000000000000000000000000000000000
011110001000001101011101001100101110000000000000000000000000000000000000000000000000000000000000
010110010011010111111111110111100000000000000000000000000000000000000000000000000000000000000000
000111101101010110101000000100101011000000000000000000000000000000000000000000000000000000000000
111001101111001101011001100011010001000000000000000000000000000000000000000000000000000000000000
110111011111000101000011101111110100000000000000000000000000000000000000000000000000000000000000
100010110110100101000101001110001001000000000000000000000000000000000000000000000000000000000000
011011011110011110001111001001001000000000000000000000000000000000000000000000000000000000000000
100001011000101011110011110010001001000000000000000000000000000000000000000000000000000000000000
001010010010010001100111100111101110000000000000000000000000000000000000000000000000000000000000
110100011110001101110111000110011011000000000000000000000000000000000000000000000000000000000000
011010111110010000010001100111100100000000000000000000000000000000000000000000000000000000000000
010110010010110101111101011100010011000000000000000000000000000000000000000000000000000000000000
011101111100111100111010011000000011000000000000000000000000000000000000000000000000000000000000
100001001010011101000101000001100010000000000000000000000000000000000000000000000000000000000000
110101000010010011010101000011110000000000000000000000000000000000000000000000000000000000000000
101110110101111101100111011000011111000000000000000000000000000000000000000000000000000000000000
010000001000101011100001000110100001000000000000000000000000000000000000000000000000000000000000
110101110100100111010001111110101110000000000000000000000000000000000000000000000000000000000000
011101101010010101101011110011000010000000000000000000000000000000000000000000000000000000000000
010000111111000000010110000110101111000000000000000000000000000000000000000000000000000000000000
010001101101001100111011010001111110000000000000000000000000000000000000000000000000000000000000
011101000011010011011110001111101011000000000000000000000000000000000000000000000000000000000000
111101001010110111110011001010011100000000000000000000000000000000000000000000000000000000000000
011000011100001011001110110101011111000000000000000000000000000000000000000000000000000000000000
001100011110010011111101101011001100000000000000000000000000000000000000000000000000000000000000
001101100110001000111100110010101000000000000000000000000000000000000000000000000000000000000000
101001001010100001010110111001010000000000000000000000000000000000000000000000000000000000000000
001001111101101100100011101110000000000000000000000000000000000000000000000000000000000000000000
011110100110110111000011001000110101000000000000000000000000000000000000000000000000000000000000
110111100101010001001000100011010001000000000000000000000000000000000000000000000000000000000000
101000111101110000111000100000101010000000000000000000000000000000000000000000000000000000000000
001111000011011011110011111110000100000000000000000000000000000000000000000000000000000000000000
000001010010101000101000011101011110000000000000000000000000000000000000000000000000000000000000
100001111001101000100010100100100110000000000000000000000000000000000000000000000000000000000000
000010001111010101010101011000010000000000000000000000000000000000000000000000000000000000000000
010110000110010010011010001101101100000000000000000000000000000000000000000000000000000000000000
100010000100001010101011101001000011000000000000000000000000000000000000000000000000000000000000
000011111000101010011101000001010101000000000000000000000000000000000000000000000000000000000000
100111100001001010001111111110001000000000000000000000000000000000000000000000000000000000000000
100111110010100100100100010001101011000000000000000000000000000000000000000000000000000000000000
100010011001010000000010000000100000000000000000000000000000000000000000000000000000000000000000
100010000001010001011010001111101001000000000000000000000000000000000000000000000000000000000000
101011011110110011000100110100110101000000000000000000000000000000000000000000000000000000000000
111111010100010100111100001101011011000000000000000000000000000000000000000000000000000000000000
011000100110111101100011101101101111000000000000000000000000000000000000000000000000000000000000
100001010110001010011001011110100100000000000000000000000000000000000000000000000000000000000000
101001100101110000001001101101101001000000000000000000000000000000000000000000000000000000000000
011010000101111111001010110101010011000000000000000000000000000000000000000000000000000000000000
101000111111000001011001101000011111000000000000000000000000000000000000000000000000000000000000
101011101010100010101011101001001100000000000000000000000000000000000000000000000000000000000000
011001000101110010010011100110110101000000000000000000000000000000000000000000000000000000000000
100100010110110111000100010111000000000000000000000000000000000000000000000000000000000000000000
010111111100010001000101101001010011000000000000000000000000000000000000000000000000000000000000
100011000110111000001000000000010001000000000000000000000000000000000000000000000000000000000000
011100111100100101000101110001101010000000000000000000000000000000000000000000000000000000000000
000000111011100111111101110101000010000000000000000000000000000000000000000000000000000000000000
011100100011011001110000111000111101000000000000000000000000000000000000000000000000000000000000
011110110000110111001001110110100000000000000000000000000000000000000000000000000000000000000000
000110111110001010101011011010100001000000000000000000000000000000000000000000000000000000000000
000010000000111011110010101101110011000000000000000000000000000000000000000000000000000000000000
101111001000111111001101101111010000000000000000000000000000000000000000000000000000000000000000
010101011110101101101001011010110100000000000000000000000000000000000000000000000000000000000000
111111110111100000111000100110001000000000000000000000000000000000000000000000000000000000000000
001101001111101110110001000010001010000000000000000000000000000000000000000000000000000000000000
110011010000110000100111110101010100000000000000000000000000000000000000000000000000000000000000
110010111100110101111011101001110101000000000000000000000000000000000000000000000000000000000000
110010001111001000101011100101011110000000000000000000000000000000000000000000000000000000000000
110010100000111110100100000010100100000000000000000000000000000000000000000000000000000000000000
111100010010000101000001101000100100000000000000000000000000000000000000000000000000000000000000
100010000100100010010111111111010111000000000000000000000000000000000000000000000000000000000000
111011101100111000000010011010010000000000000000000000000000000000000000000000000000000000000000
100110101101111011010101001001100010000000000000000000000000000000000000000000000000000000000000
010101100111011110011100101101000011000000000000000000000000000000000000000000000000000000000000
100011110000010100011101111101010001000000000000000000000000000000000000000000000000000000000000
110001000110111011100101110001010101000000000000000000000000000000000000000000000000000000000000
010011010100011000011101000001110000000000000000000000000000000000000000000000000000000000000000
011101011000101100101110100001101000000000000000000000000000000000000000000000000000000000000000
101101101000001110100001010001010101000000000000000000000000000000000000000000000000000000000000
110010000001100001111111111110110001000000000000000000000000000000000000000000000000000000000000
011010011010001111011101010100011110000000000000000000000000000000000000000000000000000000000000
101001000100110011111000001101100100000000000000000000000000000000000000000000000000000000000000
101111000001110000000111111111001111000000000000000000000000000000000000000000000000000000000000
101100110111101110110101000010010011000000000000000000000000000000000000000000000000000000000000
010110111010111010010111011000000010000000000000000000000000000000000000000000000000000000000000
110111100010111100011011101111010100000000000000000000000000000000000000000000000000000000000000
001010111100001100000011111110101100000000000000000000000000000000000000000000000000000000000000
101001101100100000111000000110011001000000000000000000000000000000000000000000000000000000000000
001110010110010100100100100001001110000000000000000000000000000000000000000000000000000000000000
000110101010100000100011010000101111000000000000000000000000000000000000000000000000000000000000
101100011101011011110100100101101010000000000000000000000000000000000000000000000000000000000000
010110011011010100111001111001100001000000000000000000000000000000000000000000000000000000000000
000111110010001101110101110000011000000000000000000000000000000000000000000000000000000000000000
110110101010100101000110000100100101000000000000000000000000000000000000000000000000000000000000
001100011010011001100111000110000011000000000000000000000000000000000000000000000000000000000000
111110000001110000110001000111110011000000000000000000000000000000000000000000000000000000000000
001001111100101100001110000110000010000000000000000000000000000000000000000000000000000000000000
101000010100100111100111111011011110000000000000000000000000000000000000000000000000000000000000
001000000101001010011110011101001101000000000000000000000000000000000000000000000000000000000000
100011001111010000001100111111000101000000000000000000000000000000000000000000000000000000000000
000111000100000100111100110100101101000000000000000000000000000000000000000000000000000000000000
111111101110011110101110111111011000000000000000000000000000000000000000000000000000000000000000
011010111010101011001111100101111100000000000000000000000000000000000000000000000000000000000000
100001110100011010011100111111000000000000000000000000000000000000000000000000000000000000000000
110101011010001001011111111110010011000000000000000000000000000000000000000000000000000000000000
100000101100101111000010101101011100000000000000000000000000000000000000000000000000000000000000
101101111000110110110111110110111000000000000000000000000000000000000000000000000000000000000000
000010011010001110010010111011100110000000000000000000000000000000000000000000000000000000000000
111011000110111000111111010010110010000000000000000000000000000000000000000000000000000000000000
001001111000000110011001011101010010000000000000000000000000000000000000000000000000000000000000
100100011110101000100001010000100000000000000000000000000000000000000000000000000000000000000000
001111101101001111101001101000011010000000000000000000000000000000000000000000000000000000000000
011010111000010001000110111011000011000000000000000000000000000000000000000000000000000000000000
101100001101101101111001010001010010000000000000000000000000000000000000000000000000000000000000
011110101000010010011011110111111001000000000000000000000000000000000000000000000000000000000000
001101000000010101000001101100000010000000000000000000000000000000000000000000000000000000000000
011100010000010101100011111011100110000000000000000000000000000000000000000000000000000000000000
100111011110001010011100011110110111000000000000000000000000000000000000000000000000000000000000
101001000000010001010010010011001101000000000000000000000000000000000000000000000000000000000000
100101011101100110001011110111010111000000000000000000000000000000000000000000000000000000000000
000001000000101110100111101110111001000000000000000000000000000000000000000000000000000000000000
101110010000011010011110001111101000000000000000000000000000000000000000000000000000000000000000
010110010000011001010010100101100101000000000000000000000000000000000000000000000000000000000000
011001111000011110001111010010110110000000000000000000000000000000000000000000000000000000000000
110010101010001111111110100010010110000000000000000000000000000000000000000000000000000000000000
111111101110001111011111011101011001000000000000000000000000000000000000000000000000000000000000
011111010001000111101111001011101001000000000000000000000000000000000000000000000000000000000000
110000100010110111100011011110000111000000000000000000000000000000000000000000000000000000000000
100100111100111000011000101110111001000000000000000000000000000000000000000000000000000000000000
011110101011101011101100011101011010000000000000000000000000000000000000000000000000000000000000
100110100110000010001110101001000110000000000000000000000000000000000000000000000000000000000000
010101110110011010010001010110010010000000000000000000000000000000000000000000000000000000000000
111110001001001100001000001110001111000000000000000000000000000000000000000000000000000000000000
101100001110010101110101011100010011000000000000000000000000000000000000000000000000000000000000
010110101010110000010001100100100011000000000000000000000000000000000000000000000000000000000000
111001111011110101010110101000110010000000000000000000000000000000000000000000000000000000000000
101000010100000010010010000111111111000000000000000000000000000000000000000000000000000000000000
100010111111100100101100110010111111000000000000000000000000000000000000000000000000000000000000
001000101011011001010101000100010111000000000000000000000000000000000000000000000000000000000000
011101001111011000010100100000110110000000000000000000000000000000000000000000000000000000000000
001110010001010011000100000101001000000000000000000000000000000000000000000000000000000000000000
101011110001110011110100110001111111000000000000000000000000000000000000000000000000000000000000
100010001111110111010111011001000000000000000000000000000000000000000000000000000000000000000000
101010111000000001001101100100110111000000000000000000000000000000000000000000000000000000000000
100011101000000011000111110101110111000000000000000000000000000000000000000000000000000000000000
001001011000010100111101001110000110000000000000000000000000000000000000000000000000000000000000
101011010000001101111001100100010001000000000000000000000000000000000000000000000000000000000000
101110100001100000111011100100000011000000000000000000000000000000000000000000000000000000000000
100100110011111011101001100100101011000000000000000000000000000000000000000000000000000000000000
110100100100111000010100101001001010000000000000000000000000000000000000000000000000000000000000
010100110100101111011001000100000111000000000000000000000000000000000000000000000000000000000000
111000100100001001100111011110011010000000000000000000000000000000000000000000000000000000000000
110111001101101100000010100111110010000000000000000000000000000000000000000000000000000000000000
001010001111100000011001001100010100000000000000000000000000000000000000000000000000000000000000
010111011000101011010101000111110111000000000000000000000000000000000000000000000000000000000000
101000011100100010110110111100011111000000000000000000000000000000000000000000000000000000000000
000100100110111101010001101111100000000000000000000000000000000000000000000000000000000000000000
101110000110011000011010100011110001000000000000000000000000000000000000000000000000000000000000
011111101010000001010010001001011010000000000000000000000000000000000000000000000000000000000000
001100001011011010100010000111110000000000000000000000000000000000000000000000000000000000000000
001101110101101111101111000100110001000000000000000000000000000000000000000000000000000000000000
011011100111100000001000101110011010000000000000000000000000000000000000000000000000000000000000
010011100001010010110111000100011011000000000000000000000000000000000000000000000000000000000000
100110101001111100010001000000100111000000000000000000000000000000000000000000000000000000000000
001101110000010000101110111101101100000000000000000000000000000000000000000000000000000000000000
001010100001010100011001010000111011000000000000000000000000000000000000000000000000000000000000
111011111001110010111111111001100011000000000000000000000000000000000000000000000000000000000000
100001101100010000111000101110111100000000000000000000000000000000000000000000000000000000000000
101001011100010011110110000000010000000000000000000000000000000000000000000000000000000000000000
100001001011101100111110111110101000000000000000000000000000000000000000000000000000000000000000
010101110011111000111010011101001010000000000000000000000000000000000000000000000000000000000000
