110011100101001101010011001100011011000000000000000000000000000000000000000000000000000000000000
010000111011110010101011110011000000000000000000000000000000000000000000000000000000000000000000
010011110111100010011101011100111010000000000000000000000000000000000000000000000000000000000000
011111110110111111010011010010011000000000000000000000000000000000000000000000000000000000000000
000110001001111010101100011010101101000000000000000000000000000000000000000000000000000000000000
111111111010101111010100010010011011000000000000000000000000000000000000000000000000000000000000
001110011010000111010010010010101101000000000000000000000000000000000000000000000000000000000000
100111101101110100000111101101000101000000000000000000000000000000000000000000000000000000000000
010110101010111111100000111011011111000000000000000000000000000000000000000000000000000000000000
110100000000100110010000000000100110000000000000000000000000000000000000000000000000000000000000
101110000101101001010000001010101100000000000000000000000000000000000000000000000000000000000000
011100010011101101110001111011010001000000000000000000000000000000000000000000000000000000000000
100011111111011101011110101011010011000000000000000000000000000000000000000000000000000000000000
011101101010000101110101011100101010000000000000000000000000000000000000000000000000000000000000
001111110110101011111110110000000110000000000000000000000000000000000000000000000000000000000000
011010100101010110000011110000011010000000000000000000000000000000000000000000000000000000000000
101110001001010010110000001100100010000000000000000000000000000000000000000000000000000000000000
111001001101101101101000110000001111000000000000000000000000000000000000000000000000000000000000
001011110010101111010111100101010110000000000000000000000000000000000000000000000000000000000000
110101110011100010110110100111111011000000000000000000000000000000000000000000000000000000000000
100001001011000100110001001010110110000000000000000000000000000000000000000000000000000000000000
000011101111100110001001111110000110000000000000000000000000000000000000000000000000000000000000
001101100001001111110010110001100011000000000000000000000000000000000000000000000000000000000000
101000101100010111010110110110100011000000000000000000000000000000000000000000000000000000000000
001010111000101011111110100000110100000000000000000000000000000000000000000000000000000000000000
000001101001001001001101010010100111000000000000000000000000000000000000000000000000000000000000
101011110011110010000101010110010101000000000000000000000000000000000000000000000000000000000000
010011000001001011010100001010110110000000000000000000000000000000000000000000000000000000000000
001001001000110101011111110000010000000000000000000000000000000000000000000000000000000000000000
000011101000110001010010001000110110000000000000000000000000000000000000000000000000000000000000
111111011111111100001000001100001101000000000000000000000000000000000000000000000000000000000000
000100100001000011010011011000111011000000000000000000000000000000000000000000000000000000000000
111001000101001011000001011111101001000000000000000000000000000000000000000000000000000000000000
011010011001100110011101010011010011000000000000000000000000000000000000000000000000000000000000
000101000010011110111010110111100010000000000000000000000000000000000000000000000000000000000000
000000011111000101110110000111001010000000000000000000000000000000000000000000000000000000000000
100001011111111111111110101010000101000000000000000000000000000000000000000000000000000000000000
001010110100001111010101111111110001000000000000000000000000000000000000000000000000000000000000
111100110111100000100111001101011110000000000000000000000000000000000000000000000000000000000000
101111001010101001001101010110111100000000000000000000000000000000000000000000000000000000000000
010000100011000010011011101001010111000000000000000000000000000000000000000000000000000000000000
000011111010100100010000111110001101000000000000000000000000000000000000000000000000000000000000
000011100100111010000111000100001000000000000000000000000000000000000000000000000000000000000000
011011010010011001100110111101010111000000000000000000000000000000000000000000000000000000000000
100010010100011011001100110111111011000000000000000000000000000000000000000000000000000000000000
101011100110100000010010001010010001000000000000000000000000000000000000000000000000000000000000
100101001001100001011011000010100111000000000000000000000000000000000000000000000000000000000000
011000111001011011010110000010111010000000000000000000000000000000000000000000000000000000000000
000010011001101001101110110100110010000000000000000000000000000000000000000000000000000000000000
000010101001000011001000110101110111000000000000000000000000000000000000000000000000000000000000
111001001001011011011000100101010101000000000000000000000000000000000000000000000000000000000000
100111110111011000100101011100000001000000000000000000000000000000000000000000000000000000000000
111001010110000100010001111001111011000000000000000000000000000000000000000000000000000000000000
110101010011110001010010101010111101000000000000000000000000000000000000000000000000000000000000
011111101001000001110001010111000001000000000000000000000000000000000000000000000000000000000000
000100010000100101001010100011011101000000000000000000000000000000000000000000000000000000000000
000010100001011001100101011110010101000000000000000000000000000000000000000000000000000000000000
010010001111110100000111011001100001000000000000000000000000000000000000000000000000000000000000
011101101010111111001110010100011100000000000000000000000000000000000000000000000000000000000000
001100111011111000000000000000111001000000000000000000000000000000000000000000000000000000000000
111010101000011111110010111100111011000000000000000000000000000000000000000000000000000000000000
010100001100000010111111010001011111000000000000000000000000000000000000000000000000000000000000
001110011000100101001110001011010000000000000000000000000000000000000000000000000000000000000000
000111110111010001111100001111111000000000000000000000000000000000000000000000000000000000000000
000100010100010110000011111100101001000000000000000000000000000000000000000000000000000000000000
111011110100010011001110100110101001000000000000000000000000000000000000000000000000000000000000
000001100011110110110000001011100001000000000000000000000000000000000000000000000000000000000000
011011111011010111111010110000000011000000000000000000000000000000000000000000000000000000000000
100000110011110000100001101011101011000000000000000000000000000000000000000000000000000000000000
001111111101100000000001001000101010000000000000000000000000000000000000000000000000000000000000
100011011001010000001000011001100101000000000000000000000000000000000000000000000000000000000000
111110000011001001010011011010111010000000000000000000000000000000000000000000000000000000000000
101100000110011111101110010101011010000000000000000000000000000000000000000000000000000000000000
000110001011101100001100110011000101000000000000000000000000000000000000000000000000000000000000
110111000000110010110000101111100100000000000000000000000000000000000000000000000000000000000000
111010000001000101011000011101100110000000000000000000000000000000000000000000000000000000000000
001100001110110101101001110101111101000000000000000000000000000000000000000000000000000000000000
110001111101101100111001100010001101000000000000000000000000000000000000000000000000000000000000
100011111000011001000100110100010111000000000000000000000000000000000000000000000000000000000000
110000000110101101111010110100001100000000000000000000000000000000000000000000000000000000000000
011111000011001010010001011011011101000000000000000000000000000000000000000000000000000000000000
010111100010011010000001011101011000000000000000000000000000000000000000000000000000000000000000
010001100110101000011110101100000101000000000000000000000000000000000000000000000000000000000000
011000111001100101010101100111100111000000000000000000000000000000000000000000000000000000000000
101011010101010111010101110111011100000000000000000000000000000000000000000000000000000000000000
001000110000010011110000000000101011000000000000000000000000000000000000000000000000000000000000
000101100010101110100110011010011101000000000000000000000000000000000000000000000000000000000000
100000010011000000110001001100011100000000000000000000000000000000000000000000000000000000000000
101111111010100000010110110010011010000000000000000000000000000000000000000000000000000000000000
001100100001001000111100011101110101000000000000000000000000000000000000000000000000000000000000
000011100111010010010000001010000001000000000000000000000000000000000000000000000000000000000000
100100001000101100100011000111101001000000000000000000000000000000000000000000000000000000000000
001001110000011101101000100001010010000000000000000000000000000000000000000000000000000000000000
001011110111110110000010000101111011000000000000000000000000000000000000000000000000000000000000
011110010111100000100010101010010101000000000000000000000000000000000000000000000000000000000000
100110111101111000111110110010000110000000000000000000000000000000000000000000000000000000000000
011110010110101010010001110011001111000000000000000000000000000000000000000000000000000000000000
100111000101001000101000101011001010000000000000000000000000000000000000000000000000000000000000
100000100010111001010101000110010001000000000000000000000000000000000000000000000000000000000000
001111011100000110010100100011110111000000000000000000000000000000000000000000000000000000000000
011001000110010110101110010110101000000000000000000000000000000000000000000000000000000000000000
111010100010001000011100010001110001000000000000000000000000000000000000000000000000000000000000
001110101101101001011101110111111010000000000000000000000000000000000000000000000000000000000000
010001001011100011100110101110000010000000000000000000000000000000000000000000000000000000000000
111100010000110001010001111110010101000000000000000000000000000000000000000000000000000000000000
000111000010101101010011111001010010000000000000000000000000000000000000000000000000000000000000
010011010000110101001111111010111000000000000000000000000000000000000000000000000000000000000000
101001111001101001001000001100011100000000000000000000000000000000000000000000000000000000000000
010101000110110010110110001001000011000000000000000000000000000000000000000000000000000000000000
100001010110000010110101011101110100000000000000000000000000000000000000000000000000000000000000
000110111111001010101001100010001101000000000000000000000000000000000000000000000000000000000000
000000010011111111110110001111011001000000000000000000000000000000000000000000000000000000000000
100111010000111111000000101010010011000000000000000000000000000000000000000000000000000000000000
001011010010000000100001101110101011000000000000000000000000000000000000000000000000000000000000
011101010101101010110001100100100100000000000000000000000000000000000000000000000000000000000000
010001101101000101001100001011101010000000000000000000000000000000000000000000000000000000000000
111111000101101110011001011011011111000000000000000000000000000000000000000000000000000000000000
110101101000000010010111000101010111000000000000000000000000000000000000000000000000000000000000
001011100010111001110110011001101101000000000000000000000000000000000000000000000000000000000000
110000101100010110100000000011001101000000000000000000000000000000000000000000000000000000000000
101010101000101111101001010110000101000000000000000000000000000000000000000000000000000000000000
101000111101101000100110001111110011000000000000000000000000000000000000000000000000000000000000
111010100111110111001001110011001010000000000000000000000000000000000000000000000000000000000000
000110110000101110101111110111101100000000000000000000000000000000000000000000000000000000000000
001001110011000101110010100101101010000000000000000000000000000000000000000000000000000000000000
101010100101101010011110110011111010000000000000000000000000000000000000000000000000000000000000
100100001011101000110001000001110000000000000000000000000000000000000000000000000000000000000000
001010010111110000000111101110101000000000000000000000000000000000000000000000000000000000000000
011110110101100000101001001001001100000000000000000000000000000000000000000000000000000000000000
011011000111001100101011101111100111000000000000000000000000000000000000000000000000000000000000
010101000111100111101111110111011101000000000000000000000000000000000000000000000000000000000000
111111010011001000110110111001011100000000000000000000000000000000000000000000000000000000000000
001100111011110000011110110001110011000000000000000000000000000000000000000000000000000000000000
011110011000011110100101111101110011000000000000000000000000000000000000000000000000000000000000
000100111100000110010001101100101110000000000000000000000000000000000000000000000000000000000000
110111101001101010110000100100110101000000000000000000000000000000000000000000000000000000000000
110011011010000110000000101100001101000000000000000000000000000000000000000000000000000000000000
010001001100101011100010100110001010000000000000000000000000000000000000000000000000000000000000
000000011011110010100101000001111011000000000000000000000000000000000000000000000000000000000000
001011001110110110001101001000101100000000000000000000000000000000000000000000000000000000000000
101110100000001100110010110101010001000000000000000000000000000000000000000000000000000000000000
110101110000101001100111110011110000000000000000000000000000000000000000000000000000000000000000
110011011011101110111100111001111111000000000000000000000000000000000000000000000000000000000000
100101110110000011101011110000000111000000000000000000000000000000000000000000000000000000000000
000111110010011010110011100110111100000000000000000000000000000000000000000000000000000000000000
111100000111100110111101011100111010000000000000000000000000000000000000000000000000000000000000
110111000110011111100110100100010100000000000000000000000000000000000000000000000000000000000000
111100001100111010011100010101010010000000000000000000000000000000000000000000000000000000000000
111010001101110011001101101110010001000000000000000000000000000000000000000000000000000000000000
001111110100001011011001010010111110000000000000000000000000000000000000000000000000000000000000
111010010000001111111110110011010010000000000000000000000000000000000000000000000000000000000000
011011001010101101101111001000001011000000000000000000000000000000000000000000000000000000000000
100101111110001010010001011010000001000000000000000000000000000000000000000000000000000000000000
011000111010100100110110010101010011000000000000000000000000000000000000000000000000000000000000
111011000110010010111100000001000111000000000000000000000000000000000000000000000000000000000000
100010010101111010101100100111001101000000000000000000000000000000000000000000000000000000000000
011001101101001001000110100010011010000000000000000000000000000000000000000000000000000000000000
100011010100000011001011111000001111000000000000000000000000000000000000000000000000000000000000
001100011000110101011100011011011101000000000000000000000000000000000000000000000000000000000000
111101000001110001101000101010110110000000000000000000000000000000000000000000000000000000000000
001101010111101111010011010001000110000000000000000000000000000000000000000000000000000000000000
010001001011000100001110011110110110000000000000000000000000000000000000000000000000000000000000
011100010011101100011000100000110111000000000000000000000000000000000000000000000000000000000000
100111110001101001010000010001000010000000000000000000000000000000000000000000000000000000000000
011100100100001110110000101100011111000000000000000000000000000000000000000000000000000000000000
000010000110000101010000100100001001000000000000000000000000000000000000000000000000000000000000
101111011011110000111110010111010010000000000000000000000000000000000000000000000000000000000000
001010010110101000010111101011000101000000000000000000000000000000000000000000000000000000000000
001111100101011110011110111100100110000000000000000000000000000000000000000000000000000000000000
110101110101101101101011101011000100000000000000000000000000000000000000000000000000000000000000
000001001011011110101000010101100010000000000000000000000000000000000000000000000000000000000000
010011000000011000000110010111110010000000000000000000000000000000000000000000000000000000000000
011010001011100010111001000101000010000000000000000000000000000000000000000000000000000000000000
100111111010000110000010111110110101000000000000000000000000000000000000000000000000000000000000
011000110010010100011111100000001101000000000000000000000000000000000000000000000000000000000000
000010001000000001010000010101110000000000000000000000000000000000000000000000000000000000000000
011111101011110100101001100010000011000000000000000000000000000000000000000000000000000000000000
010100000011011111011000110111101100000000000000000000000000000000000000000000000000000000000000
110010100111001101000011010011011110000000000000000000000000000000000000000000000000000000000000
101011110101110011101100011110000111000000000000000000000000000000000000000000000000000000000000
100001001001111111011011011001111110000000000000000000000000000000000000000000000000000000000000
110111110001010110100100001010101111000000000000000000000000000000000000000000000000000000000000
000001111010100101000111001110001100000000000000000000000000000000000000000000000000000000000000
101011111101101100010110101100010100000000000000000000000000000000000000000000000000000000000000
100101101011100110001110000111000011000000000000000000000000000000000000000000000000000000000000
011110101100101100111101001100000100000000000000000000000000000000000000000000000000000000000000
001110101101010000110100100100110110000000000000000000000000000000000000000000000000000000000000
011110100110111000000100000111111100000000000000000000000000000000000000000000000000000000000000
100100110100111010111110100011010001000000000000000000000000000000000000000000000000000000000000
110000110001111011010111101111110111000000000000000000000000000000000000000000000000000000000000
110011011011110010110000001001000100000000000000000000000000000000000000000000000000000000000000
000000110100010111101001111010011000000000000000000000000000000000000000000000000000000000000000
010111010010000101100010010101010101000000000000000000000000000000000000000000000000000000000000
010101111000100000000010111000011001000000000000000000000000000000000000000000000000000000000000
010101100000111110001000111000011010000000000000000000000000000000000000000000000000000000000000
110110001010101111100011001000101110000000000000000000000000000000000000000000000000000000000000
111101101011001001001101010011001100000000000000000000000000000000000000000000000000000000000000
001000000100110010110101110001110000000000000000000000000000000000000000000000000000000000000000
101000100001110101010011100000111111000000000000000000000000000000000000000000000000000000000000
101111001111010100101101011001000010000000000000000000000000000000000000000000000000000000000000
101010100101000010100000111101011011000000000000000000000000000000000000000000000000000000000000
010111001011100010110110001110000011000000000000000000000000000000000000000000000000000000000000
010110101010001101111110011101011011000000000000000000000000000000000000000000000000000000000000
110000000011101001010011110110010100000000000000000000000000000000000000000000000000000000000000
111100100011010000010100000010000110000000000000000000000000000000000000000000000000000000000000
101100001010000111110001111110110110000000000000000000000000000000000000000000000000000000000000
100000010100010011011110010001111100000000000000000000000000000000000000000000000000000000000000
101110000111010100000101110000010011000000000000000000000000000000000000000000000000000000000000
000000011111101011000001110001111111000000000000000000000000000000000000000000000000000000000000
101011000111000010100110000100110101000000000000000000000000000000000000000000000000000000000000
000101011001000011101010001000101010000000000000000000000000000000000000000000000000000000000000
101000110101000001001010011011010110000000000000000000000000000000000000000000000000000000000000
010001010110111000110110010011000110000000000000000000000000000000000000000000000000000000000000
000111010110000000001001101101011100000000000000000000000000000000000000000000000000000000000000
010110101011011100101010100011000101000000000000000000000000000000000000000000000000000000000000
001100110001101100111001010011100000000000000000000000000000000000000000000000000000000000000000
110001011011100111101111101010011111000000000000000000000000000000000000000000000000000000000000
111011111010010000011101110110110100000000000000000000000000000000000000000000000000000000000000
011100001000111101100100011011111001000000000000000000000000000000000000000000000000000000000000
001011111100100010001100001010101100000000000000000000000000000000000000000000000000000000000000
110010011000000101000011100110100000000000000000000000000000000000000000000000000000000000000000
100100101010010100111000101001101011000000000000000000000000000000000000000000000000000000000000
011110111011001000001100010111011010000000000000000000000000000000000000000000000000000000000000
110100001111000100000001111001001101000000000000000000000000000000000000000000000000000000000000
000010001111100010001011011110100011000000000000000000000000000000000000000000000000000000000000
000001100000100101011111101111011010000000000000000000000000000000000000000000000000000000000000
101110000010111011111110100011010111000000000000000000000000000000000000000000000000000000000000
011111011001100100100111010110100011000000000000000000000000000000000000000000000000000000000000
100100000111001001100110010110011101000000000000000000000000000000000000000000000000000000000000
101100000010111000000000101100101110000000000000000000000000000000000000000000000000000000000000
110101010110000001010111100000001011000000000000000000000000000000000000000000000000000000000000
111010100010101010000001111101011000000000000000000000000000000000000000000000000000000000000000
011111100000100110011010010010111011000000000000000000000000000000000000000000000000000000000000
010010010100111101001110110000110100000000000000000000000000000000000000000000000000000000000000
100011001000011100011001111001101010000000000000000000000000000000000000000000000000000000000000
010011010111111011100110011110110110000000000000000000000000000000000000000000000000000000000000
101111101101000100100100011010111001000000000000000000000000000000000000000000000000000000000000
001111100111000100000010101001110011000000000000000000000000000000000000000000000000000000000000
000101111111011100100010101000000111000000000000000000000000000000000000000000000000000000000000
000010110011011011100111100101110111000000000000000000000000000000000000000000000000000000000000
111001110101011101011101111001000100000000000000000000000000000000000000000000000000000000000000
110011000010110000010000010101001010000000000000000000000000000000000000000000000000000000000000
101110101000101011000010000101011110000000000000000000000000000000000000000000000000000000000000
011110011001011100110111000111111111000000000000000000000000000000000000000000000000000000000000
001101011011010000101010001111001100000000000000000000000000000000000000000000000000000000000000
111011110110110101000010000101001010000000000000000000000000000000000000000000000000000000000000
101111101010011110101100000011000010000000000000000000000000000000000000000000000000000000000000
110110010110010100001110010100101110000000000000000000000000000000000000000000000000000000000000
110000000001110010111110111011101110000000000000000000000000000000000000000000000000000000000000
000101101001101110101101101100110001000000000000000000000000000000000000000000000000000000000000
001000000110011001111010011000011110000000000000000000000000000000000000000000000000000000000000
010001000101010100101100011010011110000000000000000000000000000000000000000000000000000000000000
000101000111010110100000000101010101000000000000000000000000000000000000000000000000000000000000
001100000001111111101100000010101110000000000000000000000000000000000000000000000000000000000000
100100000000101000000110101010100111000000000000000000000000000000000000000000000000000000000000
101111111001001101100010100011101110000000000000000000000000000000000000000000000000000000000000
100101100111100011011100111101000000000000000000000000000000000000000000000000000000000000000000
000001111110111011110001001010110011000000000000000000000000000000000000000000000000000000000000
100100101011000100101000011110110111000000000000000000000000000000000000000000000000000000000000
001110110010000101000110110101011011000000000000000000000000000000000000000000000000000000000000
001110101100010111001010110101100011000000000000000000000000000000000000000000000000000000000000
111111011001100100001111110000010011000000000000000000000000000000000000000000000000000000000000
100010001001111101110101001100110000000000000000000000000000000000000000000000000000000000000000
001011000110110110000100111011101000000000000000000000000000000000000000000000000000000000000000
000100010100111101000110010100101000000000000000000000000000000000000000000000000000000000000000
011000100100010001001101000010101011000000000000000000000000000000000000000000000000000000000000
100111101000001001101100011000001111000000000000000000000000000000000000000000000000000000000000
010010101101101101010001110011100100000000000000000000000000000000000000000000000000000000000000
000101111101000100011111001110010100000000000000000000000000000000000000000000000000000000000000
010010001110101011010111000111111010000000000000000000000000000000000000000000000000000000000000
101111110010100110100010101100011111000000000000000000000000000000000000000000000000000000000000
000001111100001100010010111111101111000000000000000000000000000000000000000000000000000000000000
010010010100011011101100111010101001000000000000000000000000000000000000000000000000000000000000
000101110010111010011110100110101010000000000000000000000000000000000000000000000000000000000000
100110111110110011001110000100111100000000000000000000000000000000000000000000000000000000000000
011110101011011011110000010110101001000000000000000000000000000000000000000000000000000000000000
000111001000011011110001010000000010000000000000000000000000000000000000000000000000000000000000
111101101101101110111000010001110011000000000000000000000000000000000000000000000000000000000000
110011110011111010111101010001001011000000000000000000000000000000000000000000000000000000000000
001101011010101011011101000101100000000000000000000000000000000000000000000000000000000000000000
010110111100110100001000110100101111000000000000000000000000000000000000000000000000000000000000
001100110010100001011001111001001010000000000000000000000000000000000000000000000000000000000000
101001001010011011010000000110100011000000000000000000000000000000000000000000000000000000000000
000011110011011110001011000011100010000000000000000000000000000000000000000000000000000000000000
111110101110000111000110101111111010000000000000000000000000000000000000000000000000000000000000
000011100111010011000101000100011111000000000000000000000000000000000000000000000000000000000000
111100001001101001100100110001111100000000000000000000000000000000000000000000000000000000000000
111110110101010110000011111000101001000000000000000000000000000000000000000000000000000000000000
101101001010101101101010110000111000000000000000000000000000000000000000000000000000000000000000
011111000110001000111011100111111111000000000000000000000000000000000000000000000000000000000000
010000000101000000101001010110000111000000000000000000000000000000000000000000000000000000000000
110110010000110110000000101100110110000000000000000000000000000000000000000000000000000000000000
101110110010011011101100100010001101000000000000000000000000000000000000000000000000000000000000
001010101111000110011010101100011111000000000000000000000000000000000000000000000000000000000000
010011111010111111010000111010011010000000000000000000000000000000000000000000000000000000000000
100100000111100101100111100101001011000000000000000000000000000000000000000000000000000000000000
100111011010111010100001100101111011000000000000000000000000000000000000000000000000000000000000
110010010100011101100101011110110101000000000000000000000000000000000000000000000000000000000000
100010100100010101011101110101011011000000000000000000000000000000000000000000000000000000000000
100100001000011111111011000001010011000000000000000000000000000000000000000000000000000000000000
011110010000010101001101001000001110000000000000000000000000000000000000000000000000000000000000
000001001000001000010000100010000100000000000000000000000000000000000000000000000000000000000000
110100111101111111101101010011000001000000000000000000000000000000000000000000000000000000000000
111011101000010110111111110000011000000000000000000000000000000000000000000000000000000000000000
110011110010001000011111100110101111000000000000000000000000000000000000000000000000000000000000
110001110010110010110001010110101011000000000000000000000000000000000000000000000000000000000000
000010100001111000000110011010111000000000000000000000000000000000000000000000000000000000000000
110100100010010000010110010011110110000000000000000000000000000000000000000000000000000000000000
101111010011111111011000100110000011000000000000000000000000000000000000000000000000000000000000
100110000110101100011100011110111111000000000000000000000000000000000000000000000000000000000000
011100001100101011011111110100101101000000000000000000000000000000000000000000000000000000000000
110101101101110011000100110110010001000000000000000000000000000000000000000000000000000000000000
100100100101100100110100111101100100000000000000000000000000000000000000000000000000000000000000
100000001101100101110111010000111010000000000000000000000000000000000000000000000000000000000000
100101111001101111111111100101000111000000000000000000000000000000000000000000000000000000000000
000001011110011001100010101011111100000000000000000000000000000000000000000000000000000000000000
011101111100100111110010011010110010000000000000000000000000000000000000000000000000000000000000
000111101010010101101010111101011100000000000000000000000000000000000000000000000000000000000000
100011010011001010111011011100100010000000000000000000000000000000000000000000000000000000000000
011101100011000101111010011100100101000000000000000000000000000000000000000000000000000000000000
010100011101010111001000001000101100000000000000000000000000000000000000000000000000000000000000
010011000101010010110000111011101001000000000000000000000000000000000000000000000000000000000000
011101011100111111110100001111011010000000000000000000000000000000000000000000000000000000000000
010011001010111100100110011001011010000000000000000000000000000000000000000000000000000000000000
011111100110101000100110110111110001000000000000000000000000000000000000000000000000000000000000
000101010000111011010000111010100101000000000000000000000000000000000000000000000000000000000000
100111111001001101110011000100111101000000000000000000000000000000000000000000000000000000000000
101111011101101100110000101110110100000000000000000000000000000000000000000000000000000000000000
111000100000100110110100111111110110000000000000000000000000000000000000000000000000000000000000
111111100001110000011100011111110001000000000000000000000000000000000000000000000000000000000000
111100001111011111000110110001011000000000000000000000000000000000000000000000000000000000000000
011111000110001010101010110111011011000000000000000000000000000000000000000000000000000000000000
111001001000000000110111010101011110000000000000000000000000000000000000000000000000000000000000
010111000010010110000010101011111000000000000000000000000000000000000000000000000000000000000000
110110000000110111100110010100011011000000000000000000000000000000000000000000000000000000000000
011010100000011010000001100101001100000000000000000000000000000000000000000000000000000000000000
001001100011001110011001011010000101000000000000000000000000000000000000000000000000000000000000
000110010011000001101101101101111000000000000000000000000000000000000000000000000000000000000000
010111110000110100000100110100100111000000000000000000000000000000000000000000000000000000000000
001100011010011101100011110000110111000000000000000000000000000000000000000000000000000000000000
011110110010111110001001011111000111000000000000000000000000000000000000000000000000000000000000
110000001100111010100100000111110101000000000000000000000000000000000000000000000000000000000000
010001001010000111010000011000011011000000000000000000000000000000000000000000000000000000000000
001011010001001000000111001011100111000000000000000000000000000000000000000000000000000000000000
001011001000001010101001100011100000000000000000000000000000000000000000000000000000000000000000
001110011010011011000100011100101110000000000000000000000000000000000000000000000000000000000000
001011000110010011000111100110001110000000000000000000000000000000000000000000000000000000000000
110100000101100010100100010110001111000000000000000000000000000000000000000000000000000000000000
111100000011110110001111011111111101000000000000000000000000000000000000000000000000000000000000
000101010000111010101000100000111001000000000000000000000000000000000000000000000000000000000000
100010110011010000100100011001010011000000000000000000000000000000000000000000000000000000000000
011111010010101010110111110001001010000000000000000000000000000000000000000000000000000000000000
001111001101101000011110100001111111000000000000000000000000000000000000000000000000000000000000
011000100000000111010011111001000001000000000000000000000000000000000000000000000000000000000000
010111010110001010000000011011011010000000000000000000000000000000000000000000000000000000000000
111011100000010010001110111110011001000000000000000000000000000000000000000000000000000000000000
100010110111000111101101111010110001000000000000000000000000000000000000000000000000000000000000
010110010000010110100011000110011011000000000000000000000000000000000000000000000000000000000000
001110100111000110001011110111100001000000000000000000000000000000000000000000000000000000000000
010100001001011101010110111011100110000000000000000000000000000000000000000000000000000000000000
101011000011001100011111101111010001000000000000000000000000000000000000000000000000000000000000
011001000011011110001010000100111110000000000000000000000000000000000000000000000000000000000000
000110101110000111010001101000001111000000000000000000000000000000000000000000000000000000000000
101100110100000111000110001010011101000000000000000000000000000000000000000000000000000000000000
100101110001010110001110100101000001000000000000000000000000000000000000000000000000000000000000
000100011111110110011101110111111011000000000000000000000000000000000000000000000000000000000000
111001010111111011111001001111000100000000000000000000000000000000000000000000000000000000000000
110100111000110010111100110111000011000000000000000000000000000000000000000000000000000000000000
111101111100110110000001010010000001000000000000000000000000000000000000000000000000000000000000
010101100101101010101101100110110100000000000000000000000000000000000000000000000000000000000000
001010010100110110000100111001001001000000000000000000000000000000000000000000000000000000000000
010111110010000010101011101000000000000000000000000000000000000000000000000000000000000000000000
001000100111111110110100111111100011000000000000000000000000000000000000000000000000000000000000
010100001101111011010001011100010110000000000000000000000000000000000000000000000000000000000000
001101100011100011100011001111011000000000000000000000000000000000000000000000000000000000000000
110100111000000000001010111111011110000000000000000000000000000000000000000000000000000000000000
010101111100011000110110000110010011000000000000000000000000000000000000000000000000000000000000
100111010101100010110010011010100100000000000000000000000000000000000000000000000000000000000000
001100000001000100000001010100000111000000000000000000000000000000000000000000000000000000000000
000111000101110010000111000011000000000000000000000000000000000000000000000000000000000000000000
011110010100101010111001001010111000000000000000000000000000000000000000000000000000000000000000
110110001101001000110100110110000110000000000000000000000000000000000000000000000000000000000000
110000100100000010101011010010011101000000000000000000000000000000000000000000000000000000000000
000000111001011111110110010100000010000000000000000000000000000000000000000000000000000000000000
111001010100010010101010100101000000000000000000000000000000000000000000000000000000000000000000
100110101000111000011111111000101000000000000000000000000000000000000000000000000000000000000000
110101011110001001001100001010100111000000000000000000000000000000000000000000000000000000000000
100100010110101101110011001101111000000000000000000000000000000000000000000000000000000000000000
011110000110010110110011000111110011000000000000000000000000000000000000000000000000000000000000
110101011101011010110001100000001101000000000000000000000000000000000000000000000000000000000000
011010100000101110111110000101100010000000000000000000000000000000000000000000000000000000000000
000000100001010001100110000001001000000000000000000000000000000000000000000000000000000000000000
011101111010110101010111011001100110000000000000000000000000000000000000000000000000000000000000
110000011000100001110000001011001110000000000000000000000000000000000000000000000000000000000000
010001111010110101001101010100001100000000000000000000000000000000000000000000000000000000000000
000100001001011001000101101010101100000000000000000000000000000000000000000000000000000000000000
011001111001101110000001011001101111000000000000000000000000000000000000000000000000000000000000
101010000110110110011101111100011010000000000000000000000000000000000000000000000000000000000000
010011001101111100010111011110100110000000000000000000000000000000000000000000000000000000000000
100111110100101101000000110100110111000000000000000000000000000000000000000000000000000000000000
011100001000100100101110110100001110000000000000000000000000000000000000000000000000000000000000
111111010111111111011100111111001100000000000000000000000000000000000000000000000000000000000000
110100010001101100010111000100011110000000000000000000000000000000000000000000000000000000000000
000011000000011100001001100100011111000000000000000000000000000000000000000000000000000000000000
010010110001010110001001000011110000000000000000000000000000000000000000000000000000000000000000
100111010000000011101000011100110000000000000000000000000000000000000000000000000000000000000000
110110000001000111110110101111010101000000000000000000000000000000000000000000000000000000000000
110101101000010000001111101010011110000000000000000000000000000000000000000000000000000000000000
011101010111001010000001010101100100000000000000000000000000000000000000000000000000000000000000
000100001010111101000000001010100001000000000000000000000000000000000000000000000000000000000000
010110100100110111100101011110101100000000000000000000000000000000000000000000000000000000000000
101000110001010111111001111010010010000000000000000000000000000000000000000000000000000000000000
001100100100101011000100011010111000000000000000000000000000000000000000000000000000000000000000
001110000110001000111010110111000111000000000000000000000000000000000000000000000000000000000000
111001011000110010001110010100001100000000000000000000000000000000000000000000000000000000000000
010001111011100000011100010111000010000000000000000000000000000000000000000000000000000000000000
110100100101100001010011000111110011000000000000000000000000000000000000000000000000000000000000
010110100111110101110111100001010100000000000000000000000000000000000000000000000000000000000000
100011011010010101110110000111000001000000000000000000000000000000000000000000000000000000000000
011011011101101001110111110101000011000000000000000000000000000000000000000000000000000000000000
101010000000011111110101100100000000000000000000000000000000000000000000000000000000000000000000
001101111010111010000110011011010010000000000000000000000000000000000000000000000000000000000000
010111110001011001100110001100100010000000000000000000000000000000000000000000000000000000000000
100010011101111101001011011101010001000000000000000000000000000000000000000000000000000000000000
111101111111110100100111100011101111000000000000000000000000000000000000000000000000000000000000
000110110010101110011111100101110011000000000000000000000000000000000000000000000000000000000000
000010111101101010100111010111011110000000000000000000000000000000000000000000000000000000000000
010010111111010001001111001010011010000000000000000000000000000000000000000000000000000000000000
001001100101111011011010110010110010000000000000000000000000000000000000000000000000000000000000
101100001010001110000000100010001000000000000000000000000000000000000000000000000000000000000000
011000101001000100100010110011101000000000000000000000000000000000000000000000000000000000000000
100101110001011011100010011110110101000000000000000000000000000000000000000000000000000000000000
000110100011000001010110000100011010000000000000000000000000000000000000000000000000000000000000
111110011011000110010000101001110001000000000000000000000000000000000000000000000000000000000000
000101001000110101001000110101110010000000000000000000000000000000000000000000000000000000000000
110000001010100101010110011110101001000000000000000000000000000000000000000000000000000000000000
001111010101001011111010000011101010000000000000000000000000000000000000000000000000000000000000
111000010011000100000101110111011000000000000000000000000000000000000000000000000000000000000000
001011111110101110101100110000010100000000000000000000000000000000000000000000000000000000000000
111100111100000000111001101000000001000000000000000000000000000000000000000000000000000000000000
010011100110011110010110101011110011000000000000000000000000000000000000000000000000000000000000
111000110010001000000111000100011111000000000000000000000000000000000000000000000000000000000000
001011001000100101011100111000110000000000000000000000000000000000000000000000000000000000000000
111011000111011111100010010111000101000000000000000000000000000000000000000000000000000000000000
110100111100101101000110000001010110000000000000000000000000000000000000000000000000000000000000
010011001011110111110100001001100101000000000000000000000000000000000000000000000000000000000000
101000100001101110110101111000000000000000000000000000000000000000000000000000000000000000000000
011001000100011001111101111100110011000000000000000000000000000000000000000000000000000000000000
101111001011110000001010110000000110000000000000000000000000000000000000000000000000000000000000
001011111101000011011101101011110011000000000000000000000000000000000000000000000000000000000000
101101110010000001011100000011000101000000000000000000000000000000000000000000000000000000000000
010011000001001110100000001000101100000000000000000000000000000000000000000000000000000000000000
010100001110100100111110000011111010000000000000000000000000000000000000000000000000000000000000
010001001110001000101011110100111001000000000000000000000000000000000000000000000000000000000000
011000111111100000100001001101001101000000000000000000000000000000000000000000000000000000000000
111111110110010000111011100100000001000000000000000000000000000000000000000000000000000000000000
110001100010011000101010000001010100000000000000000000000000000000000000000000000000000000000000
111000100011110010010001000101101010000000000000000000000000000000000000000000000000000000000000
001000001100110011000100011100111110000000000000000000000000000000000000000000000000000000000000
000100100110110011010011111111110110000000000000000000000000000000000000000000000000000000000000
001010011001111101011110100010100000000000000000000000000000000000000000000000000000000000000000
111000001111110101110010100101111100000000000000000000000000000000000000000000000000000000000000
111100001111010111000101000110011110000000000000000000000000000000000000000000000000000000000000
010011101110001101111001001010100011000000000000000000000000000000000000000000000000000000000000
000101000111110111110101111111110111000000000000000000000000000000000000000000000000000000000000
111101111111000000011111100011000010000000000000000000000000000000000000000000000000000000000000
100101000111000001100111111111111110000000000000000000000000000000000000000000000000000000000000
010001010100001000100101010100101010000000000000000000000000000000000000000000000000000000000000
001101011001001000101110001000111110000000000000000000000000000000000000000000000000000000000000
000101000111010101011001101111011101000000000000000000000000000000000000000000000000000000000000
011011101010001110111000101110010001000000000000000000000000000000000000000000000000000000000000
011000001001100110001010111010001001000000000000000000000000000000000000000000000000000000000000
100011011110011011111001011001110000000000000000000000000000000000000000000000000000000000000000
101001011000011010011111101101110010000000000000000000000000000000000000000000000000000000000000
011101111001010010010100111110000110000000000000000000000000000000000000000000000000000000000000
010110010001001001110100001101101100000000000000000000000000000000000000000000000000000000000000
101110101111011010001010001001101100000000000000000000000000000000000000000000000000000000000000
011011011110110001110000011110100010000000000000000000000000000000000000000000000000000000000000
110110010001010100001111101010011101000000000000000000000000000000000000000000000000000000000000
110011000110001001101001010111011110000000000000000000000000000000000000000000000000000000000000
000110101101010101011010111101001101000000000000000000000000000000000000000000000000000000000000
011011110111010010101100111000011011000000000000000000000000000000000000000000000000000000000000
000010001110110001111010011110111000000000000000000000000000000000000000000000000000000000000000
111011101101100011001100000101010011000000000000000000000000000000000000000000000000000000000000
100101011101110011111000001110110011000000000000000000000000000000000000000000000000000000000000
010000100000101011001011010011001111000000000000000000000000000000000000000000000000000000000000
110010111101011110011011110011100000000000000000000000000000000000000000000000000000000000000000
001110001100000001101100110001100111000000000000000000000000000000000000000000000000000000000000
111100110100110110101101100001101000000000000000000000000000000000000000000000000000000000000000
100110101101101101011000000110100110000000000000000000000000000000000000000000000000000000000000
101100011000101110101100011001110110000000000000000000000000000000000000000000000000000000000000
100000000000001011010010110000100100000000000000000000000000000000000000000000000000000000000000
000111000100000010000010011001110000000000000000000000000000000000000000000000000000000000000000
000101101101000000011001001001011000000000000000000000000000000000000000000000000000000000000000
101010111011110100000000100011001110000000000000000000000000000000000000000000000000000000000000
101100011011100100000100011111001110000000000000000000000000000000000000000000000000000000000000
101111111010001100101111001010100110000000000000000000000000000000000000000000000000000000000000
110110101110111011100101100111111111000000000000000000000000000000000000000000000000000000000000
011100001010100010101001001000000010000000000000000000000000000000000000000000000000000000000000
111011100001010000001111111110111101000000000000000000000000000000000000000000000000000000000000
111100101100111101100110001010101000000000000000000000000000000000000000000000000000000000000000
001101000010101000101010111101110111000000000000000000000000000000000000000000000000000000000000
001010000101101111001001110101010100000000000000000000000000000000000000000000000000000000000000
010111100010001110010101000111111001000000000000000000000000000000000000000000000000000000000000
101100011010110101001100101011011000000000000000000000000000000000000000000000000000000000000000
101011110111000111100010000000011101000000000000000000000000000000000000000000000000000000000000
011011100100000001100101011110000100000000000000000000000000000000000000000000000000000000000000
101100000001010011000100100011000101000000000000000000000000000000000000000000000000000000000000
001100100011001100101010011011011011000000000000000000000000000000000000000000000000000000000000
110010000110011110111111000101011111000000000000000000000000000000000000000000000000000000000000
101110011110100000011111000101100100000000000000000000000000000000000000000000000000000000000000
100010111111110011000110000111010110000000000000000000000000000000000000000000000000000000000000
110110001011110010100110000011111001000000000000000000000000000000000000000000000000000000000000
010000100001111011100100101001111000000000000000000000000000000000000000000000000000000000000000
011100100100101111111110001001101000000000000000000000000000000000000000000000000000000000000000
100001010011001001011111010110110101000000000000000000000000000000000000000000000000000000000000
011100001100101000010111100100010011000000000000000000000000000000000000000000000000000000000000
100000011001100010111110001100010110000000000000000000000000000000000000000000000000000000000000
001011111010101010001100100000000100000000000000000000000000000000000000000000000000000000000000
000011101100011101111111000000111100000000000000000000000000000000000000000000000000000000000000
010001100011011101011111011101000110000000000000000000000000000000000000000000000000000000000000
100110001000101111010111101000001000000000000000000000000000000000000000000000000000000000000000
110001111111101110101010100010000001000000000000000000000000000000000000000000000000000000000000
111000111010111110101110000011111110000000000000000000000000000000000000000000000000000000000000
101011011000110110100001101101010000000000000000000000000000000000000000000000000000000000000000
000111001001100011010011010001111001000000000000000000000000000000000000000000000000000000000000
101001010101000000100010100011010001000000000000000000000000000000000000000000000000000000000000
001010101010100001100010100110110100000000000000000000000000000000000000000000000000000000000000
001111011000001101010100011110101110000000000000000000000000000000000000000000000000000000000000
100001000000011101110111011100111011000000000000000000000000000000000000000000000000000000000000
110011011100011000100100000001111111000000000000000000000000000000000000000000000000000000000000
000110011000101100011100110111101111000000000000000000000000000000000000000000000000000000000000
010001111101001000101001011110000110000000000000000000000000000000000000000000000000000000000000
101111100111011101101111100110010000000000000000000000000000000000000000000000000000000000000000
001100001100010001101100111110000001000000000000000000000000000000000000000000000000000000000000
010001101001100111010011101100110110000000000000000000000000000000000000000000000000000000000000
111010101100100001011010111001110101000000000000000000000000000000000000000000000000000000000000
001011000010111010010000101001001000000000000000000000000000000000000000000000000000000000000000
011111000000001000001011110011011010000000000000000000000000000000000000000000000000000000000000
010001011111100000100010000101110011000000000000000000000000000000000000000000000000000000000000
111011010110101011110100011010101100000000000000000000000000000000000000000000000000000000000000
010000001000000010000101011100000001000000000000000000000000000000000000000000000000000000000000
000101111101000100111100000000001010000000000000000000000000000000000000000000000000000000000000
000000000110011001101101110001011101000000000000000000000000000000000000000000000000000000000000
100110001100101110101010010011011010000000000000000000000000000000000000000000000000000000000000
110011100001110101101010010101110100000000000000000000000000000000000000000000000000000000000000
011101100110101100000110011000001001000000000000000000000000000000000000000000000000000000000000
001001010110001001010010101000001100000000000000000000000000000000000000000000000000000000000000
011000010010101011001110000100010011000000000000000000000000000000000000000000000000000000000000
101110100000001001100100001011011101000000000000000000000000000000000000000000000000000000000000
101110011100001010010101010000111100000000000000000000000000000000000000000000000000000000000000
110010101101011110011101001001111010000000000000000000000000000000000000000000000000000000000000
011111011100110000011000001011110001000000000000000000000000000000000000000000000000000000000000
011110010000000100110111000100111011000000000000000000000000000000000000000000000000000000000000
110100101000110111111101111110011011000000000000000000000000000000000000000000000000000000000000
000100101001000011100010110101110001000000000000000000000000000000000000000000000000000000000000
100011111011111001101001000001111110000000000000000000000000000000000000000000000000000000000000
111111101101100000111010011011010011000000000000000000000000000000000000000000000000000000000000
011001100010111010000110100010101010000000000000000000000000000000000000000000000000000000000000
101001001110111111000111001100010110000000000000000000000000000000000000000000000000000000000000
101111101001100011110100101001010000000000000000000000000000000000000000000000000000000000000000
010110011011011110001111101001111110000000000000000000000000000000000000000000000000000000000000
100111111001111101111100111100001100000000000000000000000000000000000000000000000000000000000000
010011101111101001000010011011110111000000000000000000000000000000000000000000000000000000000000
000001001110111001010010000010101101000000000000000000000000000000000000000000000000000000000000
100000100111001111101100100100100110000000000000000000000000000000000000000000000000000000000000
110100010101010011110000110010001011000000000000000000000000000000000000000000000000000000000000
110011101011111100101000111001001011000000000000000000000000000000000000000000000000000000000000
111010111001111111101101110101001001000000000000000000000000000000000000000000000000000000000000
111001100011110111100100011001110011000000000000000000000000000000000000000000000000000000000000
001110010110001110110011001100100001000000000000000000000000000000000000000000000000000000000000
000011010111010111011100011001101110000000000000000000000000000000000000000000000000000000000000
011011101001010001011100000101001111000000000000000000000000000000000000000000000000000000000000
111001111101010111001100111111010011000000000000000000000000000000000000000000000000000000000000
011111111010111000000111110111101100000000000000000000000000000000000000000000000000000000000000
000001100001011111011000100111110010000000000000000000000000000000000000000000000000000000000000
010101010111001010011000110010100000000000000000000000000000000000000000000000000000000000000000
001011001111010000110111101011010110000000000000000000000000000000000000000000000000000000000000
111110101100001110010010000111010111000000000000000000000000000000000000000000000000000000000000
011111010011010111011101101100001011000000000000000000000000000000000000000000000000000000000000
010011010011101100001100111100101010000000000000000000000000000000000000000000000000000000000000
101010000000010111100010111010011100000000000000000000000000000000000000000000000000000000000000
000001011100000101011100011010010100000000000000000000000000000000000000000000000000000000000000
010101110100000101001010001001001101000000000000000000000000000000000000000000000000000000000000
011110000001100000000100110010110000000000000000000000000000000000000000000000000000000000000000
001100111001000001110000110001000001000000000000000000000000000000000000000000000000000000000000
001111110001110001111110101010000010000000000000000000000000000000000000000000000000000000000000
111010011001100011000101000001110000000000000000000000000000000000000000000000000000000000000000
000001101011000100011010100010111110000000000000000000000000000000000000000000000000000000000000
110100010100001001001100000101111111000000000000000000000000000000000000000000000000000000000000
000000101010111011101011111011111110000000000000000000000000000000000000000000000000000000000000
101011100000110011101010111001010100000000000000000000000000000000000000000000000000000000000000
100001010011110011110001000011001011000000000000000000000000000000000000000000000000000000000000
010000001111011100011011111111100010000000000000000000000000000000000000000000000000000000000000
110101010011001001000000100000111110000000000000000000000000000000000000000000000000000000000000
011001100010110100111111100001001111000000000000000000000000000000000000000000000000000000000000
000110001011000011111111001011001000000000000000000000000000000000000000000000000000000000000000
001100111100101100011010110111101000000000000000000000000000000000000000000000000000000000000000
101010101110011000010110011111011110000000000000000000000000000000000000000000000000000000000000
100010101110100001110011000100001110000000000000000000000000000000000000000000000000000000000000
001011011111111111010011110011110010000000000000000000000000000000000000000000000000000000000000
100001010101010101000010111110110110000000000000000000000000000000000000000000000000000000000000
111001011111100111011010101011111111000000000000000000000000000000000000000000000000000000000000
110000111001101111110110100101111100000000000000000000000000000000000000000000000000000000000000
010011000010010111110000111010010000000000000000000000000000000000000000000000000000000000000000
100011100101110101111111011001000100000000000000000000000000000000000000000000000000000000000000
101101011011001101010011110011011111000000000000000000000000000000000000000000000000000000000000
111100011100100111011011111110110100000000000000000000000000000000000000000000000000000000000000
010111011010001011110101100011101110000000000000000000000000000000000000000000000000000000000000
011001110100111110010100101101011111000000000000000000000000000000000000000000000000000000000000
000001111011100011001000100000000000000000000000000000000000000000000000000000000000000000000000
100110111100100111010000011000010010000000000000000000000000000000000000000000000000000000000000
101110110011100010000101011101010011000000000000000000000000000000000000000000000000000000000000
011001111100000011101001010100000001000000000000000000000000000000000000000000000000000000000000
011000101011110110110000010000100110000000000000000000000000000000000000000000000000000000000000
010000100100111100101100011110111001000000000000000000000000000000000000000000000000000000000000
001110110010000001000100111011100001000000000000000000000000000000000000000000000000000000000000
011001100101010111010111011111000101000000000000000000000000000000000000000000000000000000000000
111100100000011111111110010011010010000000000000000000000000000000000000000000000000000000000000
000011110111111010100111101111001100000000000000000000000000000000000000000000000000000000000000
101000100000101110101000010001111001000000000000000000000000000000000000000000000000000000000000
001010100111011111000101011110100111000000000000000000000000000000000000000000000000000000000000
010110010010011010000111000101000001000000000000000000000000000000000000000000000000000000000000
011000010001111010001000000001101101000000000000000000000000000000000000000000000000000000000000
011001100011110111101001000010100011000000000000000000000000000000000000000000000000000000000000
010010110010100011010001110100000100000000000000000000000000000000000000000000000000000000000000
000001001100001100001101011110110001000000000000000000000000000000000000000000000000000000000000
111010101110100110101100111011010100000000000000000000000000000000000000000000000000000000000000
101011010010111001011101111000011010000000000000000000000000000000000000000000000000000000000000
111001000101001111111111100111100001000000000000000000000000000000000000000000000000000000000000
010111100110001111110111101001001001000000000000000000000000000000000000000000000000000000000000
101101101101000100001001000010100000000000000000000000000000000000000000000000000000000000000000
010100001111000010101111001010111100000000000000000000000000000000000000000000000000000000000000
010000111111000011001000110000010011000000000000000000000000000000000000000000000000000000000000
100100001111010111101110000100001101000000000000000000000000000000000000000000000000000000000000
111110100101111110001000100110011011000000000000000000000000000000000000000000000000000000000000
011101011100111000100001001010111010000000000000000000000000000000000000000000000000000000000000
110010101011011010000010011011000110000000000000000000000000000000000000000000000000000000000000
110011011110001111000001111110010010000000000000000000000000000000000000000000000000000000000000
111110111100001110000100111000011010000000000000000000000000000000000000000000000000000000000000
000001100011010000101100010111111101000000000000000000000000000000000000000000000000000000000000
001110000001100000011010000110011000000000000000000000000000000000000000000000000000000000000000
001101001101111010111100011001101000000000000000000000000000000000000000000000000000000000000000
110001011001001001110100111010100000000000000000000000000000000000000000000000000000000000000000
010101011010101001101111011011100001000000000000000000000000000000000000000000000000000000000000
000100010010110111100001100010110100000000000000000000000000000000000000000000000000000000000000
000001101110101101010100000101111010000000000000000000000000000000000000000000000000000000000000
100010001011110100100101010000011011000000000000000000000000000000000000000000000000000000000000
101001101001011101100100001000101101000000000000000000000000000000000000000000000000000000000000
100100001001110000010101101010101101000000000000000000000000000000000000000000000000000000000000
111001101110001000011000011010111000000000000000000000000000000000000000000000000000000000000000
001011100011000110111000001101111110000000000000000000000000000000000000000000000000000000000000
110110010101100110000000111110000001000000000000000000000000000000000000000000000000000000000000
010000010101010001110010111100110100000000000000000000000000000000000000000000000000000000000000
000001010110100110001111100001001001000000000000000000000000000000000000000000000000000000000000
100110011101010101000110111001101101000000000000000000000000000000000000000000000000000000000000
110111111010010001010101010110111000000000000000000000000000000000000000000000000000000000000000
010110000000110111010000000100011010000000000000000000000000000000000000000000000000000000000000
010010101100110000000010011111011010000000000000000000000000000000000000000000000000000000000000
111100001001001111110111000000110100000000000000000000000000000000000000000000000000000000000000
100011011010011011011001110011010000000000000000000000000000000000000000000000000000000000000000
010010100110110010101001100100100110000000000000000000000000000000000000000000000000000000000000
110101100100011010010001000101101011000000000000000000000000000000000000000000000000000000000000
001110001101111000111111001010101101000000000000000000000000000000000000000000000000000000000000
101111101111111101101110110010110011000000000000000000000000000000000000000000000000000000000000
111100110000010010001000000101101100000000000000000000000000000000000000000000000000000000000000
001101100010010101000100010111111101000000000000000000000000000000000000000000000000000000000000
000110011001111010100000001000100101000000000000000000000000000000000000000000000000000000000000
101100111001111101010111100110000011000000000000000000000000000000000000000000000000000000000000
101001011111010111001100100101100011000000000000000000000000000000000000000000000000000000000000
101010111011010100100001010010111011000000000000000000000000000000000000000000000000000000000000
010110011010010000101111101101001101000000000000000000000000000000000000000000000000000000000000
011111111110010000111100010011011100000000000000000000000000000000000000000000000000000000000000
010000111110011100111111111000011011000000000000000000000000000000000000000000000000000000000000
111111000010000101000001100000011100000000000000000000000000000000000000000000000000000000000000
100001100111101001101101100101000100000000000000000000000000000000000000000000000000000000000000
100011001001011010011110011100101110000000000000000000000000000000000000000000000000000000000000
111101010010110111101001110001110110000000000000000000000000000000000000000000000000000000000000
111110010010111000100001101111101011000000000000000000000000000000000000000000000000000000000000
100111011100111101001111111100110010000000000000000000000000000000000000000000000000000000000000
111011101001100000111010101001111111000000000000000000000000000000000000000000000000000000000000
001011011110011001011111000110110100000000000000000000000000000000000000000000000000000000000000
001010010000101101100010011010010001000000000000000000000000000000000000000000000000000000000000
000111000001011101100010010000100000000000000000000000000000000000000000000000000000000000000000
000010000100100111110001110010001100000000000000000000000000000000000000000000000000000000000000
001000110100011001011010000100101111000000000000000000000000000000000000000000000000000000000000
001111100011010001101101000101111101000000000000000000000000000000000000000000000000000000000000
100011000001011001010011101011010101000000000000000000000000000000000000000000000000000000000000
010110100001101000011100111010111110000000000000000000000000000000000000000000000000000000000000
111101101011100101010010010010000000000000000000000000000000000000000000000000000000000000000000
000011001000100011001011000111101110000000000000000000000000000000000000000000000000000000000000
110011101110101001011000111101110011000000000000000000000000000000000000000000000000000000000000
110000000010001011011100001000100011000000000000000000000000000000000000000000000000000000000000
000110010001101110010111011010101010000000000000000000000000000000000000000000000000000000000000
000111000110111010000100011010110111000000000000000000000000000000000000000000000000000000000000
011001010001001011011011101111100001000000000000000000000000000000000000000000000000000000000000
101001010100001101010011101111000001000000000000000000000000000000000000000000000000000000000000
100101111011100101000010100111000100000000000000000000000000000000000000000000000000000000000000
101001101110111101010010100000001011000000000000000000000000000000000000000000000000000000000000
100010111011011001000010100100011111000000000000000000000000000000000000000000000000000000000000
000011010100000001101011011010000001000000000000000000000000000000000000000000000000000000000000
110001101100100001000000111100010011000000000000000000000000000000000000000000000000000000000000
010001100001111010100001001100110001000000000000000000000000000000000000000000000000000000000000
101011011000100011010111110000110001000000000000000000000000000000000000000000000000000000000000
011000101010110011101001010111001000000000000000000000000000000000000000000000000000000000000000
001111100001010000101010011100111100000000000000000000000000000000000000000000000000000000000000
000111111100110010010110001101011000000000000000000000000000000000000000000000000000000000000000
000000110000001110100000000101111110000000000000000000000000000000000000000000000000000000000000
110010010100001101100011011110110000000000000000000000000000000000000000000000000000000000000000
010100011000111101001001100010000110000000000000000000000000000000000000000000000000000000000000
111111111100111100111101110100001000000000000000000000000000000000000000000000000000000000000000
110011100000100010001000001001000010000000000000000000000000000000000000000000000000000000000000
010001111110010001010001100011110001000000000000000000000000000000000000000000000000000000000000
001111110110111100111100001100011010000000000000000000000000000000000000000000000000000000000000
100110011011110000010110110100111100000000000000000000000000000000000000000000000000000000000000
001111000111110011101101101101011110000000000000000000000000000000000000000000000000000000000000
010011001001001001111111000101000100000000000000000000000000000000000000000000000000000000000000
101011011011001010101101011000101100000000000000000000000000000000000000000000000000000000000000
111110111110101000010100010111010000000000000000000000000000000000000000000000000000000000000000
000100110111101101111000100101100110000000000000000000000000000000000000000000000000000000000000
100110110010001100100100101000101111000000000000000000000000000000000000000000000000000000000000
010010100110100010010110011000011111000000000000000000000000000000000000000000000000000000000000
010001000000100000001111100100111010000000000000000000000000000000000000000000000000000000000000
010101111011011000111100000001001010000000000000000000000000000000000000000000000000000000000000
000100011100111111110110010011101001000000000000000000000000000000000000000000000000000000000000
100000111011110011000100101101000111000000000000000000000000000000000000000000000000000000000000
010010000010001011100111101001110010000000000000000000000000000000000000000000000000000000000000
101100001000000010101101010111010001000000000000000000000000000000000000000000000000000000000000
101001111110100100101111011010110111000000000000000000000000000000000000000000000000000000000000
101100100010010000111001010001001011000000000000000000000000000000000000000000000000000000000000
111101101101110101111111100110011011000000000000000000000000000000000000000000000000000000000000
101110011001011011101100000011110010000000000000000000000000000000000000000000000000000000000000
111100010000110000010101000100100011000000000000000000000000000000000000000000000000000000000000
101001011000101100101011011101010100000000000000000000000000000000000000000000000000000000000000
111001001110100100100001010000011010000000000000000000000000000000000000000000000000000000000000
100110011010010111000101011011111100000000000000000000000000000000000000000000000000000000000000
110101101000110100000101001010101011000000000000000000000000000000000000000000000000000000000000
010100010111001110110111100001111000000000000000000000000000000000000000000000000000000000000000
110011100100110110101111001000111011000000000000000000000000000000000000000000000000000000000000
111101000000111111010101000001101111000000000000000000000000000000000000000000000000000000000000
001101111011111111000001100011000001000000000000000000000000000000000000000000000000000000000000
000010010000000110000011110110011000000000000000000000000000000000000000000000000000000000000000
010101110110100000000101111110001010000000000000000000000000000000000000000000000000000000000000
000001101000111100101110101001100110000000000000000000000000000000000000000000000000000000000000
011100111011100111011111100110110000000000000000000000000000000000000000000000000000000000000000
101000111110001101100000011010011100000000000000000000000000000000000000000000000000000000000000
010111000000101100111001001110110111000000000000000000000000000000000000000000000000000000000000
101100010011011000111100010100101000000000000000000000000000000000000000000000000000000000000000
111001011101111100101010111010001111000000000000000000000000000000000000000000000000000000000000
100111110001001000100101011110010101000000000000000000000000000000000000000000000000000000000000
000011100001011101101000100001110001000000000000000000000000000000000000000000000000000000000000
101101000101010110001011111111111101000000000000000000000000000000000000000000000000000000000000
100000010000100000010010100110100110000000000000000000000000000000000000000000000000000000000000
110111101101011000100010000010011111000000000000000000000000000000000000000000000000000000000000
010001110110010100001110100101010001000000000000000000000000000000000000000000000000000000000000
100010000010100101010000101000000101000000000000000000000000000000000000000000000000000000000000
100101001111000101011010011111101110000000000000000000000000000000000000000000000000000000000000
001011011111111101100100111001011010000000000000000000000000000000000000000000000000000000000000
110110111000100100111010101001101101000000000000000000000000000000000000000000000000000000000000
001010110011101110000100000101010100000000000000000000000000000000000000000000000000000000000000
101000000010000000100101101011110000000000000000000000000000000000000000000000000000000000000000
110100101101010010100011110101011100000000000000000000000000000000000000000000000000000000000000
011111101011110000101000010000100001000000000000000000000000000000000000000000000000000000000000
000110111000111111111100011011000111000000000000000000000000000000000000000000000000000000000000
100100000000000011111000110100100011000000000000000000000000000000000000000000000000000000000000
011101101011000011101011011001010101000000000000000000000000000000000000000000000000000000000000
011010010110100011101100000011100010000000000000000000000000000000000000000000000000000000000000
110111000111111101110100001011010110000000000000000000000000000000000000000000000000000000000000
101101100101110111101001111011111000000000000000000000000000000000000000000000000000000000000000
100100100111101000011000101001001011000000000000000000000000000000000000000000000000000000000000
111111111101110000000010010011000011000000000000000000000000000000000000000000000000000000000000
111101010001101010000001111100111001000000000000000000000000000000000000000000000000000000000000
001111000001110011100001010000011010000000000000000000000000000000000000000000000000000000000000
101001010011110001100100101101101011000000000000000000000000000000000000000000000000000000000000
011101101011001011100111000101100011000000000000000000000000000000000000000000000000000000000000
111110100001100000010100100010100001000000000000000000000000000000000000000000000000000000000000
000011000101101000101101111000101000000000000000000000000000000000000000000000000000000000000000
001111100111110101101100101100000110000000000000000000000000000000000000000000000000000000000000
110001011010011101110010100010010110000000000000000000000000000000000000000000000000000000000000
111100000001001111110010101000010001000000000000000000000000000000000000000000000000000000000000
010100101100110011011000101000111101000000000000000000000000000000000000000000000000000000000000
010001010001100001011100011110000011000000000000000000000000000000000000000000000000000000000000
111000100001111010111101100111110110000000000000000000000000000000000000000000000000000000000000
110001001110000110010110001110111100000000000000000000000000000000000000000000000000000000000000
010000001100110011100001011101100000000000000000000000000000000000000000000000000000000000000000
001010010000000001111111100000010111000000000000000000000000000000000000000000000000000000000000
001010100010000101101000010100000101000000000000000000000000000000000000000000000000000000000000
010110000001100101110110110111111010000000000000000000000000000000000000000000000000000000000000
101100100101101010001100100001010110000000000000000000000000000000000000000000000000000000000000
001101001011000100111001001001011010000000000000000000000000000000000000000000000000000000000000
100011110000111011001000001011101100000000000000000000000000000000000000000000000000000000000000
000011011111011111110100111111110101000000000000000000000000000000000000000000000000000000000000
111000110000110010100110010011011011000000000000000000000000000000000000000000000000000000000000
111011000110110001101010010011011111000000000000000000000000000000000000000000000000000000000000
110010110111110100000101011011011100000000000000000000000000000000000000000000000000000000000000
000010101100011001000000011100101000000000000000000000000000000000000000000000000000000000000000
100010110100111101001100111010110111000000000000000000000000000000000000000000000000000000000000
011000101001100111001101111010111100000000000000000000000000000000000000000000000000000000000000
010111001100111010011100000101000000000000000000000000000000000000000000000000000000000000000000
010101000011001101001111001011011001000000000000000000000000000000000000000000000000000000000000
100011010011000101101011101111011111000000000000000000000000000000000000000000000000000000000000
010101001000001111011110011110101111000000000000000000000000000000000000000000000000000000000000
100010101000111000101010000100100010000000000000000000000000000000000000000000000000000000000000
010101111000110010001011100011001111000000000000000000000000000000000000000000000000000000000000
000010010000000111100101011111111011000000000000000000000000000000000000000000000000000000000000
111011110111101010100101011100100001000000000000000000000000000000000000000000000000000000000000
010010110011101100001110101011100011000000000000000000000000000000000000000000000000000000000000
100110010010110011110000100000110101000000000000000000000000000000000000000000000000000000000000
100101101110101101111001100010000010000000000000000000000000000000000000000000000000000000000000
001100101010100001100100000111111100000000000000000000000000000000000000000000000000000000000000
001110011110000110010001110010100100000000000000000000000000000000000000000000000000000000000000
010010100111011010110010011011010010000000000000000000000000000000000000000000000000000000000000
001001001010111001110011001001100001000000000000000000000000000000000000000000000000000000000000
010001101010000101010000001000111101000000000000000000000000000000000000000000000000000000000000
001100111100101111000011001111001111000000000000000000000000000000000000000000000000000000000000
111010111101111110111000000001000010000000000000000000000000000000000000000000000000000000000000
011100011001000111011111011010101010000000000000000000000000000000000000000000000000000000000000
100111010001011001100100100001111110000000000000000000000000000000000000000000000000000000000000
111010100001100001000000010111010101000000000000000000000000000000000000000000000000000000000000
001100001011001001001111011010101001000000000000000000000000000000000000000000000000000000000000
010011001101100010110011110101000110000000000000000000000000000000000000000000000000000000000000
010111100101111010011011010001101011000000000000000000000000000000000000000000000000000000000000
011101011000111000110111101000010100000000000000000000000000000000000000000000000000000000000000
000011110111101000000000011000101101000000000000000000000000000000000000000000000000000000000000
100101110110110100011111110011100000000000000000000000000000000000000000000000000000000000000000
101101010000010100101000110001111101000000000000000000000000000000000000000000000000000000000000
101000000001010010100010001100110101000000000000000000000000000000000000000000000000000000000000
101000011111101110011110111010001111000000000000000000000000000000000000000000000000000000000000
100011000001111001101011000011011001000000000000000000000000000000000000000000000000000000000000
110011110100000001010001110010111011000000000000000000000000000000000000000000000000000000000000
111001101110110000011011010011011110000000000000000000000000000000000000000000000000000000000000
100100111000111101101010100101100011000000000000000000000000000000000000000000000000000000000000
101010111010110101000011100000010010000000000000000000000000000000000000000000000000000000000000
100010101001101010110010111000011101000000000000000000000000000000000000000000000000000000000000
100000001000011110110101110011100011000000000000000000000000000000000000000000000000000000000000
011101001000100111010010101110010100000000000000000000000000000000000000000000000000000000000000
000000110110000001111110000011010111000000000000000000000000000000000000000000000000000000000000
101100101011101110011011111001110111000000000000000000000000000000000000000000000000000000000000
001101111111110001001000001110001110000000000000000000000000000000000000000000000000000000000000
011000001111101110000010110101110101000000000000000000000000000000000000000000000000000000000000
000111100100001001000111000110001011000000000000000000000000000000000000000000000000000000000000
111010011110100010001000110111010100000000000000000000000000000000000000000000000000000000000000
110000111001110110010101111001101101000000000000000000000000000000000000000000000000000000000000
010000100111100000000011100110011110000000000000000000000000000000000000000000000000000000000000
101000011010000000010000111100101111000000000000000000000000000000000000000000000000000000000000
100110101001010100101110001110000100000000000000000000000000000000000000000000000000000000000000
011010110000001101101100011000001100000000000000000000000000000000000000000000000000000000000000
000001100100100011100001101100100110000000000000000000000000000000000000000000000000000000000000
011010000100010011000110110000100110000000000000000000000000000000000000000000000000000000000000
110101011101001110010100101100000011000000000000000000000000000000000000000000000000000000000000
010101001111000010011011011001100111000000000000000000000000000000000000000000000000000000000000
011110101101011000100110011100001010000000000000000000000000000000000000000000000000000000000000
001000101110101000110011110001110110000000000000000000000000000000000000000000000000000000000000
110111110011011001100000101101000000000000000000000000000000000000000000000000000000000000000000
000001101111010101011100011100011111000000000000000000000000000000000000000000000000000000000000
101100011001001000111100011001001111000000000000000000000000000000000000000000000000000000000000
111111101001110011000000110101000001000000000000000000000000000000000000000000000000000000000000
100000011010001110010111000111100010000000000000000000000000000000000000000000000000000000000000
100010010000100010010110111001111111000000000000000000000000000000000000000000000000000000000000
100011010111001010010011010111100010000000000000000000000000000000000000000000000000000000000000
000100011111111110110101001010000001000000000000000000000000000000000000000000000000000000000000
101110011000001010110101111011111101000000000000000000000000000000000000000000000000000000000000
001100100000101001001010001010010110000000000000000000000000000000000000000000000000000000000000
001100011010100001111011100100010001000000000000000000000000000000000000000000000000000000000000
110111010000111100011110110000001100000000000000000000000000000000000000000000000000000000000000
000100101101011101001000100111011101000000000000000000000000000000000000000000000000000000000000
001110000010010110100001111001110110000000000000000000000000000000000000000000000000000000000000
100111000110100000111111011100011010000000000000000000000000000000000000000000000000000000000000
001110011010100011110110001000011001000000000000000000000000000000000000000000000000000000000000
010000001100110110110011010101011011000000000000000000000000000000000000000000000000000000000000
111011000100010101111110000111111101000000000000000000000000000000000000000000000000000000000000
111011100101010010110110001011100010000000000000000000000000000000000000000000000000000000000000
111000010010100111100010000100000011000000000000000000000000000000000000000000000000000000000000
111000011111000010110101000110101101000000000000000000000000000000000000000000000000000000000000
001111000000011111111001001111100101000000000000000000000000000000000000000000000000000000000000
100100000011001111000001110100111001000000000000000000000000000000000000000000000000000000000000
011111100011101101101101111010011100000000000000000000000000000000000000000000000000000000000000
000100110001100010010001000110101011000000000000000000000000000000000000000000000000000000000000
010110000000101000000011011001011110000000000000000000000000000000000000000000000000000000000000
010111101111110101101001100101011110000000000000000000000000000000000000000000000000000000000000
010000101110000110010110111011101101000000000000000000000000000000000000000000000000000000000000
101001000100000100000111111000100011000000000000000000000000000000000000000000000000000000000000
001011010111001101110101110000000010000000000000000000000000000000000000000000000000000000000000
010011101001110111101000110111011110000000000000000000000000000000000000000000000000000000000000
000010001011001010100000100001100100000000000000000000000000000000000000000000000000000000000000
000011011010010011010101010010000001000000000000000000000000000000000000000000000000000000000000
011111001111101100000010110110000011000000000000000000000000000000000000000000000000000000000000
011001000110101010010101010001010011000000000000000000000000000000000000000000000000000000000000
110110100011010100010011010001001001000000000000000000000000000000000000000000000000000000000000
001000111000010010000010101101110000000000000000000000000000000000000000000000000000000000000000
011100101101010001100000000011010000000000000000000000000000000000000000000000000000000000000000
011100110011110110010011101101001011000000000000000000000000000000000000000000000000000000000000
001100001010101001101100001100000011000000000000000000000000000000000000000000000000000000000000
110000001000001000100100101110001001000000000000000000000000000000000000000000000000000000000000
011111011100110101111111110101011011000000000000000000000000000000000000000000000000000000000000
001001000011100110111011000010001100000000000000000000000000000000000000000000000000000000000000
010011001101001100111010110100110100000000000000000000000000000000000000000000000000000000000000
000101011010110001001110000011001001000000000000000000000000000000000000000000000000000000000000
000111001101110000010110010010011011000000000000000000000000000000000000000000000000000000000000
000111001110011100010001011100110011000000000000000000000000000000000000000000000000000000000000
010010101001111110110001111100011100000000000000000000000000000000000000000000000000000000000000
100101001101010010111110111011011001000000000000000000000000000000000000000000000000000000000000
100010011000100001100000101101100000000000000000000000000000000000000000000000000000000000000000
111001111000101001001000101001010111000000000000000000000000000000000000000000000000000000000000
100011010101011001011111001110001100000000000000000000000000000000000000000000000000000000000000
111000001000101001010011010010001000000000000000000000000000000000000000000000000000000000000000
101101101000101010100111010111010111000000000000000000000000000000000000000000000000000000000000
000110010111011110010111101110101110000000000000000000000000000000000000000000000000000000000000
110111100100011111010000101110010010000000000000000000000000000000000000000000000000000000000000
110001000010000101101110001011001110000000000000000000000000000000000000000000000000000000000000
000001111000010100011111011001010010000000000000000000000000000000000000000000000000000000000000
000001101111110011111001001101010101000000000000000000000000000000000000000000000000000000000000
001101110101000010111110000000000011000000000000000000000000000000000000000000000000000000000000
101101101011101111010010001110111101000000000000000000000000000000000000000000000000000000000000
011100110111111011110110000110100000000000000000000000000000000000000000000000000000000000000000
111011101000011101101001000011100110000000000000000000000000000000000000000000000000000000000000
011100110010100011011011111010000100000000000000000000000000000000000000000000000000000000000000
011000101010111111010010000000111000000000000000000000000000000000000000000000000000000000000000
100000110000100110100001110000101000000000000000000000000000000000000000000000000000000000000000
101001001111010000110000101010101111000000000000000000000000000000000000000000000000000000000000
001010010110111100011101010001100011000000000000000000000000000000000000000000000000000000000000
000001100110001100000111001010111111000000000000000000000000000000000000000000000000000000000000
100010011100111100111101011100001110000000000000000000000000000000000000000000000000000000000000
100011101011011110010110100001110101000000000000000000000000000000000000000000000000000000000000
001100110001001001110011100100100010000000000000000000000000000000000000000000000000000000000000
010101111110001110100000110100000100000000000000000000000000000000000000000000000000000000000000
110111011000101100110111111011101100000000000000000000000000000000000000000000000000000000000000
100110110100110111110100101011010111000000000000000000000000000000000000000000000000000000000000
011011010001001110011101100010101100000000000000000000000000000000000000000000000000000000000000
010111100111101111110100111110001111000000000000000000000000000000000000000000000000000000000000
011101100101010001000100100001100001000000000000000000000000000000000000000000000000000000000000
101001011000101010111101111100000010000000000000000000000000000000000000000000000000000000000000
011101110111111100110010111101110100000000000000000000000000000000000000000000000000000000000000
111110011110011111101101011110110110000000000000000000000000000000000000000000000000000000000000
001101111001011001100010110000110100000000000000000000000000000000000000000000000000000000000000
110001100110110111101110010111100011000000000000000000000000000000000000000000000000000000000000
110101100001100110010100011000011001000000000000000000000000000000000000000000000000000000000000
000100110100000010101000100000101001000000000000000000000000000000000000000000000000000000000000
000101000001011001010111100001001111000000000000000000000000000000000000000000000000000000000000
100001001000100010011010010111001001000000000000000000000000000000000000000000000000000000000000
111100110010011111100110110000010001000000000000000000000000000000000000000000000000000000000000
010100100110000011000101001000110001000000000000000000000000000000000000000000000000000000000000
000100000010111010011110011001000000000000000000000000000000000000000000000000000000000000000000
111000111010011101100101111010100110000000000000000000000000000000000000000000000000000000000000
001000100010110111010110000100000001000000000000000000000000000000000000000000000000000000000000
100100000010010010001000111110000101000000000000000000000000000000000000000000000000000000000000
011011100010110000100011011001100100000000000000000000000000000000000000000000000000000000000000
011000111101000011100110100111110011000000000000000000000000000000000000000000000000000000000000
111110110010000001110101100001111011000000000000000000000000000000000000000000000000000000000000
001001010011010100110111111000001100000000000000000000000000000000000000000000000000000000000000
100110101101010011010010000010100000000000000000000000000000000000000000000000000000000000000000
110011101001001000001111010101110111000000000000000000000000000000000000000000000000000000000000
001011111010111000100110100101011010000000000000000000000000000000000000000000000000000000000000
100101000111110100101101110100010010000000000000000000000000000000000000000000000000000000000000
110111110100001100100101101110001111000000000000000000000000000000000000000000000000000000000000
011111010100111110000011100111101010000000000000000000000000000000000000000000000000000000000000
010101111110110000110100001100111011000000000000000000000000000000000000000000000000000000000000
100010101000001010000000011000011000000000000000000000000000000000000000000000000000000000000000
111000011100000100011110001011011100000000000000000000000000000000000000000000000000000000000000
101101010010101001010101010000110000000000000000000000000000000000000000000000000000000000000000
111111111000011100100111010010110110000000000000000000000000000000000000000000000000000000000000
100011011001001011010111011001100100000000000000000000000000000000000000000000000000000000000000
010001011010000000011001001001101000000000000000000000000000000000000000000000000000000000000000
000110001010001111010110000100100001000000000000000000000000000000000000000000000000000000000000
110000100111100110101011000111100010000000000000000000000000000000000000000000000000000000000000
011101111100010100000001101000010111000000000000000000000000000000000000000000000000000000000000
000101001101011111010100100101100010000000000000000000000000000000000000000000000000000000000000
011100111000100010101100111111100010000000000000000000000000000000000000000000000000000000000000
000010111001000001101011000000111111000000000000000000000000000000000000000000000000000000000000
111110100111101101101000100011001011000000000000000000000000000000000000000000000000000000000000
100100111111101101111000010100101010000000000000000000000000000000000000000000000000000000000000
000000001010101010111010000001100111000000000000000000000000000000000000000000000000000000000000
001100011010010010001000010110100011000000000000000000000000000000000000000000000000000000000000
101111010100010011011111001101100100000000000000000000000000000000000000000000000000000000000000
100011010001010001110010000001000111000000000000000000000000000000000000000000000000000000000000
001101111001010011100101010101001100000000000000000000000000000000000000000000000000000000000000
110000001010000000100001010011011001000000000000000000000000000000000000000000000000000000000000
001111011101001101010001011100000010000000000000000000000000000000000000000000000000000000000000
010111000101101001001011010001100101000000000000000000000000000000000000000000000000000000000000
001111101000101011101101010100001001000000000000000000000000000000000000000000000000000000000000
011001010101111101110101100111101101000000000000000000000000000000000000000000000000000000000000
000101101110100011011001010010111011000000000000000000000000000000000000000000000000000000000000
000100011110111100001011100101000100000000000000000000000000000000000000000000000000000000000000
101000010111111010011010010001111001000000000000000000000000000000000000000000000000000000000000
101011101100001000100100010100101100000000000000000000000000000000000000000000000000000000000000
101111010001000101000110011110011111000000000000000000000000000000000000000000000000000000000000
011010110111010101000110000100000111000000000000000000000000000000000000000000000000000000000000
111010000111010011001110110000101100000000000000000000000000000000000000000000000000000000000000
000101111110000011111110101010111110000000000000000000000000000000000000000000000000000000000000
010100000000110100110101101100011100000000000000000000000000000000000000000000000000000000000000
110000001001101111110001011010111101000000000000000000000000000000000000000000000000000000000000
111100010101111000100001000111011011000000000000000000000000000000000000000000000000000000000000
000001001100110111000000101101110000000000000000000000000000000000000000000000000000000000000000
101011110100110110010001110000100100000000000000000000000000000000000000000000000000000000000000
010100001010110111011010010011011111000000000000000000000000000000000000000000000000000000000000
010011000110001001111000000100001110000000000000000000000000000000000000000000000000000000000000
001111111101010110000010101011011011000000000000000000000000000000000000000000000000000000000000
100001000000010101110111001101100110000000000000000000000000000000000000000000000000000000000000
011000010001100000000100010001100001000000000000000000000000000000000000000000000000000000000000
001001000110110111100001111000000101000000000000000000000000000000000000000000000000000000000000
