100011111111111001110100000000110100110111101101111101110010001111111111111101011110101001010111
100110011000010000110010001101110110001000101100100011000100111101001000000010000111000000110110
000000100101011000110110101101010001000011110101010001111000000011010111110100000001101100100010
000101100011000100001011101111101101101100010101111001000101001101000110011101110111001010011001
110101011100001111101000101001110010000110111101111001111101000111101011111111001101100000010011
001100010010011001011110111011000101101011011000111100111000001001111111101011000011011001101011
000011111101100111101011111010011001100100011010100111110000010001001111111010110100010011000110
011010101001111111001111010000011000011011110001111011111111110110111111111100111110111000101100
100110111000101011000011010010000100101001111011100110111000010000100100000110100010010011000011
010100100110000010001110111001000101011001110001110011011111111000110001111100000110000010001110
001011011000001110000100001000011110000001001101011001100100011110100001001100010101111010111001
001011110111101011100111111000000110010000110010010011110100000101000111011111100000000000001100
111000001100111010011000011100010011001100000111001111011010001010111101001001111010000100011111
000010100110101000011111011100100010110011001001100001100111000001011111101111111001011100010001
101010101100110011101110111011101111010000001110100100011010001010111010010110101110000111011101
010111000001001001101101110001110010111000001110100010111011010011001111111101000010000110000100
111010110010011100000000100000011011110010000001001010010100101001010110001001011010111010100100
000011011101000011100100010101101101111110001000100111001000101101111001011001110110010000101110
101011000100111100000000111100101111010111111011011010111011001101101000101101010010100000000111
111100011110110100100101111010011011000100011110111010100110111111101100011110110010100111000111
111001001101101010001111110110111101110000101110101100110101110100011011110010111110111100101000
010010100000011110010111010110100101101010011100100000001001011111111110010010000101101001000101
011011100000110010000000101111101111110101010110010000100001001000110101001111111110011111000110
110000111001111111100001010001011111111011111001011001010011100100100101011100101100100010111110
000000010111001100010100100011011100000010000000000110111110010111010100001001100000000001101011
101011010111100000110000101000000001110110101001000110110101000010101110001011100010111111001101
101011001001001110101001100111001001100101000110111111011001100011010010000011011000000110100101
010011101011011000011010000111111101101100100101111100001101010101100001110100101011011110100001
010111010110111010001101000110001100010100101001010010000100011011010100011001000000111010000110
111111101100111100111111101110001011101101011100011000111011010101000010111011110001011001000110
010010110010000011110010011111101101011101101110101001001011001111001010100000100100011101001100
001100011011001110000100100101010101101101111011011100011110101001110001101111010010110100101101
010011010100111111111110100011100010010000011111110110111111010110111111101010011100101000110011
110101010111011010011001001100101011001011100111101000000001000000000111001011010011001000101110
011101100001111111011101110010001000001000101111111110001011001000010011100001110100000001011010
111110100000111100110000000101100010101000010011011011000011101111011110001110011011111010011010
101101011101110000001011001110001110110111110011110110110011001010010110101101101110000001111110
001101000110001000110110101111000011100011111000111110010101111001111101101010000111011111011110
100011110001110100100111111101000011101011000111101011111000110101100000100100001000000000101111
010101000010010100100011110110100000000111010110010110001111111010100101001011001011000100100110
101111110000100101001101111011111011010000110011110100110110001101100011011101001100011011100001
001101000010010001011000010000110001001100011010110101000100110000111100001111000011101101111111
011000001110000000101111100111100011000101010010011101111001000000001001000001000100100000110000
001001001100010010011111001110000000110110100110001100101110100111000011101101111101011111011010
001011100011110000100110001010100011101110001000000111011011100011110011110000111001110111110000
001111010111001000111001100010111110111110110100100000101100001111110001111100001011100110110001
100010101011101000100110010000100101111011011010110110101100000010011001100000100110010101100010
001110110010001011101001110100000101010000000110110110010000110111110111110101110000110100101101
101001111100100100011110000010110000001100010010000000100011001011010000111110101101111001101110
001010100101000100001000110010010001111101100001101110100101001110101101000101111111010011000111
110111100000001111010111100000010011110000100010011011010010000011111010011100001001010101110111
011111101010100000010100010000001100100010101100101011101010110000111111101101101000000110000101
111010001001110111000111000111100100100010011000100101101010001000010001110011000010110001011111
001011000010101010011000101000011001111101000011110101110100001100111001000001111011111010100011
000111010110010101110110100101001100000111010110101111111001111101011101010101101000111001101000
010010101001100100000110101010111010110110101010110111110101110010000101001100001011011011010110
001011111010011010110101011100111011110111000011011100100110110000100001111111101000000001101000
000010011001010000111110010111010111010001110110001110111010111100100101000001100001001001001100
001011011000011001010001001101111010000110010001000000000101010101111000101000101101110011010100
001111000101110111000110101001100101001001010001110011111111000101101011110011101010100010001100
111101001000110011111111101110111010111010101111111111110101110100100001000011011110111100110111
110010011100101011110110010111011000001101100010101001000000101000011111000111001111001010110110
001100010010100110001110001101010001101000111100011110101100100010101011010011101111110011000001
100001010101001011011001110110010000111000010011010011000010001111011010000111000011010000101001
110010010110011011110000100000000011100111010100100010010111111010101010011100111110101111001000
000001001001010001011011000110101110000010111100110001111011101101001011100110000010000011101100
111000011010111011101111101000101100001001101010000011010000010110110110111010000111100111100001
001010111000000110000111001000111110011011001111110010010010000101000000011111011001111101101111
001000111000101110110011010001010100111000100100000101111101111011011010111110001000101011000111
011111011101010010010110101001010010111110001110011111000001011010111110001101101000011000101011
110011001111010100110010111101100110010101100001000000001101011010110111001101110001100111101100
011101001001100011101111100100010010010101011110100001110101011000010000001110100010101110000001
010111111001011000110111011001100100100110111110010010110001101001101100111010001101010010111110
010101011000000101110110010101001001001110110001000001001110011001000001000010000011000010101101
100100011011010010111011001110011001111111110101001111101001001100011100011111110101000011010000
010111100100110101011111111100001000101001010100111111000000101100010100011110000100000000111110
001011010010000110001110011001101100011101111101100100101001011101101001010010001001110100101101
101101011010010001011001001010100111111101100110010110110010001111010001001111001111001101010011
100001101110001010001100111001100011100000101100101010000110100000001000011110101111011010110000
101111101110011101011011010000111010010010001110111101000010100010011110110101011011000010011111
011110111010001111100001110111000011111110111011100010110010000111110000101110000010111101001011
100110011100011111000100010000110001001111000000001011100000010011000100010100101111011010000001
010001000111011110110001010010001100110111001001111011001001001010111110101101000000111001010111
100011011111000010011111011010100001000000111111100101010001110110011010111100101110000101100110
010111000110111001111101010110000000000101100101111001100101000100000000001111110001010100010100
010001010111011100110101010100100011101000101010001010010010001011101000101100110110101010100000
010001101101110100101111111110100111111110100010001100010011100010110010000010111110110010010000
010101001011101111001111110110100001011011001000010101101000010011000101010000100111101011001100
001001100001001111010001111101011101100011010111001111110100111101001001010001111011001101011110
100100000110110000110101100001010001001111101101110111000011101110011010000010001011011011001111
110010001100101000101101000101000001001110110101110001011101110000100010101111100001001000100111
001000101001110110011111111011111111011100011010010100011111000001101110111101100110111100001101
110000000000101011010010000010010111110100101100000000110001000111100101111100000101011100001011
001010001000111010011000010001101011100100100000100111011110011000110111001110001010111100011011
001000001011100111010001100111000100101011001110001111001101110110001000010011011100101100000001
110110010101110101001000001000000010101101010111011100101011100110001011001110010100000011011010
100100101100011110101001001010000100011000111100011011000011100101111100010000110011111100101111
100011111001010011000000101101011101110101111101101010101101001000001000000001010011010010101100
010000101000001101001010111000101011111101001110010100011101011111010100000011011010000100000110
111110000110111111000111110010011000000010011101100100100100000110100111010000100000001011110100
000011001011101100101110001101100101001001101111000000000011010001100001100011101100001000010011
000010010010010010001000001111011001011010010111001111110110100000100001110010010000011110111100
110000001101000100110010011010001111101010101000010010010001001001110010011101001000101110000100
100100100011101010000100011100101110001111010111000100011001111010011100110000010000010110110010
000101010011000110100101101101000100010001101110110110100010110111100101000111100011100101011111
101111000011100000110010110001000011101000100100010110100011000110110100011011111001101010000101
001101111001110101001110101101110000001000110100100000010100011000100111111110000100011101000000
110111001110001010100110000110000011110001000011000000111100000101110011111001011110100110011011
100111100110010111111110110111000001010010000001100101110110101110100000100001101001010100011001
100010000000110100001011000010001110111000100110011001100010111001010010110111000101101111011101
100010011100010000000101010110100001111010000011011110111101100011001101111100110011001101100101
101011010010110101111111100101100100101000101011000111010010001111110010001111100101011011011011
100001001011111111101011110011101101100110000010000111001001101100001000101010001011001010011001
001101001010011100100001000111101101100011110001101111010000100101011001000100111001101010101010
100010101100011110011011101100011000010000111010100101001111010111010011010011010101000101001001
100101001011001111000101000011010000010111010000101101001111110111001000110111001101001010011101
110000110100101000110000100110001011000001100011010100111110001001100110011100011011100111010001
111010110110001011111100101000011010001101101111111010011010111010010101110110001110001001001010
001101101100100110100101101011001110100000101100001011111100110001110110111010011101101000100100
000110100011001111000000000001111111110100001010110101000010011111010000011010000100001101100101
000000001011110101011000111001011011101111010101011000010111001011110000100001100100110001110001
111011100111101010110100110001110000101011111110100101010001010000110010110010101100101111011011
010011001000100001100011111100001001110110001101110011000011010011011101111100100101011111001000
000101110011100110101101110010100111111101110001100111000110001110100101000110011011110010110111
100101111000010110111110011111011001000010100001110001011010010100101000011000011111001111101100
011010100000011101011100000011000011010000010110010000001111101000001100011101111111010100010010
010110010010001000000100000010000010111101011111110110011101000001110101011111011111100111101000
111101001101001100110110001111011100000001010010110110001110000110111001100001110000111111010010
101010010011101000001000111000101100110010000110000110101001110101000001111011101000000111000110
010101100001011100010010111110101110001001110010011000000100111000000101111001000000011101100100
010011100111001100001001110101101100110100101000000011101101110000011111011100001000110111011110
001000000110011010100100011011011010111100110100111011001110101001111001111111010000010110001011
011001100100110110010000111101100100110010101011100100010000111011110101110111011000110111101101
100001001111110110001100101001100100000110100001110111010010111001110110101010100110000100101110
101010010001000011011111010100001101011000000101010010011000100101111101001011011011001001000101
101110101100011001110110101001110100011011100111010010000110010011011111000011110011111010111000
110011111101111010000101000110100001001001011000010101110110100001010111101000011011011010110110
001111111010010111101101001011011101000010010111100010111010001110110111000111010100010101000000
010111001100110010011000110110001111100100100011110010111110111100110001101111110010101111100110
110100000001110111111100111001010111101110001110011111101000010001111110000111111100011111111101
100110111001100100011011100000100100001010001100010111111100100001000100111110111110100001101101
101011001111100100111011011011011100001010101101101010110011110010000000111101010000000000001000
010100010001110010101000011100111100110011101001000111000010100011001110010111000010111000011110
001001110110111101001100010011111001101000101001000101000100011011100101000001010111001100101001
000001011111001101000110110011111100111100001100000010011100100011100010100111011111001011010000
011101111110010100000010000111001110010111111101111011000011110001011000101101000101000111110110
010010000110000011011100001010010110010000101000010110101011011111100011000000001001010101100101
001101101101110000000111101101101111110110000111000101100011110100111010010001110100001001100100
110111101000110011001001111111111100010010101100100101000110001010111111001110111111010101111001
000101101110011110101101100101100011011111111010011111011011110100100100110111011110000010100111
100000100111111001000000101000101011101110110010101110111111011111010101110111000001000101111000
000110101111010110011010011011010100101110101101110011001011010001011000101101001110100001001000
011010101110101101010111110101010111100010000101001001110011001001111111100110011010110011011001
001011101101101100000101110010101011110100001100110110100101010111100100000001111000001001001111
101001001010111011111100100011010001001001001000100110010101100110001110101110010001100010000100
001101101111010100110111100111010110000010001110011111111100101000001001011100100010011110010011
100010101101001000001110110100110111001011010001010001011001011010000001011011011000001101101111
111111010000010110100011111100010111011001110101000000001000010111000100010110001100000101011001
110000110110100100011000000110010111010000010101111101111000011010111110110000111000100010111000
111011000100010111000100001100000001010101100101100110100010100101000100001011111110110001111111
011111111101000000110111101000011100010111100010111000110011111000101101001000001100011110100001
000010100011110100100001000010001100001011101110100111001011111001010000100111101110111000111010
101001101101111001101100101111100100100000010000100010110001111101100100101111100011011111101001
101111110100111001110000111101011010011001111000000001100001111001101100100001111100110100000001
100001110001001011010101110010100010010111111000111010100111110011101000001010000100011100101000
010110110001010111101111010000100101111111000010110101100011101000001100010101010111000111000001
110111100101011000100101100000101000111011011110000101111100101011001011100110010001011101010100
100110010000101101001000100011010010100010011110101010111001111001101000101111100000000101010100
011101001100000010110100010100100111111100010101011000000000110110111010001011000000011101000011
010000101001110101100011010101100010101101111110111101100101010011110000100000111101011111001001
000010011110110010100111000000010000101101001011001101101000100010000100101011111011010110011001
100010100111010011010100110010110111001101110100110101101011000111011101110111001101111010010101
111111011000011011011100110100111101011010011100010111001010111001110101010101111100101110011110
101011100100100011001111100100110100100100010101000101101001100010110110010111101100110100100111
000001110100100101101100000010011010000111101100000110111001101110111011111101110110001100100111
100111000011100110110011101001111100100011101110000110011100101011000110110110110000000000000011
110011111111011010010110011000011001001101010111110101000000011010100010101111000011111001010011
001010110000000110001100111011100001111011001110001001001000011101001111011100111110000100110111
010011000000000111111011111000001000100100110100101000110110110010001111111101000010001010010111
100000010101001101011110101101000101010011011101011110100010100000000111000010001000101101010001
111010111100100101100101001111000111001100111001110111010101010101011110111011010101111100001011
011010010100010111101101110010111000001100001000100001100110000101001100000101000101111111100000
111110101011110011100010101000011111000000011010111111111011010000000010001101100011000011001110
011101110001001000100100011000100101110110111100000111111110101000100111001011111111101100001110
110100111101000100001100101111101000001110110001010100111001000101010010101111100101110000100110
110001100010000010001100100111001010100100111000010101111001011010010100010100101100010000110111
101101101011010001010010000110000000111001101011011000100011011001001001010010000010111011001110
011111110001000000011111101111000001011011111000100100110011101110010011110000110111011111100101
111100001010000011110100100101010110001000110101001000101000011010101011111011111000001011111011
011111011111010001001101101000001000001111000110101001110101110000011101001101101000110010101001
110000101001000101000100001001011010101110001010101011010111110100001010010111001000111011011000
011100111010010011011100001101000101010011110010110000100100010000010111101000011011111000101001
111000100010110101100110110101000110101111100110100011010010000001010101100001100000000000100101
111000110100011001110010010101010101001000011101100001110111100110000000001101110001111100100000
111101011010010011110001000010111010010101111000010101010010011111010101110001001000100111100011
110111111010011100100001010000101110101110000011111011110001001010011001100100011110001110000110
000010010110100000101100001110000101101011011110100111111010111101001100001100001101100010111001
001010001110111010110010100100000010000111111110011111111010101110000011100000110001110111000110
011111111110011101101111101100110110011011101010011011100010100000011100111010110100010000110010
000101010111111010001101110000111111010011011100110100101011010101110110111100010000010101111111
000110010111111010011111010110000010101111010001101111001000111111101000100010110111111101100100
000000100010110101000100001111000100001011001111100111011010110011100010110011010011000100101111
100011001011111110010011101110100001111101101010110001011101011001111011100100100010011101001111
101111000111011011100111100110011010100010101101001100011001101110001110010111011100010101001000
110011100011000110100011110011100111000101100000101101100010100111100000110100001000111001010011
010010001001101101010100110000111001010000111111011011111001010010001111100110110011110110010111
010011000010011001011001000110000001111100001011010100011111101110100010001001110010010010101001
100000010010000011100110110010111110100011101000111101101100000111011111101000000001111010110010
011110000110010011011111111001110001010001100010100011011010011110111011000111001100110101000111
001100101100100100010010111001010110011011000101000101010101111011111010111011000110001111010111
010011010100100101100001000000000111000000001111010011110011111000010101100111110100101011011011
000000110000100110011001001010000110001111110111011011000100100110110110011100011011110000110001
010101001110000110110110110011000111001000110110001101001011100010111011110110111010101110001101
001110101111010010101000101010101010101101010101011000011010001001110111010011001000011100101001
101111010001110000000110110101110010010111010010011010001111011110000001101100110101110010110000
101011001011010110000110010111010111101001000001101000011101001100110000100110100011011011010100
110010110011011100110100000001100100110101111011100001010001101001001010001101101010110010011011
000001100101101011100100011111110101010101101010110111100110000110100100110111011011100110111000
000001001000100000100011010101001001110011001001111110111000100111110010000001001010010101101111
110001001001111000100001111100101010011110001001100001111001000111001001010001111100000100010010
110100101100110011010001101000100001111100110111100011000110100101110010100111011001011110101111
011110011110001110100100010011010101011001111101011111000011110101001110110010100100001010000010
110101010100001001110010000000101111000101010101000101110000111110110010011000110101011011100010
101011110100100000011000110010101100101101000100110011111111001101110010101110010110100010111001
111001011000100010100110001111100010001001101101110110011010100100000011010101110111101010000101
010101110011100001100001111110100111001011010000110101000110110111010101000000110010110001101011
010001000100000010010110101011000011010001011100010110000001101011111100111001010000010001101101
111010011100001001110101101011100100011101001111100111010100101011001001011110100100101101000110
011001011111010110011011000010000000010011000011001010010101001101010100000010011010001001011011
001011101001010011000101000111010101110111110010001100110110101100011000000101110000110111010010
001000111001000001001110110101010111000001110110110101000010000011000000111000010000110011000010
001001000011000110101100011100110011010100010100001101001100111100100001100011001100011011001010
101001101000100001101010100000000001100110101011111110010111101011101011110010111110110101100110
010001011100110111000000001011111010111011001010101111111011110110011011110111001101101000011110
001000110001000110100001100000011010101100010111111111011111100101011110111100000110111110111010
101011101010101000000111011001101001011101110011111010101010100001010000010101000011000110111010
000010001110011101001011101000001100110110010100000101101101110111111111111110011101011100110001
111000010011100011010010000101001011011011000011111001110011100111101110111011100111000000101100
111001110011101111101100011010011000110100110110101010011110100110011100100110111001101110111110
000100011101010101111011000001000111101011000010010011101101000110000110011000111100010000011011
011100110001100010100101101011110110001111010011011011110100100000110101111001111001000111000001
101111110010100000010100100001101001000111000001011101100101011010101101011000111110100111001011
111110011000100111111011111110101010011100001100011110101110110110110010010111000000110000110010
011110110011110010111001011000100111001001110001011011100101111001101110111100101001100101110001
110100001011100010101001000000001001000010111011001100101101010101011010000000100101001101101100
000001000000111000100100111000101110111111000111100000111010011001100101011101011110110011101110
110110001010101000001111111000001111001110100000010100110110110100001111000110100110111111010000
110111000011111111001010000001010100000000011001011011111101001010101000110100111000000001100100
011010011000101100111000011111011000111010100100001001101001100101010010001101010011001110000011
111011011101001111010010001001011000101010111000010100001111001110111011101011100010100000100010
111100100010101110011001100100011011101011000000011110100101110100011110001111001100100100111000
100111100010110001010010011000010110111110000010111010010111111100011111001011111010010011111111
010111100000100011110111101001001101010001000111001100010010001110101000001010011100001011011010
101100011001101100111001010111110010010110100101101011101011000011101111011100110000000000010100
101000000011110010000110100111010110111111110000100001001111100101011101111000011010011100001001
111101001011111000011010110011110000010100111001000111100111010100100000100010101110011100110110
101010010110101000010011010101001100111101111100010001110110101110000001000010101110110011001011
100010000001100110101011101111110010000011000000010010011111011101001110000000110000010010010010
101001001010010001010010000011000001000101011001010110101101010001100111100110100101000001001000
001111001010011010011111111100110000010000010011111001100111001011100111010110011111011001100110
110000011010000011110010010000000000001111011001001011111011011100001101010010101101010011001100
000111110110101011010100110111000101101000110010010110101111100000010011010010111000000111101101
111100001110110011100110100011110100001110010111100100110110101110011111000110101100000100010011
011111110111100110110100001101111010110101110111011100011101111001111001010100001110001100011000
011111000000110001001111111110011111110011000010100001000000111010011111001011010001101101001110
101111110011111000011100001110011100010111001110100100000000101000011001001011100010000101001101
101100001110101001011001111110000100100101110010110111001101011000111101000011100110110000110111
111101101011000111011000010001010000001001011010110010001110100111000000110001101111011101100000
110110100011110111011011111000010000001110011101011010111100111111011100100001001101010111111000
101101101110110001100110010101011010110011011011100100010011001100111010110111000001001011011110
110001011000000010010011100010101100101101111000111101101000101001011110001000100100100011011110
000100111001001111000001110111100001110101001011111111010010000100001010100110011110000010111100
010011000010101001101001010110011110110010111010110010100010000000001010110011000101011001110011
010010011110110100100001010000100011101011110001000011010000100111001010000101001100000001110111
001100001010001010001101010000111011111110011000100101000000110011100100010011100100110000011100
010001011100010111111000100110110100101001000010101100111110101111011010110111010010110110000110
001001011001001000111110001100111010000101111110001000110011010010111001010011000111011101010011
100010001111001110001011100011001010111110111110101011010011010000100001001001101001010010011110
000101011111001001111111100000011010011011000100111000001101100011011010011101100010011010101101
110101111111001011101010101100010000000111000110000011110101111010100001010100100011110101110100
111100011111100010101100000000100100100100000010000010001111010101000101011010000011110011110010
110010001011100010011000010100100111101010101010011011110001110110101111100010111001100110000100
011000011011010100111010101111011000100010011110111010000110110101011010011111010011100111101010
100011011100001110100000001101000100110010101001010000100010111111000000000101011000010110101111
010001001010110011010000111100010001101011011011110100000111100101110101100011111111000111110000
010010001111001011010110001000001011100111000000000011111011111101001010111010000011001111101011
110000110000110110001001001100011100011110011100100001110000110011000010100010100111101010010110
010110111011000001101001000111011110110110000011100110101011011001011100011000011101110100110010
000111100111010001011111001010001000011000101101110001110100101001111001100111000000101101000001
111000010011000110010000101001101011000111001010011110100000011010010000001101100101011110001111
110110000100111100101000100010011001001001101001000100111001011100111000101110100101000000000000
000000100000110111010101000100000001100101111100000100011101100001100100000101100110011010100101
000001010100110101000010110001010111001011000111111001110000010011110100100011011010101110010100
011111000010010101011011101110110010010001101110010000000100011000001011010110100100011110111000
011101111000011000100001010010101001000111001000101110111000010100100001110101011011101000110100
011100100111111111111010010001111110001100111111100101101111000111010111001100011110011100111011
101000110110000110010010001010011101101010111110111111000010101100001100001011100010101011101111
000100111111101000110101001011001011001100010010001101001001011010001001110011100101110111111011
000011100010000111101010010101100000101010011011001011010111000000000011101001111011100101100100
110001100100111011100010000010101111101001111010000101000001000110000100101010001010110100010011
110100110101001001100100001110000010110110101010111110011011110100110110010010111100101011001111
111010110001110011111111111011000110101010111000011001010110010100011010111100001001010100110110
001001011011100001011011100100101011000001111000000111010110101101001011000001001111101101011101
101011100011101101001000011011111000101000011110001010110011100100001101010101111110000011001110
111101111010100101110001000001010001100001011111011110010110110100000100111001000001110110000111
110000111011010100110111110100001100101110000100011010101101010010010011110000011100000011001110
010100111101000111111111100110100110001000101010111101100010001110110110101011010100110101010001
001010010100111000100001110111101101101101110111100000001000100110110001111000011010001011000001
000101110101110101100101110100110110101101000110010100100001001001010111100000101000011010011000
000001000000001011111101011101110010111111001011000010010010011001010101010111001100111110000001
011110011010010100100111011011001111010110110101000001100000000101010011000100101010110111011111
010111101011110111011000100000001001000111111001110011011011110100100001001100100011110101111111
001010010001010000110101100101010111000111010111101001001010001111111100101100101110100100010000
101000100101011011100110100010100000101101100011100000101000110101111010000011100111010000010010
000000010111011100000011100110100110110000011110000001010001111110001010000100100001101011010100
101010111100000100100011111111101100111101011010000100010000101000111001110101010010001010101010
000110011001010011010111110100001101100111010101011010100111011010011101110011010011011001101111
000110111100111111110110101001011010000001000111101011110000000010011010100100111000001010111011
001000111000001010100000011010101110000111101001011001001000110010011001011110101010001100000100
000011101000111101001100011000011110110100011101011011100010110001000000000111011110000000010011
011011111001010001000000111101111010101000000101100010010100100101110000101010000110010101011100
011000110000101010001010010011101010101110110000000110010111110100100000101111110100001100110001
101101100011011111101010100001101100101110011011000100000110011111000001101101000011011101001101
010000101101010100100010111011110011011101011111101100011101111001100001111101000010111000010011
011011100111100011001100110001001101011110100111101000010100111001100000100010001100111001011011
010010010011011010010110100010001001101011000111101010001100000100110101000111101110011101111011
000110001111101011110000011100101001100111011101001101011011000010010110101111101111000011110000
101011110001000000100110010100110010110110000010100001100000101010110110110100110100111111011001
101100011110000101001110000001101110110000000100001010101100110000100000111010100110001011000101
110110100001101101000111101010011111101110101110111101000111100000110010110001011101001111100110
110011100110110011000011101110100000011010101000001110101000101000011100000110110010011011011110
011101101110101010000001100111100001010101101110000000111110001110110010011101010100110100101001
001010010011100000011101011101000101110110000010000110010111111100111111110010010000111011000010
001011100000010101010110111111010110101100001111101100111001111000110110010101110010101100101100
101011000001001011010010001011110111010110101011111010110101110100010010000110000101100001111110
001101011100101011011101111100110000101101110101011101111001000110101111001010101111010111110110
001100101011110011000100001001010000111111011000000100101110010100101001000101110000011110111000
001111111100000100111000000100001100010000011110111101110001011011111001000011010011101001110000
111000001000110101111111111100101000001100011100110100100111010110111010010101010100010011011010
001001001001100101111000111011001011100001111000110010100001001011001011101110110101001100110000
000011100001101010101110110000010011110101011011110011100000011011101101111111110001110011000000
010011001110010101111111111110011111011011100000100101000001100110100110101000010110011111111100
010000010100110011001011100110010110100011011010001010111100000111011011001000111001110110111111
110111000100000101000001010010101011011001101011111111000011011100011011110010110100001100101001
001100100001010001010100110000101100010010001011000011111001000001000011100010010011000101001110
110011010111001100001000001011101000111010011111100001000000000110110011001110010000001101100000
101111110000110100111001111001001011101010010101001000000011010101001100101011110001001111100000
111111101010010001100010000010100100110101111111000000010000111001011001011100110100000101100001
010111110101110011011000001011101110100110000001010001011110000110011111000100011010100011001111
010110111110111101001111110100101001000111110000001111001110100110100000100010101011010111110111
010011101011001101001011001011011111011110010001011011010010000001010011010101001001110101011010
110010010011100000110101100111100010100111011000011101100111101001010101001111111011000010001001
010000110000101000001010000110101110100010100111011100010000000010001110011101011000100000000100
110011010001101011101101001010010110010111110110101110000000000011010111111000100011000001101100
100100001010110001111101100000011000000000011100011101011101010010110000000010011101010010011000
010110001011011100001000000100110101101000101000011110100010000111010000000110100101010000001101
001111010100011011011110110000010010000101101000100100000101001111100110000110000001100110001011
010000011001011100111001011000110100110011111000001101001001111000000010101110001110110000100100
000010101010011111110100101011111111100101010101010101110000010111100010001001000001111001101001
001111100011101010000001001101101111110000010011001010011001011110111110001101011101011001011110
110010110011110010100000000110011011110010011011101001110110100010101110110001110110001100101011
101010111010101101011011110000011000111010001100101101011110101000100100011011110000101101101010
101100101011001100110010110101000001011000110111110010011110000011011010001001111001101010100011
111010010001011101001100000110100101110110000010100000100111100001010100110110011011110111101001
000100000110010001101110101010001000001001000101101011110000001011010111011111101101101011100000
100100100100000110000010000111011010011000110110111110000110100010011001000001001000001001110000
001101101111111010101110110011110001011011110100000001010000101101100011111111111100111111100111
011100101100101110011000101111001101110100001101010100100000101100101110001111000101000110110000
011111011100001001111011111110111100111001100000110100011100000101011010101101111000111010001000
000000010010001011100000101101111100101110010010110001111011000001110111111010000000100111110110
100010001100000001101100100110011101000000100100001100100001100100000000110011011010001001101110
110110011101111100010001100001011000100100101001111000011101110011000101000101000101100101001001
011110101010110000011011100000110110101111100000001011011101000101100110011001010111010000110001
111011001000010010001111001110000110111101100111001000100101001110010000010101011111000011000110
001110110100001101110000011111001001010010100101100110101110100100001100101011101100100011000000
111001100101101000000100101110100110011010110110100000010110101010100101110001101101001001101001
111100001100111011101000001111010101010001100001110101110101001100111000101000000011011111011001
001100101110010001010101010110100101111000101110100001011100101011111110100101011011110000011011
010100010010011001001011110111110111001111000001000101101110101111011110000100111011010111111100
100101111010110110110100101101100101001110111110011001101010010001011001101100010101010011011111
011001110100000111100010100110110000011110011010110100111111101110111000000110101010001001011010
111011100011101100000110000001110001011001101001011000110101111001011001101010110010100000111011
100010010000101100000010101000011111011101011010100100011010111101001101101101001011010010110001
011110110001010100111011001001000010010101101111111001100001011010101100000100111101001001000101
110001010110100001100111011110101001111011111111000011100001010110001011101110111111001000010100
010110000001111000100000011001001100111100110101111100001011010111111001000101010010110011101110
101111110000001111001100010100000011001010000001101000001000111000100111111011010000110000011001
010010110110011000001101110001001110111001100001111101101010001110000010100110011100100111101111
110010100001100001001000100111001010000011101111001111111010000011011100011000011101101111010101
101111001111011010110010111101010011010010001101001101011100110100100110000111110100000111011000
110010100110001110100001100010000111101110011011110001111011010011111000011111000000110001000000
101100111110000011001000100111000010101111100000101100110010011111100011011111010101110100001001
111000100010010110011001010110111000101101111010011110100101100100111001001000110000101000101001
101110011101011101101111100001011001000010110101011111100010110101011111000000100000110001100010
001101111001001110000111010001100000111100000111011001001100000111010000101110101100100011100111
110011000011110001001101000110011011001011000111011111111011010111010011011000001011010111001000
000001111110000100100100011101010101000001101101011100011000000100000010011101011011010000010101
001000011100010011110101001100010000111000001011101010110000101110010110011001001111110111010000
010001000100000110000101110000101000001010110111110110010011000111101011101100010000000100000001
100011000011011100001010000100000101110101010111011101010110101011101100001110000010101011000011
