000011101010010110000000100101111101000111000111011011001001101010000001001010111000110100010111
110001100101100011101010111001000011110100010110101101101110001000000110101000100000100100001101
111001001110100011101110010011100000111100100010100001011001110011110101001110011010000100101011
000000101000100011101001110110001011111000010111110001111110001101101010011010111110100000100100
010010001011101001100110010001001010101110101100100111011110101001011010010011110001001011011111
110100110101011110001110111100010101010110100111111000000001000011110010001111101101011001101110
110011000110111110010111111010010011011010001011010110001101101010110000101100010011100100100100
100010111010010001001010100000100111110111000001000110111100110001100111001111000101010110110000
110111110101001010011111100010010111001100111011000000100011110001000101000011111101100001111100
001000000001101111001001100100001100100110010100101110000010010010011110100110011101101001110000
011010100101110111001111111001100100011001110010101100011000000001111001111001001110101011011101
000001011101011101000010110100010000110010101011011111110010001111010010110100101111100000110111
000101101110011101110110100010001000111001111101001100011000101100111011000011011011111011110011
110001000110011110010001100011010100010000001000111000101111001111101011100100011101111100011110
111011101101110101010101100001111010000110001011011000011000110010000110101001101101011001001101
000100100011000110010100010111110000101011001001001111010000001100101000001111100100000001010111
001011100110010110000001111110001111101001101101010010011110000010101001100101001001101110011101
011101100010011100111111110000101110011010010001101011110011000000110010000000001100001100011011
111101110101100101111101010111111100101010010010011111111000000010111010111110010110111111011010
101000100010010011110010100110111101110111110100101001101101011100011100000001100101101010001001
000110001101101000001101101000010100101000001010001001110101010011110001001011001110010111001010
101111110010001011011101100010111011100100000110011011111011111011110101101001101110101101110001
011001011101111010110101001010011111000011110100000101111000100100001101111100011111010010001010
000010011000101000011111010100000101001001111111011010000011111011100100011011010100010001100101
111000111001011000001110001111110011010010101011100111010111000100011011110110101010010100111010
100100001111010011101000010001110101101111000001001010100111111101011110111001000011111101001011
011011001000011001001001011101110101010011110001001101110111100100100000110010101001001001001110
001001110100011101110111011111110110110000011000001001000010101111010111100100101100101011001011
100010011110000100001111111111101111110101011001010010000100001010110001110000000010100101010011
100100110100000000110110011101100011001001011101110100100000110101100100010010001001000000000100
101000001111110111011111101011100011010000010010101110010011010100011001111011000011010010011000
111111110011000100001000000011011111110100010011010000011110100011010101110001101101011010001000
000111000101000000111010110101100000010101001001001110110001110000101010111001111000010000011010
010101010100001101001110001001001000000101111110110111100110111101010101110100111010000110001110
111111110100001111110011101101101000111010111001101101000011010011010101110001101010010101100110
001110000100111001110011110001101110010100001000110001010111100001110000001010011011110100001111
010111010000111010011010011100101101110100000101011011000100011000110011111111101000110101000011
111111011001100011000110011001010111010110100001011111100000011011110110110001010111100101001001
111000011111011000000001101000100001111100110000100100111010111011001110010111000010011101000001
011110011001101100010100000110011011111001100101111101001111110010010001110000111111101000110111
000101000011011001100111000111101001001001101011100001100100010010011101010110011010001101001100
110000100101011111111101000011010111000100110101000110010001100001010001100010110101001010001111
001111100010011001101011110101100000001001101101010111111111111111010011001010100010110001011000
111110011101010110001011100010001111001010000010110101111110110110010110111010001110111111001001
101100101001100111110110111111100101111111101100110101110111011010110011100101000101111011011110
011110011000100101101010001111100000101000111100001111010000110110100100000001101001110000011110
011000001010101011000101101101100101100001010100000110000101110010111100101111100110110000101000
011011111001000010000011011011011010000110001010101110100011011111111111011110010100000000010010
000000111111110010010001101101011100110011110100101000110000011111100101110011010111010000011010
000100011100010000100100100100101000000101110011100011001010110100111111100110111010010100101100
010000100001110011000001101011101011100101111000011000011101001010110100001011111111010001101111
000011010101111110101100101000000100010001100011011101011100010111011101001001100100010101011001
111101110110101011101101100101100000100100100101011000000100110011001011010110111100110110110101
001100111011111100010100100111100011100001111111010001110101110100010010111111101101000001100011
100011011101000110011110010100110110100010000011100100000000101101100100101111011110010011001101
011111111010001010101110111100010010100010110100011000100011010100101011010010100011111110010111
111110001000110110000111110100000010010000100110100001011100011110010100100110101000000111100110
110101001100111101111010100000111110110111001011001101011101000101001110110011101111001111011101
101001101001000101000110010111010011111000011111101111011110001000110001111111101111001010101111
110000101011010110001001011011110111101011101010010101101100110111010101110010001110011101011010
110110101101101010100111011001001111101110010101110111110100010101001101000000001011001111111101
000001111111001100111001111101110110100101000111100111100110111010011100111011111100001000101101
001001101000100010101110011101001111010010001100100001100101010000110010100001101101110111001011
000101100110011111011001010101010100001110101011010110001101010011110010111010000011000111110111
011000011111111000100001111011100100100101000011111111011011110001100111101110101111010101010011
010111100101111100001100010010110111011111110000011111111010110001100011010101100001100010010000
000101001100100110110001100010011001100111010000010101011000101111011011100111000000010011001111
100010100100000010101110101000100101010101010101001000110000000101100001001111111000010011010110
010001111110110010000101001010101010000101100110101111100111000011110001100110100110110111100101
110001110101010110010100011111101000110100010001100100101001000010010011000011011001011110110101
010011011001110101011111011001010100001010110110111110010001011110001001111011010011011100100011
100001011111011111111011001111010000001001101011101110110000000010111111110110001100010110101100
011101001111110100101000000010100100001001111010111011111111010000010000111111001101110100111010
101000010100100111010100101011100100000001111011101001000101000101100001010011011000101110101110
010110001100101001010001011011000100011000000100110101110001111111110010010111110010001111011100
100010111101001011101000110101010110101101110010100011111110000111001100100111101110001101011110
111111100000111110101010000000111111011000011101001001111111000010000110010010101001011000001110
100111000111001100011110110101111101101000000110111110001101001101100001100010000001001010101111
101001000101011011101101001001011000001110101001010001000010001010010100101010011111001100101110
111101001110100001111001100110101101110111011110001100010111011000101010011011100010111100000110
101010110110101101010110001010011110101010101010100111101110001011110101000101101111001110101011
011001001000011000010110011011001000001101110011010001110011001001001100110010100111001100001000
011111011110011001110000100000001001010011101010011101000000000001001111110010101110001101101110
001001110000100011101011000000011101110000100001010101000010010000111001100101011111010001110000
000110110001110101000101111001100010011010010110010010000111010001010001001010011100010110110000
110010110111001001100001001010010111011010111010001011001010000010101000100011010000011001000101
010110101000000001011110101100001011001000111001100100001000001110010001011101100010010001011010
111010000110110100011100001000101000100010011010000011011001110101101001110001001011000001101010
000110000001100011000100011111101100001001000101001000000001001111001100100101000101111100001101
100010110000110011110010000111000101011110110001011001000111111011001011110000110000001010011110
100001001010001001000100110011001111110010110111111001110011010100111011111010001001100001011001
110111100000110111100011111001010011011101101011011101010111100011001110101010001110101100011101
111100101001010100111111010000101011001110110000110011010101011101110000011110001110010011111110
010000001001000110110100110011101011101111100111111011110011100111101111000100011000000111110011
101111100011011111010001011100110101100101011000100010010000010101100101101100000010001011011101
011111110100001011100000100000010001000101100100101010011010101101000100010100001100010010101001
010001001010000101111111000000010110000000101111001111010011101101010100001001011100000010100110
110110110101111111000011010010010111001011110001001110000000100101110011111000000101000101100110
101011001010010111000101101001000101011101111101110110111011000001100011011011110100100000011000
110111010100000100101111111100001001011111011000111010010100001000100101111000100110101100101111
101111100111011000110000011001010000010110011110111000110111001100101001010101110100100110010010
101010110111000001010100100001011101001011001011100111101001110101111010011100110100100101010011
110011011010011001101111010010100000011100111101101001110000101010110001000111010000010100011111
111110100101110100101011100000111100111111011000100111110111010010111010111100101000100110110000
101110110000111110101101110100001100100110010111000010010000110010011000001101000101011100011101
000111101010011001110010000110000001111011011010101111111000011100100001111110010111001101111010
101011010111011111101100110110110011100001100001111111111111010110011001110000000010000111101100
101000100111101110100001101011000111011100011000100110000100011101011110110110010001011110001110
010100101101011001111010010111110000001111000000101111010010011111000101101011011011101010100100
100111011100101101111101101011110100010001000001100100100001101110111111101011110011111001111101
110001001011000000000001101010010111111000100011101101101000111001001101110101100011000101111011
101011101100100101101100101111111100011110011110010101010000001111001100001000111100000111010000
010110101011000100111100001111001000000101101010001001000101001010001001101010001011111110111101
110011000101010111101001111111000000000000110101110010100101111100111011111100001100100100000110
010010101110010011100100100010111110101100111011100110100100010100110101001100000111001100111101
010001110101000101001111110011100001010011100110001001101111000010101110011111010110001101100111
000110100001010110010000011100101011001111010101000000010001010001010110010101100010111011101000
110001100101101111001011110100110010010100111010010000001001010101101100001000110011010111100000
010101011010010101111101110000001101011010001101010011101000100101000001100100010000010011001000
000000000101111000000111111000001000111001000110001010011111111010111101101101010001100101101000
111001111111010110101100111110111101010100001000101010100111010101100111100111110101011101000100
110010000000101000110001010011100010100000010101101011111010111011011000000101111001100011001110
111010010100001001111101111101110001000001111000100101101111110000100001010011111000100110001001
111110101100001000010001010000100001001000101011010110010001100011110010101011101110100101000010
110100001010010001111001111111010100101000101011010001101010101011010101111010010101110111010000
011110001110100110100110001100010100000000010000010111001011100111111100110000010010001100110010
110001100010110110010110010111101111111010101100100011101101010000110110000001101100110000101001
111110110001100110111011100000001011000111101100110000011010010100010100110011011101111000010100
001101010111111001001011101111100110000100011011000100100011000100001010001101000111001010101000
000001111101111001010110001110100111110101111001011011001011000000011011011010100010011100010100
111110111100110011000000001000111000100000010001011001101010011000011100001101111111110100011100
110000101010110000110001001100111100001000000000101010110101001001001010001110001110110101111010
010000111110110010001101111111111000100000001111101100110001001100110000010101011010101100001000
111110101011111100001111000101000100110000100001110010100011011111110010000111101110000010101100
001000111011011101111101110100111101110110010011111010101011010001101110000001110110110101101001
000100111110111111110111000010010000001011110010000010010101100110110000110111001101011011010000
010100111011111101110011101100001000001101100001101011010111111011011100000000001101101101011111
100001010100101101001011001100101101100010111101101101010001101001001010110001010101001011011001
001000100111000010000010000001000001111000101011101000100011010101010000111100010011001101001010
101101011101011111100010110101011100001011100100000111110100000111101011010110110000110100111001
111011011010111010100101000101110010000001100000000011111010001001000011100001011001010101011000
001000100000101111100110010010101011001101100001110100100011110110011111001000100110100101110111
101010101110000000110110011101000110110001110001101000111011101010001100111101110001100110101111
111010100110001001110011001101000011001011010110001000001001000101111010101101001001110100011100
001100110000001101110010110000100010110110100011100100010011011100010110101110001101111101110110
010000011000110001110101011111101011010001001011000100110100111100001010011001100011100010001001
110011000011001101111001001100000110010110010100011001110110101111001011010001110111100101010000
000101000001001001101111001011110011000010101110110110101011111001101111100101101001001001101000
001011100011001110110101111000100010100001010000111010011111111000101000111001000001110010100111
110000100100010001000100001011101001000110010110100111101101100100100111110111100010111011100010
100011011010010000001010101101100110101100111001010101101011001101000001100100011010101100010001
001110111001101000011100110001111110100001011111110110001110111000111010000011010000001001100000
100011111000000010100011110100010010111101100011100011100101110011101101000010010001011001111011
111101010000101111101001111010100111001101010001011000111100100011000011001010110101111100101111
100101011001000011110000010110111010111010100000100110001011000011100000011111011111001101110011
101000000101010111001101100111010100000001010011101101001100101010010010100101101101110010100011
100001111000001001100100011000010010001101101110110110010101010010001000001000011001001110110110
010001011110101101000001110100110001111000000010000100000101011010010010101111100001100000000000
110111001101011000011011000010011111000011111101111110111100101000101011101100011110001010100100
111011000101001001000000101100110010110011111110110000100110010011011001101111111010011101010010
011111111100010001101110101000000011101100001010100001001001010100011001010001111001110100010011
011000000000111001001011111000100110101111000111001101111110010111010111110100010000100111100110
010110100001011010111000011110010111110000000101010100001110101110110001101110000010010000011010
111111000011010001010011101111111101111001001101000000110111000101101110010010110011110010110101
011110000000111011001001010001010001100111011011001000010110101101111011011111100100000001100011
110010101011111000000001001111111110100100011110001000001100110010111100000111010111110100011001
111000000100110001101010101000000001111011011101101000111100110000101101000001011001010001010001
101100000001100101100110100000111110101111110110101000011011000110111011111101100101111101110010
010010111011100110001011011001001011000000001110111111100100001010011101110100000100011000111100
100001000101000101001111010111001111000011010010001010100010100011100111110011100001000010111110
100001000011100000010110011100000101010001110100100101010010000001110100010111001000001111011111
101100000000001000001101100111110001100011000110000111110010111000100100010000011111110101110000
010011001011100001000101111011101110001000100011101010111000001001000001010001101011110110000011
010101100000011011110011111001110001100100111100001011100010101111100100110101010000111110110011
000101110111100110001100100100001000100111011101111100100010100110101011101100011110000110001111
000000100100011010011100000000001010001101000100010010011101000011011000100110110101110001011101
001101111111110000011100101011110110110010011001100110001011011011100101111111111101110010101010
100110001100111101101000100101111010100100111010011101001000001101001100111101111000000110110101
100000010110111101101010101000101001101111000011110110010001000100100010011100110000001101101000
101100101111000110100000010000001001100010010101110101001110010010101100111111001110000000101111
110110011100011001110010100101110110011111100110011101001101100011100011000111001100111000000111
001011100011000101100011000010001011000011101111111110111111011001100100111010011110001000010011
001100111110110111000011000100110110000110101101111010000111110010010100101100000000110110010001
110110101000011001111100001110111100101010010100011100010001001010111100011011101011111111001001
000001110011010001011001100111101010101011100001111011110000100101011010001110101110110000100100
000000001010101010001111110001001110101010001000001011001111001000111110011010110001111010110000
110001011011100001010000010100000010101000011101000011000100111100101110001101010000101010100001
011110110011000000001101100101000110011101001111011101001010100001001010111100011110101000010100
110110101110011001011110001101110011100001010111111100111110100110010101100100010011011011111011
110100011001110010110101000010000111010010100110101100001011111000100010111100100001111110001011
101110010100110100101010011101101110101010001111110000110010011110010111101001011000111111001111
101111100100001110111000001010001010100000000110110001011010000101000001111011110100100111111011
110011111110110100010100101110011110111001000110101001110100100010100110111111100111100010101000
111101001011011000010000100110111110001000110100111111110001110101111001101111110010101000011111
101101000100111101100010101000111101110000111101011001110100000000000110101010010101110000011110
011100010100111010001011000110001101010110110101000100101010000000001110101101100111101001011011
110001000111101100100111000000111100011001110000101010011011100111111101100011111111100101001001
011110101011110001101100001000001001010010011111111101100101110100111001001000111100011010001110
010011100011110111011110100111110011110100100111111111010111010110001110001001101000001100101111
000010100000000100001011010100001100111101110011111000011101100111110011000110001000000000011111
101111001110111101101011101010001010010010101110000001001010010111011101010001000001111111001111
001000110101101001111111011000101101010010111000000010001111110100111101011111110000110011000111
010111000010011011111000110111000010000001001101100101111101010011110100000101000011110001111001
100001110101101101101011010000101111110001001111111111110010001110111001110000001111011110011101
100010100101100011001011110100010101100111110110110011101011110000001001110110111011111101001101
111001001001110101101111111000010011001010001100000001101101100101011011011011000001000000111010
010100001001001111100110001000011111101101000001011011100000010110101101011000011011110100011001
000011010000011000010000100010010111010110001100010000100101101010101011110000001101010101100100
100001000011111100110000010101101010010001100101111001100001101010100011101100000101000111001011
010101100110100110000010101011110110001011100111110010100000010110110101100001010000111101100001
110100001111100001000011010000111000010000100001011011000100010010110010000101001011111001101001
111100010100110100101110000110101110011111001000111001110111011111110010000011111100011111100001
100111011011100011111001110010000111100110110000111000110000000111101110100101000000000010100101
101011001001001000011000011101101110000010001111011000110101101100101000001001111110010011111101
011000010110000011011010000001001100100011100100110011110010010010101011111000011000110111010001
110011100001111101100010001111011111000011010011000011001001000100010100010110111000110001011100
110010000110011101101111001010001010011011110001011000010001000110100010001110001011001101101111
101000111001001111111110110111111111100001001111110000000111111011110010000000100111111111001010
111001011101110110100100010011010100011000110010101110111000011000101111100000111001100000111101
011100010110110010111100010100010111010010100000101111010110100000001111011001101010011011001001
011001101110111010101111110110100100100001110011010111000000101000011111111000001100111010111111
100011011101110101010010101011000001010111011110100110101101010011111100111111101111010110000001
011111100011011110111011000100010000001000000110111110011111011100010000010110010110001001111110
001100001010001101101000001001011111001011010010100111001011011111000011011110100101100101001111
101010110100100011011100000100001011100110001011000011110000101110001110110000010100100010010110
000100001101011010101101000100011000011000000000011100110001101011000101111101011011100000110000
011011110010110101101111010111100010101000011111101001011100000011000110111011111111010110101011
100110111010101001010011110101000001011101011111011011100101101100011100100111100011101001010000
111111010000011101001000011001100111110111110100011111001000111110010001001000010010100110011010
111110111111101101111110001000110111011111000101101101110110000010011111001110011000110111111001
110111000011101110110001101000100010001110011110011100001110011010010000010101011001110000010010
100100111110000001000101101000111001111110100110011100001110101111000111010100101010000100000111
101000101101100111111111011011101001000110101111010100101000110011010101001000011001101000100010
110000001101001010001100000000111111001111111011100001110011001001001001011111110000010110111001
001011000001011100001000000110001110111101100100001001111101001001001011110100001011110111101111
101001101100110111001011000100100100110001101010100111110010101000011100100001000010100110111110
000000010001101010101010101111011110011001000000001011001100111111111100111010011001111010100100
011110001111110101100001101101000111110111110001100111111100011110001110101101010101111110110001
000110111100010010110111011100100011110101110100010110010011110101010110111111110110111000010011
110001011000001001010100100110000101111110111011011000101111111000101110010011101010001000011011
110000011000000001100001110010101001011111110111110111000100101110100010101111011000100010101101
101110011001101000110111010111100000101111101000101010101011001001011101101111001000111011000010
101101110100011100110110100010100001111011110011011001101000011101110011111011111100100011010101
001010001000000011110011101101110010100011110000010101111111001110010001011001100101000001001001
010111110011011000110101101011101110100000100111101101000101110111011011110110110001111110011101
000101100101011100000010101000011100111011100110010101100001110100010011110111100101100000011011
010001001001111111000110010011011010101111010110111000010111100101000010111001101010110110010101
001111110011001100001011111101100110111010010000100100010000110000100100101110001111001100100110
010000011100000010000010001101110011110100111111011111011010011101101011111001111011100010111110
000010101101110011110111001110001100001001000100011000011001111000010011111110100101000101011110
101011101111100101110110001110001000011010101001000101101010101110001111000000111110010010110011
000100011010110000001110000100110011011111000001110001101101011100001110111100011110110010101111
011100111110010000000111000011010010000101010101110011110010100100000111111101001101100000001101
000010011011110000101000100100111101001001100000000111101011110101100010010001111000001100111110
110010100011111000010001101110110101101011101011011110111010100000011010101000111111011100001110
011000001011000001011000000100001000001010101010100111111001010110010001010111100001011111100010
111000100100101011000111000100011111100101001111000000111111000001010111011110101010011001011001
111111000110111101001000110111000000000111111101100111000011010011100101110010010110010110111101
110010011011110110000001000110010110110101010111001101111001110101001001000010010001101100100111
010000010000111011101101010111100011101100111011001111011010110111110100100110000101111011111110
001010100101011010101010001101110111001101111000110111000000110110000010110110101100010100010100
110001110000001010100111100001111011001110001100001111011110010001110110010100000111001000001011
000110110111101011111100001001000011111010110111010101000111111110011101101000111111111000100011
101111011111000111011000011001001100010010100101100000000001110011101101111010100010101011110100
100111001101101000001100111111101010011110111010001111000110001010000101011011010101100100001101
010101000011011100000110010100001000111011000101000111001110100001111111011001110000000111010000
001100100001010010010110001000101100111100101111000100110000100001101110011000111101000100100111
011101000100101100000110110010010011100100110110100101000000111100100100001110011001011101001101
011011001100000010001001001011111001101111100100111111100001010111100111111010011010101001011001
110000110101010101110011101001101001001101101001100110010110111100000110111001101111000000100010
110011100101001010010101111100111000111001001110110011101000101110011011001101110001111100010111
011110100010011111001110011111110011010100110101100010101110000001110100000111010100101000101010
001110110111111111000011001000101100110110101100000010100011111111010001100000011110000110111100
110111111011110001000100111011001010110001110110011111111010111101001101011011111101100010101000
010101010101100011001110001101010010000011001100010100001001100100101100011010010010001110001111
000110010101011000010110000111000001011100111101000101000010110100001001100110010101101001010001
010110100011010001110011011110010011011011111011010010010111110100100100010110101001101100100110
010000011001110100001001101010011001001110000111101101011010101101111111100010001011011100101101
010000001011010010110100010111000111110001110011100110111011101111010010101000101011111011111001
001010110101010110011110010111100110101000110111000101000111001110100110110000001010001101011001
100110010000010110011100100110101100111000100011010110101101000110111100000111110011010101001110
100000101000110100000010001111010111110111111011011101100001010001100100010111100011010100100100
011000001100110000110101110011111000101011011100001000101100100111010111000000111110010100110011
101000110110101011010110110111110110000111000011101011000100100101101101000101010001111110101110
110111010000111001100110100110010111001111101011000100001100100010000001001000000011011100011110
001101100110011110101010000110111010101111000101110100100111011110101011100011101111101011010110
000111101000111110110000000100110000111111000000110110010101011010001111010000100011110011001101
100010011110100011100100110101001100010101100010101001010001000011101110001000001101010101110011
011001010111010001001110010001110100101011110110111001101110111111100110100111110101101101011100
110110000000101000011011000001101010011111001000100010001001010010000111000100010110110100010001
110100100011100100000101111110000111100010000110010111001110000110111010011010000010011011101001
100111000110001110001111001100010111111001111101010011001001011100100001010101010000001100111000
000010111011001011011000010011110001001111000100011011101000110110001101011000111001111000100001
011000101001011100000110111000010011001111101101000101110110111101011110000010111010100111101000
101101001110111110101110110000000100011101111011111000110110000000010011101001000111010000101101
011000110001001010100000111010110000001101110110011001000111011111001111010101001101101011011100
111101110010001110010100001011011101101101111000010010110000101000011011001101000001001001011111
001010101000010110111010000100010000000011101000111011110001100110010010010010001001101000010011
111111110011001010111101001000000110000001001111010011111011000101010001101100100000011001000011
011110010110111000111000111001011001101011110011110001000110010001010000011110011111111000000101
011100100100101010110101110010010101111110101110011001000101010110111000010000100111110100100110
010001101110001001111010111010001000001010100000111000111100001100000101110100101010110010010010
110000001100011000001111000110110001110111011010110110010111110010000001011001010110101100011010
101011100001111010101100001111111000010111010011110110100010100100001011010111010011001000001111
110010001001110110110100100101100011111010100100010010100100011111000100010101000011100111100100
110101111101110001001011000110011111011100101111001111001110010101001100110100011100110111111001
100110000010101101011100110100101101110111110010010000101100011101110101010010110011110111000100
111111100010111011001011010100010111010101011110011110101110000110011000100100010011011111111010
101010001101110110000000110100001000100111011001010001101001010100100001100101011010100000011110
100000010111000101000000110111111011000001101001110001001001111111001101001100011001111101011111
001010100100110000110001110110111111000110010111111010110110011001011101101011111011001011011000
000100111010000100101100111100101111010011000101010011101001111011101011001111100001100001010010
110001000100001111001001011010011100101000111001110001011100111111000110000110111000001101001010
101010000001001110110101001101001111010101101001101010000101100001101001100100100110110101111001
100100110110001011110001000110010010111110011111010000001100010110011010011000000010101001110011
110010011000011111100000001000001101111111000001001010000111010010010110101100100010000110001001
001100101101001001110101011011000101110011101001000100101010000111000011110100001110010010001111
111010111010110011101100110010111000110011010101101000110101101011101101001010001111001011100011
110000000001000000101011101000101101001100001010100101011110001111001111000100011000111100001100
100100001001110000101001100001100100000100001010101100000010111000001000100001001011111111110111
101110001011011100011000110111010011100010001010010010010010011110011001010110110100001011011101
001111110110100100011101101111011100111110010100100110001001111010100001010111000100001001011110
110000001011010011111010000000001100000111000011001011010101000010010111010010000110101001100010
101001101000010010001111001001010000000001100011111100011111000011111101001111001011010101010011
110110000110101101010110010010110101100001010001000001010000110000011001100111111010100001001110
000110010010110001010101101100010101101011010100010011010100100110010001110000001101110011110011
000101110111001010000101101000100111010000100000010001110110001010001000111101010101110110110110
111001110010000100001001100110111010101010010101100110000101110000010010001101011011010100001111
000000101001010010000001011101010011011111101010100110101101111010000000100101111000100000000110
101011011011011101101001001001101011111110110100010101111011100010010111010010100011000111101000
011101011010110001110011100110011101110010101111010101001101101010101100000111001110101001100110
011110001000010010110111001111011010111111110110001011010000110110101111110000011001101001011100
111100000001100110110100110111100001011100110001110000001001100100001111101001111111010101000101
001111110100011010011111001111011000011100111011001111001100000010101100000001110001100011010001
011101100011011101001010100110011011010111101001110001100010000100111000001101010000100110000011
111111001010110111100011110111111111101110011010010110010110101101001011010110111100011000100110
011100110101110010111000100000000100101111101011111111110101111011111101111000100110111000010001
001101110000000111001100001111000011001000010000100000010100001100011010001100101101001010101100
101110011101000110111101010111011011010111110111001100100000010101010001111000001100100111000000
011101110110111101001111100111100001001110110100101001111010110010101110011110001001011111111001
100010001000101000000011001101110010110001000001111001111110100110101100111110010100111001011101
011101111100011110100111100111001101110001001100001110000010010010100001100011010000011110110100
010011101011100110011111000001000000110101011100011000001100010100001100010001111100001110001110
011101111011011010001101000001100011011100110010010101111111000100001000110001110101101101101010
110010011101100110111011000000000001101001001110111101010111101100001100111001100110010101101110
110001101101110010100010101001101110000100011000010100101101001000010010101100001100011011000000
011111100100011111011010100011101111111110000110001111011011000101110110001010010001010101101001
110100011100101100110110111000100101000100001100100101110011001010101100011100010010010100100010
000100111101110110000111000111101111110111111100011101110100111010110011100101100000101000010110
010110111111110011100111010011100010101101000100010111010000111101010000110000000110001010101111
010000011101010011001001011001110100110010100110000100011001101000011100111001100000001101001110
011001000100010110000000001010010001011100101100011110111101110100001000100011110000110111011011
110011100011101110011100100110010100000010010001000001111001011000101110101100110101000101001100
100001100001111000101001100111001111001011110111011101011011100010110001100110010011101111011011
000000101111110110010111101110110000100010010000001010100000100110111001111001111011001100001100
110101001000010101110111001011110011001000111110011011010100101101010111110100110011011010100111
100010011111010111000100111001100001011100001100000010100101100110011010000011011100111111111100
111110001001101000101100011111110000010110111000100110010001110011111011001111111001111011100111
110001011111011110010111010110110100100010010001010000111001100110001101100001110001000001011011
000001110000101000011011001100110101011010100010010001110001000011100101000101101110010110101100
000001100100000010000100101101001111111100101100000101011111110111100010110001100000110111110100
110001101101010111010110010000001101000110100100110010010010101011101101010001011001010011110100
010111111000001100001110000100010010011111110010000111111111100110000001110010100100111110110100
100111100011011100110010100010000100001001111111100011010100010100100011100110010110111010011001
010110101001001101000011110100111101110101011111101110010111000001110110011110010111000000000001
101000100101011110101110111100110111110110101111000001011000000011111101000100100001110000101001
100101101101101101001110001010000101110001100010110100101101101111010000100100111110011101111010
101111101001000111011010010011010110011100001000110101011110000011010011100001001000000101000001
010010001001001110011111010000100100011110001111000000001001011110011111110110111010001010100001
101111000010000000000010011010001110101110001101111000011111111010110110001010011110110000101110
111110111010000101110111100101100100111111000000001010001101000001110101100111010110100001110100
100001101010001000010111011011010100100011111010111010100011110000110110000100011000111000101011
001000010001101100111101111110000110100101000010010011001110100011001110101000000000100110011100
100000011011110010011100001001000000111110001000001011000100110000010001001110111001111101001011
001111010011001010000100011100000000101010101110001101110010000110101000111001010010100011011101
111001010110010111001101101111001111011100110100011110110110100100100010000101100000111000011101
011000000111111011100100001011101000111110001010111111110111101011111010011110011001010000110100
000100000101001010001000111000110001000111100110111011001100101011001000010000010101101101110110
011011011110111000100101101100111100000000111011000001101100011111100111001011101000110101110001
011010010011110100111011111010010100101111101100100011110010100000110101010100001111010010001001
110100100101101001101010010100101111011100110100000110000110111100111100111000001011011101010100
100111111111011110000001100011100100101000111001100010110110100011010000000101100110001101010100
111110110000010010001001010000010111101100111110010111110011010001001000101100001010000111001000
010111101100101001001100100000010001001110110111101000000101001000010001101111010101110100000111
001001101101000010100001001101000110011010000010001010101011011100000000101110000000010000111101
001111010111110111000110001101110111101111011101010101000101111111101000000011001100000111100000
011100111000000001101011000100110011010011111100011101001100100000011001110000001011001011001111
010000100000111010100000111001101001110101110001011101000101001010101000001010010101000100100000
100011110000111001011110010010010001100011100100110100010010101001010100001010100111010011001111
101100001110001100000110001010010000110110001000011001011100000110100110000010010001111111101011
111101100101100101010110101101101011100100001100001000111000001111010101000101000010000101101010
011010011000111000010111111111001100011011010001001110110100000001001110000000011101100001101101
011010000000100101010011010111010001100110000000101100100001101010001001101010010011100110100100
010011001101001111111100001101000100101111100011100111000010100110101101110000010101001011101110
010111001010101010111001111001110111011111011000010101111100100101000111011010101101110000001100
010100011111010000010001010010000100111001111011000110010100011010000010101001001111011010000011
111101101011000001100100011011101100010001000110111010001111000001111010101100111110111010011000
000111000101011000011001110011111001011110110010000001100110010100101111100100111000000000101010
000100000100001001010011001001100000111100000101101111100001000001010011101101000010001010101001
110110001010111110011111011101101110111011100110001111100101101011001010101010001100000010001111
