100010110101000011001101110101011110110101100010001110111111101100011010111000000111001111100101
101111110011100001110010001011000101001111110000110100101110101000101101010110110111001110001101
011100101100011010100011101001110100101111000110100010111000110110100101110101111101110110000111
101001110010100001100101000111100100101001111010000101010110011010011001110001001000001010010110
110011011100011011110001011110100011001000001010011110110101010110111001011110110111111101010110
011001111100001100000011000000010100110000001110111111101010111001001110011110100111110111111011
001011010111000000011111010110000011000000100100111110100011000100110111110011110100110011101000
101011001100111011011101010001000010000101100110101011010000011010110110111010110000010111111011
100011000001111011110100000010001001000100101101100000101100101001111100111000111000000100100111
101010011111111011111100111001101001111101000000010000010110011101011101110001111001100001000010
111101101001111101000011100101100000000110011101111110101100011011001110101001000100100101111000
010101011000101010000010000011011000101000011110100101101011010111110100000011011011000110101100
100011101101101011111101010010010011001010111010101111100000101101111000011001011101010001100000
110010001101100110010111001011010000101101000011110001100111100101111111100100011110100100000111
100010010001111110011010111010110000011010000100100000101100110000010001011011100100100001111110
010011010111101001010010011010001010000111111110011110010010001000110000010010100000011101100000
001000101110111010101000010100111101010010011111001111011011111110011011111001110011110011000000
010000110111010000101010000101100011101100110001001110110111111101001100111100010001011010010110
011011100001111101001001101001111011100111110011100111000100001010111100100110100111100111011010
010111100100111011110100111010010101111010000110100110111110111111000110010110000100001111111000
000011101101110111100110101001001100111001110101000010101110010001000001011110000011110011001110
010100100010010001111100110101101000001111010101111101011101110110111011010110101101110101100011
010011011100101011011001100001001000011110011110101111010101011001011001100011100100001110000101
100101001011001111101110101011110110001000111110010111110001000110100100000010011001111110111101
011110001000011000100000011100001111100000111110000111001001111101010100101100111010100001110011
001010101001000111010011111101000011111010000111000111011010001011000100011101101111000010101010
101010100001100011010001010001100010110110010010010110010011111000001011111100010101001010011111
111111101011101101100011000100101111110011000110000110101000110010101000000001001100110000001010
111011100011111111101110000111100111010001010110110100111000111000000010111110011100101010101111
110000111000110100110010111010111111100011010010100101100011001100101000010000010111100000000101
010011011111010100010110101000011101001001010110100110110101001000011101111010000000111110110011
110101011100011011100011111001001110000001010100000101000000010000100111000001001111001111111011
011001100100100100110110110000101001011010000000101001000001101100000111001111100110111101101100
010101100100000100110110111000110010101011100001010110011111001000110000011000101110110111000010
011010100101000101101101110110111001001011100111110011100010111001100001001001111110000101111001
010110101010110100111110100101111010111101001101101110110110101111001110010100000010101001001100
001101010010000010000010000111000000010110100101111000001010011000110101000000111110111011101000
110001011100100100000001011000111010100000100101010111100011000000011110011110000111111001110110
010000001011100101111000011010101110011001010000111101100100011000011101010111100000100010100100
010111010100111111111110101011011100001010011101111110000011001000111110111011100110110100011101
100000011100100101100110001111011110111011001010101010101001010010100101111101110111001010110101
111010111011111010101001001101110000010100100101010011111111010011100110111011111110100011000100
011111110111101110000110100000100100100000000001001010100000000111001101111011001111000111110011
110100011101010101100010110001000011001100010001110011000000110010111111101101100010101010010111
011111001000010010111111010000001010111111001111010110010110100101010110001000011010011101100111
010010100100011111100011110001000001010000010010011110111100101001101001101010001001000101001010
011100101111100110110101000111010110111110001110001110110000011110001001110101110110011011110011
101010001101000110001001110110011100000001111001101010110100110000111010111111111101001111101001
110110011110100101010000111101001110101001110100000001010110010100110100110101000101011111110011
010011000100010010011100001001100000010100110011101111011110000010101000101011010100100111001101
101110111100011001011011110110001010001010001011110011110010110100010111111100001000101011101001
011100110010010010100011100111101101001010011100111000011101101001000110100000111100000001110100
010110101100001010001110111111000100001010110001000111111110111010101111010001100110001001101100
011001010100000101001111110101000010000001000010100001001001110101100001101111101101000001110111
001000011100111000100110000011001110100001111001000110011110100000011000011000001010011111111011
001001110111000000011110111011100011001101010110000010011011100010110100101101010101011101000010
111011101111000001011110000011110111011000101001010000111000100111100111110110001011110100011011
100100101011010111001111001110010110001010001011001001001111110100010111010011100011010111010000
101111001010001101001001011100111101000000000101011011000101010001111100011011011001010111010100
011000000110001110100101010110110111011101101111101010011100001110011111011010100010011001100110
001100011011000111010101100100100011101001001001110101001101111110111010001111100100101100000100
000010010000011111001000010000011010110110101100111001110001100001101100000101010011000100111101
110110001001111110011111110101000110010111010000000110100110110001101010010000010010010101101101
111011100100110010111110011101100010111001011110011010011010001100010011110101110111000010110000
111000110111001000011110010000101111010000000100000101100101001111110000101101101001100101110011
011100011010001011011001100001011100101101001111000110110011011101010001101000110001001001110110
001101100011001110100111110111110111000001001011101001011111001101100110101111100010001100110110
100101110110011101101101110010001100011000010101000101000010100110100010011110101100001001011010
100010110110100100100110000100001000110010101101001111011110111001110111010110000110101010101111
111010110110111000000010100111110010010110110011111100001100110011101010011100011111010010010011
010000100101100101110010001101101000011010101011000101110011101100101100011001000110010100110101
111010111011100100100010110001111100001111101010101111101100110100010001110101001101001111111011
110011100000110100111101000110001000101001001010000011111101101011100101011101110100011110010001
110100011100010111101011111111001101111001110000011010101101111000010001010101001010011111010001
111001010000011111011000011000010100010010001100110111011010101001011001000110101100010111000110
010111110001010111110101110111100000110000101011000101100101101011010111000101011000001111111001
001101110001101001000000111100001110100101100011101101011101101100000001100110100101000001111000
000111001000011101100110111010100101110101010111000000100100111100001001010101011001101100011110
111001011011111111001110101000010111110010000100111111110010100100010001001011010111010010100000
110100111111000110011001111101010011111100111011011010100000110000011001110110001000110010111001
110101011100111101100000011001001010100000000111001100111111101001011100100111110001100010010010
100100011100000011011010110100001011011001101000110111011011110000000101111011101011100000001000
011000001010000001101101111000100011010000011111010110110011011100101001101101011111100001101010
110000011011100100111001111100010110101011100000101110010100010110011110100100100001000001110000
101000000101000000010011101111110110010000111110001001011010010010101000001011000101110100011110
000001000001000001111001100110111101011001011010001001010011010000001110110100111110110101001010
000111100100010001001001110101101011010000100001101111000010011111010110011111111011001110001111
111101100001001001100110100101111001101000101010111001111011110100110110000010011010101111010000
001111101101010111001010100011001111100000011010110011100111101110100110100001010101110001101110
000000110001000010001101010010110011010011000100000110111110011100011000001001111110000100001101
101001001010011101010000010110111110010000110111100100110110110111110110101000100010101100001100
001100011010111001101101000001010000001101110111100000001111100011100111111101011111110100001110
110011101001111110011101001110010011011100100010101111101001100111010000111011010101111010110101
111110000100110111110011000000110100001001000001110000110110101010111000000001011110010001101011
000110101010111110001010111111000100111100111100110100100101010001100001101010001011010011111110
000111010001101000101001111111000000000110110110000101011110101110100100001000110111011111110101
011000000110010110101111101111100000011111010110011110111101010110010101011101001101101101001110
100010011110011100011001100111111110010010101111101110000111001101010111011100111001000110001110
010001100110100110001000010001110010001010011010010001001001110001010001111100111001101111100101
100010010010010100110010110101111011010000001001101110001010001101100100110101111001001100000101
010110100101110001001111111100111000100011110010110000110111101100101100110111011101000001000101
110011111100000000100111110100001010101101111111000001010010001110111010001101001111100001011100
000000001000001101100110101110110010100101000011000100010011101001000000001011111111110000001101
110010100001000010100111010011000001011001011010101000010011000001001001110110010001110110001110
111011101111111010111100001110011101111001111101001110101001110100101110111010100100100110101010
110011100011010011100100001111100110110010110110010110100001100110001101101010010001010011111011
101101110010001100001100111010011110010000001010101101000110001001110101110100110110011110101000
011110011101010100000100011011011000111010000101010100111100001111000110100101000001011001110001
111010100110011110101111111001011111011110110001011111001001101100011001110110010111010001100111
100001011000010100011011001111011100011100010010010100111111000010110001100111101010100001010011
010110010000010010000110010100000100010000001010110111000000101001111111010010011010101010100110
111111111001000010100110001000010100110001111000100001010010001111101101000001001010100001000100
011000001111001111111100101001011010110000101010000111001111001011101001011100101111110110011010
101101001001110010011001111110001110001001000111011101010000001011001011111010000110011110101000
011101011111110010000011000001000001111110111011111010001000111001001010001110000001010011011010
000110110101110000011101011000001011001100001100010010101110011111101011011100111001110101011100
010001101101010101010000001111010011000001000011011111010010100001011101111010110111100001100111
101000011011000011011100110001110100110100010011110001011110010010100000011100101001111100110010
100111010110100100110011011011000011010110011011100111111011100000001011111000000100110011000101
111111100001101110100111010001011111101001100111001000001101011110110101101110001100110011011000
010111010001101010001100000101101111100110001100001001010001111101110100000000001101001000001110
000010111110100101100100101100000111111110001011001101101001110110011010011001100001011101000101
011100000001000110001100111100101011110000111000110010000110110001111011010110100110100110111010
100011100010100010110011101111111000011000011101111001101111100000101001010111110100000101010111
110100110011110101110001011111100001000110101001001111101001001011010000100011000111000000011011
000101101110001101001100101010101111011001011101010100101100011101000010010000110111101010110011
010000101011001000001010000101011111010010100101101000011000011101011001010101100011100100001111
000011010010100110010111100010010111010100101100011100011001000111001000100000011010010010010001
011110101100111011101110100100010011001111011101011000101100011111111011101001011111001011110001
001000100001101110100011111110011011111001010101110000110010101011011001110000101101110001011001
001101010111111000010000110101011011101110011110111010011011011101000111110011001100111101010110
100111011000010000000110111010110110100101101110100010001000110101100000100110110111001010001000
011100100001110000001110001101110100011001100110011011011000101011010000000011001011110000101011
111010000100100110001001110111001000101111100111101100001001111010011111111111010010011110010111
000001101100011111111100010010110001110111001011011000010010110101001000011100100001100110001010
110101111110010000101101001001100001100101100100110001100101010111000101101111000110011000100001
000011001000110100111011000001101001111110110110101011111110110011011000000000011010010001000111
011100110000010010000101011101000111000111011001110000011101110001111001011111000100110011011101
110011110011010000100100010110101110000100001110100010000010101011011011011101101110010110011011
110101000000000111111001100100000101110001011100111101101111011111100110000000011111001101111110
011111001101001100101001101101100110001001111110111000011001000011010010011010000001010000000001
000010010100010101101100101100100110000100110011010110000110111100001011110110110101010001010110
000010110100010101110010100101101101000001100110011100100000010101101101010010001000100101110111
111111001001001000101111001011011010000101000010100001111111010001010010110000001100001001010010
111001000101111001000100101110011110111011000010000010110010001011000001001101010001110011001101
000011011110010111011100000101111110010111010011011110101000111000101011001010000111100011111001
001111011010111000010001100110010010000010000100111010011101000001011010100110010011011000111110
101011011001001110000011111100101110010010101001010110100011011111110010111110000100001011110110
111101100010000111000000010001011001000001011101001101001011000110011100000010101111000001100001
110000100101111111010111100100010101110101101111010001001001101000110110110101101111001010100011
000110100101010011001110010100011000101100000000101111000000001100010110101110011010111011010100
110110100101000010100011000110000000001110010110011100110001010111101000000001100011110010101011
011010101111001011011000000010000000110101110000001100101111010111111000110111110110000100011001
111011001011101010001111011011101100100111110110111101010001010101101101011010100001011110100011
101001010100101111010101101111110100111000100011100000100011011011110011010100101001110011101011
001010000000011101100001011101110001010010000001111010000000101000011110100111110011010110101011
100011101101000010110001100111001011111110101001011000001010111111000100110000110010011100111011
111000001101011101101101011000100111110011000110100010100001111001010011100111001001110100000110
001011100111111001011110010001000100000100110100000000101101110101101000011001010011011000100110
100100000000011010111111111001101110101100101011000101001110011101011000010011110100101111101111
010010001011011110010111011001110001101000000110100011110011010101001000101010111001010010110110
101110111000101011010101001000010010101101000110100000101000110101111001100010100001110010011011
101001001101001100011100011101110101111000110100001011001100011011101111000111000001100110001011
001010010100010100101101000100100110000011100011000011011100000100111111101010000100111011011110
010110000100011101110111111010011101111010110100001010001101010011101001010001111000010000011101
010111011110100000010011100000000010111001101101111000100111100000101011010001001010001100101110
011110100110000010001000101100001010111011011010000001010110100101101000111100101010000011010111
001001110000010001100110100001111010001110111100101110110110000101010000110001100110010011011110
100110000011001111110001010010011100000011010001011010001110000000001100011110011111000101011110
000110100000100110111000100001000001100000110000100010010010000011010100110101100010010100000110
110110011101100011100001101000001101111011100000100110000010111010001010111110000100111101001111
100111111010000100100100000100001100101010101100010010110001100100001100100111110101011111101101
011111100101001001101010110101100111010110010011001101110010110110101011010010111000111101101011
001001011011011010010001101101100001110000101111101001010010100110001010101101011100100101101101
100000110000110111000000001111100100111101011100111000100010111001110010101100110011101111111011
011101010001100011000111110110100001011111101011010111000011110110000111010010110001110101010110
110001010101111011100101001111111000011001010100110100110101110100110100111100100000111010100000
111001110110010000001010010111111100010001110100100010010000000100111100100000001100111010001111
001000111100110100001010011010010010101100100101011100111100010001001111001110111001001011001001
010110010111011100010101011011001000001001100001011101101011000101110010110000010010011110111101
101101000000001000001100100111000000100010110110001011011011111000111100001011111011010010010111
100000000110001111111111101101001100000111110011000111101100100100001000100011000001010011101010
100111011001001010101111100010000000100000011100001101110001101101110101110110110101010110000010
100100000001111011101000110010101010100101001011110011000101011110000010010011011011011110111001
001011101110000111110011100100101111011001101111110100000000100111101011000000110001010010010101
011011110010001001101111100001111100101101100110000101000000011110101001100100011111001100000101
001101100001000101001000101001101010011000111100111010101100000100111010111111011101101100101100
011001011001000111101110001100000110111111000100101000011000000011011001110001100010011011001010
111111111010101000001001111111110111011001001101001111111011010010010100100000100010111111101111
000111101001001011010101111111101001010111101000110000110100110100011000000001010110111110010001
110100111111110100111000101000001010100110101101100001110010010101110101101010010000100000101101
000100011011110000011101110110110010011000100111001100010011001110100010011010001111110010100000
111001100100011010110001110010111100110111010111101100100110011101101110011110111001110111000111
001000000010011000000010110110010111001100011111101110000111110111111011010010010100010011001011
101001111001000001001101110010001010110000000101101101101111110001101000010100101001101110001000
101010101100111011100111110001110111001101010110111001010010101011111100000000111110100110001010
010100101000101011110111101011010100011011100001010010010110111100100111000100011111011001000110
010100000100011010011001011010001110110010000010101010000000001111100111010001001010000010100000
000000000111000111101101000011111011111111000111100100110110011010111111010001101110010011010100
000110010101011101011100110000101110011111010100010011111111101100000110001001000011100111101010
001000110111001011100010100100101110111100011001100100101000010000100011011111010100111000000101
001011001101100000110011110101111101110110110101001001011101010000010101101010100100000010011010
111001001011100010111011100100001011010011110000100001111010000010000100111110001100010110001011
001010010000111100100111010101100010011100011100000111100011111111101000010110000011011110010011
101000101110110110011001111111101011100010100001101100110011000100000011101011110101011001011010
100111101000011110100111101100011101000001101011000100100011101010110000011100000010000000110101
001001010100101001111000101000010101101011110001011101000101001111110011001010010100010101000100
110101111101001000100100100001000101010101101111001000011111010000001111101111001010100111011100
010001100110010000110010101111010011101010011010011100110010011000011111011100110000110000001101
001101101100001010001001001100010000101010001100110100110110111001101111101101101000010110111100
000011110100101010001111000000010011010101000001001010101101000000010101111111001011100110001110
111100001010001001101110100011111000101101011101010111010111100100110100011010110000101011111001
100011100100010111000000000000110101100110001010010011111001011111111101011011101100010101011010
101100110111111101000011100011001100011001001110001000010000010001111000000011100101000010011110
011111001111001110001100101111111001111011111100100100010110110110110000011010111001001000110001
100111010101011010110111101100011000101111110010100010010100101010100000000000010000010100000010
100000001001100010001000100111100100111111111111000001001011110110101000100001111111011110010100
101011110001010100101101101001100110111010110011011011101111000011001100100010011001001010011111
010110100010011000011100110000101001101011101110001011010110010101100110111010000001001000100111
011000011010011100011100011010111110100000001100100100100000000000100111010110111100100000110001
110111011100010000111000000111011000011010111100100011111010110001111001010010110011010111100100
110101101011101011000010100000100011000111011110111011010100110000011111100001100101001101111001
000011000000101011100111111001000111111011111010111110101010111010100111010010011000100101010000
101100010111001110111101001010111000000110010101001100010011110000110010100111111001001110010010
110001001000100011111100101000011011000000011011101111001111000011011110010011000111111101101000
111100000100100101001100101100010101111000011101010000011000000011010010111100001000110010110000
001010100101001110010000010111001010001000000000001010101001011001010100111100000011010110001111
010110101000101001110001011110110011001000100110011100110111010001100101011000100000111010010001
110000001110011000100111111111110110011101000110010111010110101110011100111100100001111101110110
111001010111101111001100001110001011111000110001000010010111111010011111011101000011010110000100
111010000111010111001110101101011000010110000110011101100101000111101101101010010000000110100101
010100000010011101110011001111110100010110001100111110000100111111100011001111111010100101010110
010111000001011010111110000101000101101001000010011010111001000010110000100100111111110101011111
011000111101011001001100101000101100110100000110111101011100010100011100110011110110001101111111
001100110100110011001001010011001000000011000101011000000110011100100101001011101111101101001011
001000011000100001111111111100111101110001001000100101111101100100111000100101110010111111001011
111001110001010001110110110100011001100001010000110111111001011010110001001111001010110010010100
011101001011111000110111011010100010010001000000101010101010001111110111101111001101101111101110
001011011111101010000100000110000010110000110111100010000001111001111100111111001010111110110101
101010000011110001100110110010000100111100111011110110000010110101111001111101001011111110001110
100111101010010101011010001010101100000110001011011111001001101011111100101001011010000011100011
110110111001100011001100101010110010000111110111100010101010110001101111011000110010011100101101
111101001001000111010101101110100101111100010010000111000111011100110001110111111110111000101111
010100000000100110010100110000011010011000100110110011000010001010111101000000010010101101001111
000010100010010000101111111111011011001011100001101000110110101101011000010110111110100110001001
110000010100000110010100000101011100110000011000000000101111010110100100100110101100101101010101
110010101000010011011110101110010000110000000101001101011011000110000001000010000111001010100001
000111011011101011000101001111000000000110100001000000100010000011010110100011000101010110001011
000101101101101101100010010100011100111001000011011011000111001101101001011011110001000010111111
011110010110100111011011000010101110100110010000000100100100011010110111110110000111001000100011
110110111011111101111000010000100000110001011000011111101011101001010011001011010101101110111010
010111011010101001000000100000110110011011001001101001011011101001100011011001000001010000100100
110000001000010001110110011111110111111010110110101110110010011111110000001001010000000000011010
011110101001011011101010011011101011111111010010100110011101011000000000001010000111111101000111
110111001101001100010100111010010010001011001110101010111001111011011000011010001011011000011000
100110000011110101101101110011011110100000100010000011110011011010110101001011101101000000110001
110000001001101011110101111000110111111011001010010100011111111000000010100011111101010100001101
101101011000001000100110101010111001000001010000100110001001010000000100011111011010001110100001
001001000010010100001000001100100110000100011100100000011010010101101110111110100111110110101101
111010001111011010000000011010001001011011001011101000011110110001011110010001110011010011001101
010010111010101110100010111111001110110000111000011100100100101011001101110010110000110000100111
101011010010001000011000010110100101101010011011110101010101000111001001001100110111100011010011
000011110001100000010001110001001011101100101011110110110000111011011100010011000101101001010000
010000100000000001001010011110110100100110011010111111110010000101011101011100111010101000011001
000100010000111001011010101001101011000101101001100000110101010111001010011001011000010010100001
111100110101001110010001100000101101100001010011101111101011000010000101100100100011111001010101
110110011011100001110011101111000001011010111010010100110111111100111011110001100111111000011110
011011111110000001010110111001110101010000010100011110110001010000111111110010001001000110000100
101010111011111110001100111111000100110001111101000110101011010111010101100111111010010100000110
011010100010101000111100001110010101110110100101001011001101110100010100111010010110100011000000
110101001100010100011000101000110010001101000110101111101110100011011111000100101110110000010111
110101111111111100101110101000101111111001011011001100001111101110000010110001101011000001001000
011000001110000010111010101011001100101110110100010101001110101110010100010001011001000011111101
000000101001000100110101110101001010110000000001111011000100110000000011010100010001010100100011
111101000000100010111010100010100010100101011000110000100111110000010010111110110001001011101111
100000011101101111101101100101101000100100111110101011000010111010110011101010100011001101000101
110111111110100000110010111110101001110000111000001010101101111010110000011011011010110101000000
101010010011001100101011110101010110000100000101110111010100001110101010110110011011000110001110
001010111101010011100001000001000010010101101001000111110100000110100011111100011010111111010011
000011000100010110110000101111011011110100001011110110000111101001001100000110010101010111110001
011100110101100011101100000000001110011111101010101011011001100000010011010111111110100100100001
010101111110001100001001001011001100101010110010011001101001100000111110111010100101111000000100
001110110100010011111011101000000010010011000101111110001100010000110010111010000111110110100111
011001011111101011001000110010010011101001111000000000011000001011100010110011000101010101111110
010101001000000101001000111010101011001110000001010000010011100010110000101011001010100110100100
001011110100111101010000101010100001010000000001010100011110101110011010111010011000010100100101
100100001101110001100011001000001001100100001110011101010110110100010000110000110110011010000000
010101010101101001101110110100001111110110111001011010001000011100011011101011011000000001011101
100000011011101010101100110111101101000010010010000110010110001010000011000110001111001100100001
010110100010100111111000000000101011011000110100100111010100111010111110110111100110011111111000
011010010001011011110010010110111100000101011100000110111000100101111111001011010101110110100011
111101100000000101001111101011111111011010111011110010111011100101001110000010010100111001110100
111101010110000100001001011001111000010111100000010000100110101001100111101001110000110100110001
110111111011010100010101011000001001101100001001011110110001101011000100110011111100011011010111
010011100101010000110101000010010111010111100011011010010110110110100011101111000010010001110011
111111001101101100010010101111010100110100010010000101011100010111000001011111001100010001001101
011101111110100000101000111111000100010011000101100010000000011100111111100000011011111011101100
001110000101111111100100100111110101010001110110101000000000000000011010010101110000011100111100
111010010101001101101101110101001100100110111010011100001010110100011001110010001100010100110010
101010011101110010000111001101000110101111000000000000000101111010110100111101000110101000010010
100111100111101110000000110010111111101111111011111110001001101111011111110101001000101111101000
001001011101101110101000111000001111101010001100011011100100000101110000100011010011101101011101
010010101101111000101110000100000101101101001111010010001010111100111000010101100110100101111000
000001011101000111011011110111001000101111110010100100100100000001011101011000101101011001101001
110101001110101111011011001111010100001100000000010110011101101011000100000110111110110110110000
110111011111101110100101010001101110001010100110011010110100101011010110111111000101101101011000
100010110001010000011011111101111001100010100011100101101100000000110001101100000101001011100000
110000010001001011001000101101011110101011100011001011000001011000010011000010011001011110101110
011001100100010100001101001110000000000100010111101000101001110000110011111110000000100010011111
001010101110100100010000000101001111000101000010011101011000010101100001111100010001011011011110
001111111101110100111000010011100110011101001111011011010100110011110101010110101101101011011000
000110000110011101111000010011010111101110011110000101110111011000011100111011110100100011010111
110010010111011111110100111000110100101111010011000011011000001110110100110011100111010110100110
010011001111111000110110000101011110100000010110110001110100010010001101011111100101100101001101
000101111110110001000111011100010101100011110000000100001000100001111110100001010011011010100100
101111011001101010010010011010111010111100000000000010011101100110100011101111111111001011001001
100100111101000011100010010000010000001001111000000010001010111110000100010110101000010010111100
101000001000111101111100101110010111101011110000010000011000011111101100110110010111011010101100
000000110001100111001110111010111100011111100010001100110010010000111111110001110111011100101111
001001111110110000101111001000100011111010111111111100100100000101101101001100011110100011010100
101000001101111100010001000100011111100111101011010010000101011011101010101101111000110001011100
100101001111101100100110000101010011010000001010101011011001010001111010001100001100010101101110
100001110101110001110011101011111001000010111110000010101011110111000010101110000010010110001000
100110100100110111010101111101000110110101100011011001100100110101001110010101000111000000000110
010110111110111001101011010100010111010111110100111010101111101011110111001110010111010101110110
101100001011110101101000100101010001110001000001101111100100101010101011111100110100010010100111
010010110111110101011111101011100000010010101101000010110101011010110101011111110011011111111010
101101111011111110110110000001111100001001110110101100001101100110110111100111011101011001101111
101001011011101111110010100100100111100000110001111010010111000001001110011100011101111000011011
001001010100110111111101100000100110111011110111001101111111000000001001100101001100111110101001
011010010110010101100010000111011010100001010101010000011011001010101001011110001010100000000001
100101111101111111101101000100011000000100100111011001101100001110000111101010100001110101111100
010111100110001000110010000011011000101000111011111000100010101000110010100111111110100001100011
011111100010110011110010111101000111011011110110010011101010000010011101010011000100000111100010
100101000011010100010001100110001101001000011001011100010100011101101000011000001010100011100000
101100101001010101111010011100010001010011110010011001111011100100111001110110011010000000000011
111100111101101010011010110000111111001101010011010010000000100100000111010010100010000100110010
001110011110000000101110011101110000111010011110100001110101010100101010111100110011100111001010
010111000100100111111011011010011100011000101110100011000110000011100100001101010011110111111101
001001011000100010011000111110100111101001000000010110001101001001010100011101010011110101111000
111000001101101001101010001000110110110011001100000101111001001100110001011001101100010010000110
001111001000111100010111100001110010111010001001100010011100110111101000010010101111110101000010
010010011001010110010010101101011010001010010110010011000110001111101110010111011000010101000001
000010110111001011110001111111001111111101011000110000001000111110000011011000001101111110001101
100000101001010110001000101111010000111011111010010110101010101011111011101010001101110100101000
111110001110001111000101000000000010001100010110110100010010111001101011011101011110100100100101
110011001101000100011100010000101110100010000000111101000011111001100111011111010110000010110100
111110010011010111111000001011010000101101001110101001000010110101111000011111000110110111001011
011100011110101101010011000110011010010111001100100110111000010111101101000011111011101110101111
110000111011110100010101000000001010101001101011011010001110001010011110111101110011100111010100
010100001110001001000000011000011001100101110000100111000001010010000110001110000100110011111011
010101001111011100111001110100001011101100010111010111001111100100101100101111000000100000101011
011011001110101111001010001110101101100001111001001010000101110100011000010101001101110010100111
111100100100001100011010111100100010001011001110101011101001011101111110100111100001111101101010
110010100000110011011110110111000001011010010001011100111101100111010010100111100001010000001101
000111010100000101010000100101111101011001111010011000010111001111000001111010101000110000100101
101000110010011010001010111011101011011010000100110100101010101100001110000001100110111100010011
110010000010101101000110101111000110000101100101011001101010001001111110001110110101100100111001
000010100110000110101110101111111001010110101000111001001110100111100001001000101101000001101100
110100000111010011001111001100011001011011011100011111101100100110000001011011010000111000001011
010101010010010101000100010100010111011010100011010111011001100110011100110010001010011010110001
001000000011100001001101001111110101101110000100101101111110010100011101010010101111110001110011
011111111110111001101101100111111000010111111000101011100010111100110010000100001010001001110000
100101111011001101011100110001000110001110101110011001101101100100110011110101011100001111001100
101100001010010000001101111101001110101000000100011100100100011010110010100100010011110110011000
110111110111001000101111010000011101011000111111001101111110111011000100001001011011111010100010
011011011001001000111000001000101110011111101001101110111111001011001110110111100100010011110101
011111000000011111010100011111000000111101100100110110111101011000110000010110111010000000000000
001101101111101010100010011011010010100000101000010001010010110100100011101110011100010010000010
000011100001001110011000010101010001100011100000101010101100010100000100100011011010111010011111
110010011011100010110010100000000110000100110110111011110011001110100011100111000010010001110001
010110110100011001100010010010001111101011000001010111110101100111111011101011010000000101010001
110011010001011110001010010100100010111101010001110100111000000010110110011111011110000011000000
010100100111101011111010011001111000111100100111001010101001110001011011000001110110101010110001
011001100011110010111101100000101110111011100000111010000001110000110100111000001001001110101010
010011000100110100001011011001111111111101001111010110111101001111111100101001100110101010001001
100010100110101010010100011111000011100011101111101000011001011000010110001010100001101010110111
011101101011100110111101101110100101011010001001100001100001101111001110001100010000011011010101
110001110001001110001010110110010110001101101110101011100000011000011010111000010011011101101010
010011001100000110101100010101110100101011111010011000110111000100000000100110100101010001110101
111001010011011100000110110101100010110010111110011011011110001110001100101000101110001011100011
011010100010110001001000001100010110011011111000100111110100111100011110100001101101001001000110
000000100100010110010011111101101100110010111010001101100000110010000110110011010000010010000110
011001001011001000000110101001010100100001010011000110000011101010010011000010011111000111001011
101111101001111010001110000000001001011010101111010111011010000000111100110011101010010100010100
111001011100010110111011101101011001001111000001111000010001111111011010001000001011111110101011
000111000100011110111000110010001010000001000111011101010000111111000111001101000001010011011000
000011000000010110001100110100010010111100100101010000110101010100011000000010110001100011000110
101111110000000000011010001101000011111100000000100011011010100011011011100011010001100010000011
001111101100011111000000111011010100001001110110110010100010101100010111010110000001000110010100
000000100100001011000000111101010111011100101101000000111100110010101000101100010111000101111101
110000111110111101100011011010100000111100000100101001011000100011011011110110101100011010110001
011011010101100101010001001111010011010100001111001000000101001010010100010111101111111000101001
011101010111110011101000101001111001110010000011110011001010100001101111010100000101111000100111
110010001000011111110100100011100010011111000101011000010111111111000100101001011000111101111100
110001001010101001011100100001101100110100001111110111110000100001110010010000111111110010101111
101100010111110101001111111111110001111101111000101110010101000111111000000010100000101101100011
011101101101010111001110001111001011101001111000010000001101110100010000101111011100111010001101
111110101101101111001010010101101110101110011100011100110001110001011110010001010000110000111111
100001011010010100011011010011011100010011001101000001100110010000001100100100110011110011100110
