101011011111011111000110000111101011000000000000000000000000000000000000000000000000000000000000
011100100000100100010100010000111100000000000000000000000000000000000000000000000000000000000000
101110011101100001001101101011010110000000000000000000000000000000000000000000000000000000000000
010110101101101001001010111000001001000000000000000000000000000000000000000000000000000000000000
101110110001110000111011101010001111000000000000000000000000000000000000000000000000000000000000
110100100011101011000011110111111111000000000000000000000000000000000000000000000000000000000000
001101001011110011100000101000001011000000000000000000000000000000000000000000000000000000000000
000111000101000001111000110000000101000000000000000000000000000000000000000000000000000000000000
001001101101011011010001111001101011000000000000000000000000000000000000000000000000000000000000
100010100111100110011011101110010110000000000000000000000000000000000000000000000000000000000000
110111011111000100100111110000001111000000000000000000000000000000000000000000000000000000000000
100100000010011101100100011000011010000000000000000000000000000000000000000000000000000000000000
010000001000000101010100110101010100000000000000000000000000000000000000000000000000000000000000
011100010000001000111101101101000011000000000000000000000000000000000000000000000000000000000000
101011011101100010011001010010101100000000000000000000000000000000000000000000000000000000000000
101010011100010111011011010110010101000000000000000000000000000000000000000000000000000000000000
100110011000001011011010000010101100000000000000000000000000000000000000000000000000000000000000
100011111100011001010001011100101101000000000000000000000000000000000000000000000000000000000000
000010110010000000101111111110101010000000000000000000000000000000000000000000000000000000000000
110111100111111001010010111100010111000000000000000000000000000000000000000000000000000000000000
101101001011101011111001001011100101000000000000000000000000000000000000000000000000000000000000
000111001010010110101101011010101111000000000000000000000000000000000000000000000000000000000000
101101001001100011100101110011000010000000000000000000000000000000000000000000000000000000000000
011001000101111101001100110010011010000000000000000000000000000000000000000000000000000000000000
010110001000010001000110100000011101000000000000000000000000000000000000000000000000000000000000
111001100001011011000111000110111011000000000000000000000000000000000000000000000000000000000000
110101100100000110000101000001011010000000000000000000000000000000000000000000000000000000000000
000001001111111000001011110111001000000000000000000000000000000000000000000000000000000000000000
011101111010011101111011101100110101000000000000000000000000000000000000000000000000000000000000
011010010000011000110010000101111101000000000000000000000000000000000000000000000000000000000000
110110111011011011101100110110001111000000000000000000000000000000000000000000000000000000000000
111011011010010010100000110000111010000000000000000000000000000000000000000000000000000000000000
100001000001101100000011111000111101000000000000000000000000000000000000000000000000000000000000
010010101011001001011001100101011001000000000000000000000000000000000000000000000000000000000000
001011000111010101100001010101110001000000000000000000000000000000000000000000000000000000000000
011010000100010010101101110010101110000000000000000000000000000000000000000000000000000000000000
000010100101101010011101101011010111000000000000000000000000000000000000000000000000000000000000
011101000101001001111111101011001010000000000000000000000000000000000000000000000000000000000000
110011100010011101000001101100110001000000000000000000000000000000000000000000000000000000000000
100000100011000111001110111001101101000000000000000000000000000000000000000000000000000000000000
101101000000000010001101101110001011000000000000000000000000000000000000000000000000000000000000
010000111110011100010101100111100010000000000000000000000000000000000000000000000000000000000000
000000101001101001110000000101111011000000000000000000000000000000000000000000000000000000000000
101110110100001110100111111110110000000000000000000000000000000000000000000000000000000000000000
100111010010000000011110110111011001000000000000000000000000000000000000000000000000000000000000
000011011000010001001001011011011000000000000000000000000000000000000000000000000000000000000000
011101010000100011111001011000001001000000000000000000000000000000000000000000000000000000000000
110110010110011000001000010111011010000000000000000000000000000000000000000000000000000000000000
100111110111101100100100110001001100000000000000000000000000000000000000000000000000000000000000
100010101011101000010000111001100101000000000000000000000000000000000000000000000000000000000000
110110111000110111110000010100010000000000000000000000000000000000000000000000000000000000000000
000111110101000011110011111001111000000000000000000000000000000000000000000000000000000000000000
100101101101110100111110100110001111000000000000000000000000000000000000000000000000000000000000
001001110111111010000000110000101000000000000000000000000000000000000000000000000000000000000000
001101111101001101110010101110100001000000000000000000000000000000000000000000000000000000000000
010011010001010100110111110011110100000000000000000000000000000000000000000000000000000000000000
110000000110011011001101100000011110000000000000000000000000000000000000000000000000000000000000
001011100111001001111000011010100000000000000000000000000000000000000000000000000000000000000000
001110111100011001000001001011100101000000000000000000000000000000000000000000000000000000000000
100011010110111011001010111010110111000000000000000000000000000000000000000000000000000000000000
100101011011101000101011101010011111000000000000000000000000000000000000000000000000000000000000
011000011001110000100110101010011101000000000000000000000000000000000000000000000000000000000000
111001110000111100001100010001000001000000000000000000000000000000000000000000000000000000000000
110000111000110110000111110111101100000000000000000000000000000000000000000000000000000000000000
011010010100010000100001111111100011000000000000000000000000000000000000000000000000000000000000
100000001001111011010010011001011000000000000000000000000000000000000000000000000000000000000000
111001101010111011010000000101110000000000000000000000000000000000000000000000000000000000000000
011111100000101011000100100100010111000000000000000000000000000000000000000000000000000000000000
111101000011110101100011110100010001000000000000000000000000000000000000000000000000000000000000
111000010010110000001110010010001101000000000000000000000000000000000000000000000000000000000000
010100001011100100001110000011011110000000000000000000000000000000000000000000000000000000000000
101111000101000111001110111100101110000000000000000000000000000000000000000000000000000000000000
110011000010111010000100001000010010000000000000000000000000000000000000000000000000000000000000
011001011100000010100001110000101001000000000000000000000000000000000000000000000000000000000000
111001101101011100101110110101000001000000000000000000000000000000000000000000000000000000000000
011101100111001001101110101100000000000000000000000000000000000000000000000000000000000000000000
000101000001001011110011101110111010000000000000000000000000000000000000000000000000000000000000
110010110100001100011000101100111000000000000000000000000000000000000000000000000000000000000000
000111011110011010100000001010011111000000000000000000000000000000000000000000000000000000000000
110001111011001101011111010010101001000000000000000000000000000000000000000000000000000000000000
000111110111001001100000011011010000000000000000000000000000000000000000000000000000000000000000
111100101101100100101001101010100100000000000000000000000000000000000000000000000000000000000000
011100010010110100010110001001011110000000000000000000000000000000000000000000000000000000000000
101100101101000000101110000110000111000000000000000000000000000000000000000000000000000000000000
111111111110011111010010011001111101000000000000000000000000000000000000000000000000000000000000
101000101010110000001000101101001100000000000000000000000000000000000000000000000000000000000000
101001011101010101100110001111001001000000000000000000000000000000000000000000000000000000000000
011100101100100110010000001111101010000000000000000000000000000000000000000000000000000000000000
011011000101010010100101001100111100000000000000000000000000000000000000000000000000000000000000
110101100000101101110011001100101011000000000000000000000000000000000000000000000000000000000000
100011100011100011011010111000001000000000000000000000000000000000000000000000000000000000000000
110101100100110000101110100110110110000000000000000000000000000000000000000000000000000000000000
110101110110101101110001101110010100000000000000000000000000000000000000000000000000000000000000
000111111010010000001000010111001101000000000000000000000000000000000000000000000000000000000000
010111110011110000000100010100011100000000000000000000000000000000000000000000000000000000000000
110010010100100101110101111010010111000000000000000000000000000000000000000000000000000000000000
010101011000000100011110001001011001000000000000000000000000000000000000000000000000000000000000
111000111110100111010101011011100010000000000000000000000000000000000000000000000000000000000000
000110110100011010110100001001000111000000000000000000000000000000000000000000000000000000000000
101111010010010010010000101110001011000000000000000000000000000000000000000000000000000000000000
001111010011001111001001011000010110000000000000000000000000000000000000000000000000000000000000
001101100100111101111111110101010011000000000000000000000000000000000000000000000000000000000000
000101011110100000010111000010010001000000000000000000000000000000000000000000000000000000000000
011000101101011110110111110011110100000000000000000000000000000000000000000000000000000000000000
110111011001100011000111100101101000000000000000000000000000000000000000000000000000000000000000
101010001110000101111000100000101101000000000000000000000000000000000000000000000000000000000000
110011010001000111110101011111000111000000000000000000000000000000000000000000000000000000000000
011001000101111111000110000100010111000000000000000000000000000000000000000000000000000000000000
110011111110010111011110011111111101000000000000000000000000000000000000000000000000000000000000
111101101010000010100101010111100000000000000000000000000000000000000000000000000000000000000000
101101010010010000001110111111010011000000000000000000000000000000000000000000000000000000000000
010001000011101011011111010001001110000000000000000000000000000000000000000000000000000000000000
000001111010011010010000100110010100000000000000000000000000000000000000000000000000000000000000
110011100010110010110101001011011100000000000000000000000000000000000000000000000000000000000000
100101111110100111111001001011110101000000000000000000000000000000000000000000000000000000000000
000011010001000011100110000110100100000000000000000000000000000000000000000000000000000000000000
100001110001100000100101101011000110000000000000000000000000000000000000000000000000000000000000
101010011100010000100100110011010001000000000000000000000000000000000000000000000000000000000000
000101000001101101100001110001101101000000000000000000000000000000000000000000000000000000000000
011000010001000111011100010001100000000000000000000000000000000000000000000000000000000000000000
010011110011011011101110000010110110000000000000000000000000000000000000000000000000000000000000
001010010000010001011100000011001110000000000000000000000000000000000000000000000000000000000000
000010110101111101111000001100111110000000000000000000000000000000000000000000000000000000000000
010110111110111111001110011000110111000000000000000000000000000000000000000000000000000000000000
010110111111110110000111000100101110000000000000000000000000000000000000000000000000000000000000
001011100010010000011010011011000011000000000000000000000000000000000000000000000000000000000000
101100100011100101110110101111101000000000000000000000000000000000000000000000000000000000000000
100000001100111100000101100010001111000000000000000000000000000000000000000000000000000000000000
111110011100000000111100010111111000000000000000000000000000000000000000000000000000000000000000
011110001100100110111001111100010101000000000000000000000000000000000000000000000000000000000000
111100000000101010101100110111101001000000000000000000000000000000000000000000000000000000000000
110110010001010101110110111011000011000000000000000000000000000000000000000000000000000000000000
001011110101110100100001001010010011000000000000000000000000000000000000000000000000000000000000
100010000111011010110011011001011010000000000000000000000000000000000000000000000000000000000000
010110101110111110100110000010101110000000000000000000000000000000000000000000000000000000000000
000100111000110111001100011100010010000000000000000000000000000000000000000000000000000000000000
101101000000011110101110100011000010000000000000000000000000000000000000000000000000000000000000
100000110110100000100011101110011101000000000000000000000000000000000000000000000000000000000000
101110100101111101011010110111100110000000000000000000000000000000000000000000000000000000000000
111000110100001000110101100111111011000000000000000000000000000000000000000000000000000000000000
110100000101101101000000101110011101000000000000000000000000000000000000000000000000000000000000
100111000100110100110100100100101010000000000000000000000000000000000000000000000000000000000000
011110111011011101000010111100001101000000000000000000000000000000000000000000000000000000000000
010001110001111010111111001110111011000000000000000000000000000000000000000000000000000000000000
110100010000001101001010011110110000000000000000000000000000000000000000000000000000000000000000
111110011111110001010101101010110011000000000000000000000000000000000000000000000000000000000000
110011011111110111111101010101100010000000000000000000000000000000000000000000000000000000000000
000111011000000111100110100110111110000000000000000000000000000000000000000000000000000000000000
101101110000010111000000010101110100000000000000000000000000000000000000000000000000000000000000
010010101110100000001010111101000101000000000000000000000000000000000000000000000000000000000000
111100010001110101111001011110100010000000000000000000000000000000000000000000000000000000000000
000100110011110110011000011101111100000000000000000000000000000000000000000000000000000000000000
110111001001101001000110111001001000000000000000000000000000000000000000000000000000000000000000
100010100110111000111111011001110100000000000000000000000000000000000000000000000000000000000000
010011101101101011110100010110010101000000000000000000000000000000000000000000000000000000000000
010000010010101010101011101111001011000000000000000000000000000000000000000000000000000000000000
110010001100100011110100110111101110000000000000000000000000000000000000000000000000000000000000
100110101100010100001101100101011000000000000000000000000000000000000000000000000000000000000000
101011000110000010000100001000110101000000000000000000000000000000000000000000000000000000000000
111101101111000101000111001111100000000000000000000000000000000000000000000000000000000000000000
110000100111011010000110100110101001000000000000000000000000000000000000000000000000000000000000
011011100111011110101101111100010011000000000000000000000000000000000000000000000000000000000000
010111011011000011011011011010111110000000000000000000000000000000000000000000000000000000000000
011101100111010011001101011011000101000000000000000000000000000000000000000000000000000000000000
010101010101011011001010011001110100000000000000000000000000000000000000000000000000000000000000
100110110110100111010111001100011010000000000000000000000000000000000000000000000000000000000000
010100011010100000010100011001100000000000000000000000000000000000000000000000000000000000000000
110110111010010001011100101000110000000000000000000000000000000000000000000000000000000000000000
001011010111101111111011011000000011000000000000000000000000000000000000000000000000000000000000
100100010010111010100010000101010100000000000000000000000000000000000000000000000000000000000000
100000100101010100101001010001010100000000000000000000000000000000000000000000000000000000000000
010111110100111011110011000001010110000000000000000000000000000000000000000000000000000000000000
100111010000101111110010010110011011000000000000000000000000000000000000000000000000000000000000
100001001101010000111110000010010000000000000000000000000000000000000000000000000000000000000000
000011000001101101010100001011111001000000000000000000000000000000000000000000000000000000000000
110001001000101011000001101110011000000000000000000000000000000000000000000000000000000000000000
111100110010010100101111010111110101000000000000000000000000000000000000000000000000000000000000
010111011011010111001010010101010100000000000000000000000000000000000000000000000000000000000000
111010110001001001111010101010110011000000000000000000000000000000000000000000000000000000000000
111011010110011000100101011001000110000000000000000000000000000000000000000000000000000000000000
000001000110111100111100110001001111000000000000000000000000000000000000000000000000000000000000
111100000111101101001010001110101000000000000000000000000000000000000000000000000000000000000000
000110011110100101101001010110100101000000000000000000000000000000000000000000000000000000000000
101011101111010010101011000011011011000000000000000000000000000000000000000000000000000000000000
101101000111001010011111100001101111000000000000000000000000000000000000000000000000000000000000
010010111010110101100001100101100011000000000000000000000000000000000000000000000000000000000000
010001010110101101010111100101100100000000000000000000000000000000000000000000000000000000000000
101001111001101110101001110000010011000000000000000000000000000000000000000000000000000000000000
101111011001101001010001011001100100000000000000000000000000000000000000000000000000000000000000
110110000000001000110011100111011010000000000000000000000000000000000000000000000000000000000000
100010000010111010011110000110100110000000000000000000000000000000000000000000000000000000000000
010000011100100111101111110111010101000000000000000000000000000000000000000000000000000000000000
000010110000111101010011101110010001000000000000000000000000000000000000000000000000000000000000
101111011111110101011100111111100111000000000000000000000000000000000000000000000000000000000000
011100101101101011100000000010011111000000000000000000000000000000000000000000000000000000000000
000000101110100111011010101010010101000000000000000000000000000000000000000000000000000000000000
101010010001000111101001111000101110000000000000000000000000000000000000000000000000000000000000
011000001110000011111001000101000001000000000000000000000000000000000000000000000000000000000000
101001011000001110111100110100000000000000000000000000000000000000000000000000000000000000000000
000000100100100111101100101001100110000000000000000000000000000000000000000000000000000000000000
100001001011010110100000001100011111000000000000000000000000000000000000000000000000000000000000
110011010000001010111111101101111010000000000000000000000000000000000000000000000000000000000000
101110001100110010000000111001001101000000000000000000000000000000000000000000000000000000000000
011001000011001100001000001011110000000000000000000000000000000000000000000000000000000000000000
110111011110011111000100000100011110000000000000000000000000000000000000000000000000000000000000
110001101010010110110011111001000011000000000000000000000000000000000000000000000000000000000000
110100100100000000111011000110010011000000000000000000000000000000000000000000000000000000000000
101100100111100010111000000011010001000000000000000000000000000000000000000000000000000000000000
101101111000011110100011100010001011000000000000000000000000000000000000000000000000000000000000
111000110000101010101111100100010010000000000000000000000000000000000000000000000000000000000000
001010110101011111100011110011001001000000000000000000000000000000000000000000000000000000000000
000100101100111111001101000111011001000000000000000000000000000000000000000000000000000000000000
011011101011111111111110100110010111000000000000000000000000000000000000000000000000000000000000
110110011101100011111001110101111000000000000000000000000000000000000000000000000000000000000000
111100110000100110110100011111101000000000000000000000000000000000000000000000000000000000000000
100000001111100110111101110000110100000000000000000000000000000000000000000000000000000000000000
001111101011000001010111010111101101000000000000000000000000000000000000000000000000000000000000
110011100010001000000001101010011011000000000000000000000000000000000000000000000000000000000000
111110001110110110000000010100111110000000000000000000000000000000000000000000000000000000000000
101110100000111011011100001101111011000000000000000000000000000000000000000000000000000000000000
101101010101100010111101100000001111000000000000000000000000000000000000000000000000000000000000
100110100110010011011010111101000010000000000000000000000000000000000000000000000000000000000000
111101010011010100110001111010101010000000000000000000000000000000000000000000000000000000000000
111110000111010110001110100100110111000000000000000000000000000000000000000000000000000000000000
001100000001011010010101000100000110000000000000000000000000000000000000000000000000000000000000
010100011100010100011111010101000000000000000000000000000000000000000000000000000000000000000000
010001001000000011100110111000111100000000000000000000000000000000000000000000000000000000000000
010101101000101111011001000110111010000000000000000000000000000000000000000000000000000000000000
111100011101000111101011100000100100000000000000000000000000000000000000000000000000000000000000
010101000100101001000010010110111110000000000000000000000000000000000000000000000000000000000000
010110110000101111111010001101001010000000000000000000000000000000000000000000000000000000000000
100111100100100011010101100001000111000000000000000000000000000000000000000000000000000000000000
000000100100011111010101011011110001000000000000000000000000000000000000000000000000000000000000
101110011100111001111010000111100000000000000000000000000000000000000000000000000000000000000000
000000001010111110110011100001100101000000000000000000000000000000000000000000000000000000000000
011001111010011100111011010110011011000000000000000000000000000000000000000000000000000000000000
100111010001000000011001110000011010000000000000000000000000000000000000000000000000000000000000
001011011000101100101010111001100010000000000000000000000000000000000000000000000000000000000000
001101000101111100100010001011000001000000000000000000000000000000000000000000000000000000000000
100110001110010111010110011101010000000000000000000000000000000000000000000000000000000000000000
111100010001101000010001101110100011000000000000000000000000000000000000000000000000000000000000
100011010111011111101101110111101111000000000000000000000000000000000000000000000000000000000000
100100111111110111101110100000110000000000000000000000000000000000000000000000000000000000000000
011100001100000011011011010010100101000000000000000000000000000000000000000000000000000000000000
110001110011001001000100011000000011000000000000000000000000000000000000000000000000000000000000
001011010111100100111001111111011000000000000000000000000000000000000000000000000000000000000000
100100010110101110100010010100001111000000000000000000000000000000000000000000000000000000000000
101000011100101011001110100111110000000000000000000000000000000000000000000000000000000000000000
011010101110111101001100001110100110000000000000000000000000000000000000000000000000000000000000
010100010101000010010000010100011110000000000000000000000000000000000000000000000000000000000000
000101100111000000111000111001111100000000000000000000000000000000000000000000000000000000000000
110101110010110111000000101011001001000000000000000000000000000000000000000000000000000000000000
101000000010101100111110100111101011000000000000000000000000000000000000000000000000000000000000
101101010011001111101000101111111101000000000000000000000000000000000000000000000000000000000000
110100000100100000001000100000011010000000000000000000000000000000000000000000000000000000000000
101010111110011100000000110011010001000000000000000000000000000000000000000000000000000000000000
110110101000100101111010000010101110000000000000000000000000000000000000000000000000000000000000
000000110010000100000100100100001110000000000000000000000000000000000000000000000000000000000000
010110010000010001100110010111000100000000000000000000000000000000000000000000000000000000000000
111101000011111010010011110011100000000000000000000000000000000000000000000000000000000000000000
010110111101011011000100000100001100000000000000000000000000000000000000000000000000000000000000
011110111100101000110000100111100111000000000000000000000000000000000000000000000000000000000000
000011011000010010101011001111101100000000000000000000000000000000000000000000000000000000000000
001101000101111110001100110010100110000000000000000000000000000000000000000000000000000000000000
100100100001100001100001100011001000000000000000000000000000000000000000000000000000000000000000
000110010001111111111000001100100010000000000000000000000000000000000000000000000000000000000000
001001110011100110001000100000101100000000000000000000000000000000000000000000000000000000000000
111100010010011000111101100101000000000000000000000000000000000000000000000000000000000000000000
110010101001011101011011000110000001000000000000000000000000000000000000000000000000000000000000
100101001000011110110011111101011110000000000000000000000000000000000000000000000000000000000000
110110001111100010100100101110011000000000000000000000000000000000000000000000000000000000000000
110011110001001111011110101101011110000000000000000000000000000000000000000000000000000000000000
101100101100111100001011011001010010000000000000000000000000000000000000000000000000000000000000
101001001100101111001111000110110100000000000000000000000000000000000000000000000000000000000000
000010110000010110010110001010010001000000000000000000000000000000000000000000000000000000000000
001000100010010111010010010111100001000000000000000000000000000000000000000000000000000000000000
111011010101100111001001001100011010000000000000000000000000000000000000000000000000000000000000
000010111010110001100010000001001011000000000000000000000000000000000000000000000000000000000000
111010000011010111001101100011000001000000000000000000000000000000000000000000000000000000000000
110010011000101001100001101001110010000000000000000000000000000000000000000000000000000000000000
000100011110100011100100001011010011000000000000000000000000000000000000000000000000000000000000
010110001011011101100101001010011011000000000000000000000000000000000000000000000000000000000000
100100000000010001001110111110010101000000000000000000000000000000000000000000000000000000000000
110011110100111110100000101111001000000000000000000000000000000000000000000000000000000000000000
000100100001101111101000000010100011000000000000000000000000000000000000000000000000000000000000
100100110111110110101110111101010100000000000000000000000000000000000000000000000000000000000000
000010011101011100111101111100111000000000000000000000000000000000000000000000000000000000000000
001111000111100011110010000001010000000000000000000000000000000000000000000000000000000000000000
010001111101001110011101000100001011000000000000000000000000000000000000000000000000000000000000
111000011011000000110011001101001001000000000000000000000000000000000000000000000000000000000000
110000000111011000110100000111110010000000000000000000000000000000000000000000000000000000000000
110110011100010001111011111111000100000000000000000000000000000000000000000000000000000000000000
111001011001110111011101101111010111000000000000000000000000000000000000000000000000000000000000
010000011100111111111000100011011001000000000000000000000000000000000000000000000000000000000000
111001000101010000111100100101100011000000000000000000000000000000000000000000000000000000000000
101110100110001110011111111000011111000000000000000000000000000000000000000000000000000000000000
000111100001100100001100010000101000000000000000000000000000000000000000000000000000000000000000
001001010000110110101011111001101011000000000000000000000000000000000000000000000000000000000000
011001101001011011010100100011000010000000000000000000000000000000000000000000000000000000000000
101011100100110001000110010100101011000000000000000000000000000000000000000000000000000000000000
011010011101001000010000110101010100000000000000000000000000000000000000000000000000000000000000
101101101111001101101001110011110111000000000000000000000000000000000000000000000000000000000000
110111010001110111001010000000000111000000000000000000000000000000000000000000000000000000000000
111010101110100011111100011110001110000000000000000000000000000000000000000000000000000000000000
011000011101010010010100111111000110000000000000000000000000000000000000000000000000000000000000
111011000011110000010001111110101111000000000000000000000000000000000000000000000000000000000000
100110001111010110010110110011110011000000000000000000000000000000000000000000000000000000000000
100011011110001100000001010100000010000000000000000000000000000000000000000000000000000000000000
011110011001100110101001011001100110000000000000000000000000000000000000000000000000000000000000
011100001110101000011111110100011111000000000000000000000000000000000000000000000000000000000000
110101000000111110100101101000000010000000000000000000000000000000000000000000000000000000000000
000100010001010001101010011101100110000000000000000000000000000000000000000000000000000000000000
000100101011111001010110110001100000000000000000000000000000000000000000000000000000000000000000
010001011011101101000111110011001110000000000000000000000000000000000000000000000000000000000000
000001000001100110100110100100001100000000000000000000000000000000000000000000000000000000000000
010011001101110010111010111000000011000000000000000000000000000000000000000000000000000000000000
011001000101011100101001100101000011000000000000000000000000000000000000000000000000000000000000
100001000001111011011011100101100011000000000000000000000000000000000000000000000000000000000000
100111010000010010000111100100110101000000000000000000000000000000000000000000000000000000000000
010011000011101010000100100100100111000000000000000000000000000000000000000000000000000000000000
101001111110111001111111001001100111000000000000000000000000000000000000000000000000000000000000
100001110001111100110001001010011011000000000000000000000000000000000000000000000000000000000000
101011110111100110101101011111000001000000000000000000000000000000000000000000000000000000000000
111100101100011111001101011110000111000000000000000000000000000000000000000000000000000000000000
111001001110000111110110111111110010000000000000000000000000000000000000000000000000000000000000
111010010110010101100101110101000111000000000000000000000000000000000000000000000000000000000000
100110110101100101001010110111010110000000000000000000000000000000000000000000000000000000000000
010010010011010100100110011011110111000000000000000000000000000000000000000000000000000000000000
111100010101000111111001001000000001000000000000000000000000000000000000000000000000000000000000
011000001001111100110111010100001001000000000000000000000000000000000000000000000000000000000000
011100001011110000111111011011111110000000000000000000000000000000000000000000000000000000000000
111011101101000101001011100100011000000000000000000000000000000000000000000000000000000000000000
101001110000110001110010100010110011000000000000000000000000000000000000000000000000000000000000
101010010111111000000111101101001010000000000000000000000000000000000000000000000000000000000000
111001011100100010000010100001001111000000000000000000000000000000000000000000000000000000000000
110001100010011010110000101100111000000000000000000000000000000000000000000000000000000000000000
111111111000101011110100101111000001000000000000000000000000000000000000000000000000000000000000
010100111111011000110101111001101101000000000000000000000000000000000000000000000000000000000000
100001000001010000001001000111000111000000000000000000000000000000000000000000000000000000000000
001101111111001100001001001001011011000000000000000000000000000000000000000000000000000000000000
001100110101011001110010101000111100000000000000000000000000000000000000000000000000000000000000
101110000000011111010000111011000101000000000000000000000000000000000000000000000000000000000000
010101000001101111001001100111111111000000000000000000000000000000000000000000000000000000000000
011111110101111001111001000011010000000000000000000000000000000000000000000000000000000000000000
011001110011110011000100010110110100000000000000000000000000000000000000000000000000000000000000
011111110111110111110001000111101000000000000000000000000000000000000000000000000000000000000000
000000110000100000000100101111111011000000000000000000000000000000000000000000000000000000000000
111000100000111110111010110110100100000000000000000000000000000000000000000000000000000000000000
011100100000110001011000100000100000000000000000000000000000000000000000000000000000000000000000
101000000110111011010100010000101011000000000000000000000000000000000000000000000000000000000000
010111111111111110001100110000011000000000000000000000000000000000000000000000000000000000000000
110011010000110111010110101011100001000000000000000000000000000000000000000000000000000000000000
000100101000000101101011110010011001000000000000000000000000000000000000000000000000000000000000
001100100010111110001011110010110001000000000000000000000000000000000000000000000000000000000000
110111101000110000001100100100001011000000000000000000000000000000000000000000000000000000000000
001001101100101000111111111010101111000000000000000000000000000000000000000000000000000000000000
001111011100100011000110111011011101000000000000000000000000000000000000000000000000000000000000
100010000011110110101100101111000110000000000000000000000000000000000000000000000000000000000000
101111111100001101010110011100011100000000000000000000000000000000000000000000000000000000000000
000001000011001101101100101111111000000000000000000000000000000000000000000000000000000000000000
100011001111100110000000001011100000000000000000000000000000000000000000000000000000000000000000
010001110001011011111011100000011010000000000000000000000000000000000000000000000000000000000000
011000000000000111111100010101100111000000000000000000000000000000000000000000000000000000000000
010101010101101011110011010001001111000000000000000000000000000000000000000000000000000000000000
011111010111011000100000000011111010000000000000000000000000000000000000000000000000000000000000
010101111100100000101001101100100100000000000000000000000000000000000000000000000000000000000000
000001000000010110111111001100100111000000000000000000000000000000000000000000000000000000000000
000000110000000111011101000010101001000000000000000000000000000000000000000000000000000000000000
000101010011000010100101101001000000000000000000000000000000000000000000000000000000000000000000
100101010100111011101110110011000110000000000000000000000000000000000000000000000000000000000000
111011110000010010001100010001011010000000000000000000000000000000000000000000000000000000000000
000001001101100101000101101110010110000000000000000000000000000000000000000000000000000000000000
010001100110110110011110000111010100000000000000000000000000000000000000000000000000000000000000
010000010110101001011101000111111001000000000000000000000000000000000000000000000000000000000000
100101110110101001001011010011010111000000000000000000000000000000000000000000000000000000000000
100011001001011011010011000011011010000000000000000000000000000000000000000000000000000000000000
011001111100101010011101010100011110000000000000000000000000000000000000000000000000000000000000
011010110011001111100011000001010100000000000000000000000000000000000000000000000000000000000000
110101000000111000000110100100101100000000000000000000000000000000000000000000000000000000000000
101111101110111010101000000111100101000000000000000000000000000000000000000000000000000000000000
010101111110111111111001011100001101000000000000000000000000000000000000000000000000000000000000
100001010100001111100100110101011110000000000000000000000000000000000000000000000000000000000000
010011011001000111000010110100000101000000000000000000000000000000000000000000000000000000000000
010111001011011011101010000010001011000000000000000000000000000000000000000000000000000000000000
001110101110010101001101000011011100000000000000000000000000000000000000000000000000000000000000
110101010011100100001110011000011101000000000000000000000000000000000000000000000000000000000000
101101101101100011010100100001000111000000000000000000000000000000000000000000000000000000000000
001110000100011111011000110010100101000000000000000000000000000000000000000000000000000000000000
110000000111101110000100000110000010000000000000000000000000000000000000000000000000000000000000
110111001000100110101111101000111111000000000000000000000000000000000000000000000000000000000000
100010100001000011010001010001111111000000000000000000000000000000000000000000000000000000000000
110111000001001111101101101101110110000000000000000000000000000000000000000000000000000000000000
010000110101010000011001110100010000000000000000000000000000000000000000000000000000000000000000
010100000011100010000000101111011001000000000000000000000000000000000000000000000000000000000000
100000111110010111010110100001001111000000000000000000000000000000000000000000000000000000000000
001100111001111011100100110000000110000000000000000000000000000000000000000000000000000000000000
011000000100100100010001011110101011000000000000000000000000000000000000000000000000000000000000
000110111000100000100110001110100011000000000000000000000000000000000000000000000000000000000000
010011110001011111101111111111000111000000000000000000000000000000000000000000000000000000000000
000101001111111111000011101110011101000000000000000000000000000000000000000000000000000000000000
011111110011100110110001100100100010000000000000000000000000000000000000000000000000000000000000
110011001110111010101001100111001000000000000000000000000000000000000000000000000000000000000000
101101100000001001010100010010101101000000000000000000000000000000000000000000000000000000000000
001100111010100111111111000101111001000000000000000000000000000000000000000000000000000000000000
001010001110000110101011011011100011000000000000000000000000000000000000000000000000000000000000
011111010100000001011010100000101100000000000000000000000000000000000000000000000000000000000000
101111111010000111001111100000110000000000000000000000000000000000000000000000000000000000000000
111000000000011011010100101011101110000000000000000000000000000000000000000000000000000000000000
100111010101101000011010011101010011000000000000000000000000000000000000000000000000000000000000
000010011100111101011001100000111111000000000000000000000000000000000000000000000000000000000000
111011101001101001110110001110110011000000000000000000000000000000000000000000000000000000000000
000111011010111101101011010010011101000000000000000000000000000000000000000000000000000000000000
101110111001111101000111010101101010000000000000000000000000000000000000000000000000000000000000
110100001010110001110101001111110001000000000000000000000000000000000000000000000000000000000000
111010011000110101000000101001010110000000000000000000000000000000000000000000000000000000000000
011101001010001110000100100001111000000000000000000000000000000000000000000000000000000000000000
111110011101101001111111000001110001000000000000000000000000000000000000000000000000000000000000
100110000111100101001111010010000000000000000000000000000000000000000000000000000000000000000000
101111010111101111011110101110000001000000000000000000000000000000000000000000000000000000000000
110101100101111100101001010100111111000000000000000000000000000000000000000000000000000000000000
000001111110001111001010001100010101000000000000000000000000000000000000000000000000000000000000
101000011011000110011010011110100001000000000000000000000000000000000000000000000000000000000000
010010101010100110100010000010101100000000000000000000000000000000000000000000000000000000000000
100111011011001011010000111111010000000000000000000000000000000000000000000000000000000000000000
000110100101100101001110110011111010000000000000000000000000000000000000000000000000000000000000
101000000001100111001000010011100000000000000000000000000000000000000000000000000000000000000000
000011000001101010111101110011101000000000000000000000000000000000000000000000000000000000000000
001110000000010010011000011011100001000000000000000000000000000000000000000000000000000000000000
111101100000001100110011111100011000000000000000000000000000000000000000000000000000000000000000
010110101010101000011011001110111111000000000000000000000000000000000000000000000000000000000000
111000011100101000110001111011100100000000000000000000000000000000000000000000000000000000000000
111100001000111100011111000001000010000000000000000000000000000000000000000000000000000000000000
111100010001101000110010011100000100000000000000000000000000000000000000000000000000000000000000
100110010101000110111100101101001011000000000000000000000000000000000000000000000000000000000000
010001110010001101010110100110101101000000000000000000000000000000000000000000000000000000000000
010111100110011110101001110110111011000000000000000000000000000000000000000000000000000000000000
101010111011110000110010111111011111000000000000000000000000000000000000000000000000000000000000
100100100100101111010111000110101010000000000000000000000000000000000000000000000000000000000000
001010111100110010001010100110111101000000000000000000000000000000000000000000000000000000000000
001100110000000010101010111001000000000000000000000000000000000000000000000000000000000000000000
110100110010001001001011000101110100000000000000000000000000000000000000000000000000000000000000
001111001001000101100101111000100111000000000000000000000000000000000000000000000000000000000000
001100111011111011000011000100101011000000000000000000000000000000000000000000000000000000000000
101101000000100010110000001010110100000000000000000000000000000000000000000000000000000000000000
100110001000010100010100000101110110000000000000000000000000000000000000000000000000000000000000
010010101100000101101110001111000011000000000000000000000000000000000000000000000000000000000000
101011111101110111101001101000011110000000000000000000000000000000000000000000000000000000000000
110110001001010100000110110010101101000000000000000000000000000000000000000000000000000000000000
101100101011010110110000110001100101000000000000000000000000000000000000000000000000000000000000
101111101010000100001100101101000001000000000000000000000000000000000000000000000000000000000000
100110001100110010100100000101000110000000000000000000000000000000000000000000000000000000000000
100000110111100110101111010001010001000000000000000000000000000000000000000000000000000000000000
100011001100000111111001101111100100000000000000000000000000000000000000000000000000000000000000
100101110000101010101001010011001110000000000000000000000000000000000000000000000000000000000000
000011001100101111001010111101000010000000000000000000000000000000000000000000000000000000000000
101010011111000110101111001101111010000000000000000000000000000000000000000000000000000000000000
001001100011101100001001100000010110000000000000000000000000000000000000000000000000000000000000
011111011010010001011001110110111101000000000000000000000000000000000000000000000000000000000000
000100011101001011111101110011000001000000000000000000000000000000000000000000000000000000000000
110001011011001011100000001110010001000000000000000000000000000000000000000000000000000000000000
011111011111010010011001001001010011000000000000000000000000000000000000000000000000000000000000
001101001100001001100100101111011101000000000000000000000000000000000000000000000000000000000000
111100001110000000110000011001001100000000000000000000000000000000000000000000000000000000000000
010100101111011110011110110111011011000000000000000000000000000000000000000000000000000000000000
101001000000101010110000001101110001000000000000000000000000000000000000000000000000000000000000
000001100000011010010100000100100110000000000000000000000000000000000000000000000000000000000000
000101001100111101001110001000110011000000000000000000000000000000000000000000000000000000000000
101000001100100011011000100010010010000000000000000000000000000000000000000000000000000000000000
010011110011010011111011011111000110000000000000000000000000000000000000000000000000000000000000
000010011001010111001110000001001001000000000000000000000000000000000000000000000000000000000000
000111100110001111011010011011010110000000000000000000000000000000000000000000000000000000000000
101111011100100000110000001101001010000000000000000000000000000000000000000000000000000000000000
111110110110000100100011001001011001000000000000000000000000000000000000000000000000000000000000
011101000111111000011100000100101100000000000000000000000000000000000000000000000000000000000000
011111110000100011101000110010111011000000000000000000000000000000000000000000000000000000000000
101110110010111010110101001010101010000000000000000000000000000000000000000000000000000000000000
111010001111111111111000101110011111000000000000000000000000000000000000000000000000000000000000
110101101110111111001100111000100110000000000000000000000000000000000000000000000000000000000000
100111001100001101000100001111110011000000000000000000000000000000000000000000000000000000000000
100101010100010000110101110100111100000000000000000000000000000000000000000000000000000000000000
100001101101111101011110100110011100000000000000000000000000000000000000000000000000000000000000
110111000001000100100110001111100000000000000000000000000000000000000000000000000000000000000000
011000001110010110111001100100010110000000000000000000000000000000000000000000000000000000000000
101100000100000111110110111000111011000000000000000000000000000000000000000000000000000000000000
011000000101011011010100110110110011000000000000000000000000000000000000000000000000000000000000
010101101000011110110011110111101000000000000000000000000000000000000000000000000000000000000000
000110110101000111111010000011111011000000000000000000000000000000000000000000000000000000000000
110010010101011110001011000111001111000000000000000000000000000000000000000000000000000000000000
000100111100011100000000001010100011000000000000000000000000000000000000000000000000000000000000
011000000110000110110001011011001011000000000000000000000000000000000000000000000000000000000000
000100001010110011010011101101001100000000000000000000000000000000000000000000000000000000000000
000001100011110101110001111011011001000000000000000000000000000000000000000000000000000000000000
111011110101100000011011011100001110000000000000000000000000000000000000000000000000000000000000
011001111011001001000100100101011111000000000000000000000000000000000000000000000000000000000000
111110111100100100010010011001010110000000000000000000000000000000000000000000000000000000000000
111101111001110011010101101101000100000000000000000000000000000000000000000000000000000000000000
010110100010010101001110000001010111000000000000000000000000000000000000000000000000000000000000
100000101111010010001111111000100001000000000000000000000000000000000000000000000000000000000000
001001110000000111101111110010000100000000000000000000000000000000000000000000000000000000000000
101100010101110000001101000010101100000000000000000000000000000000000000000000000000000000000000
000111000011000111010000100101001110000000000000000000000000000000000000000000000000000000000000
110110101010011010101001100010011100000000000000000000000000000000000000000000000000000000000000
111111110110101110011111011101011101000000000000000000000000000000000000000000000000000000000000
101011111001111000000011111010001100000000000000000000000000000000000000000000000000000000000000
000110011100001010000100100001010101000000000000000000000000000000000000000000000000000000000000
011110110000010101101000100110110110000000000000000000000000000000000000000000000000000000000000
111010100101110010001001000101000101000000000000000000000000000000000000000000000000000000000000
100101010110011101101100011010011010000000000000000000000000000000000000000000000000000000000000
101001101101101010101011110011011011000000000000000000000000000000000000000000000000000000000000
001111100111101101100111001010000111000000000000000000000000000000000000000000000000000000000000
011111010010011111011100110111110100000000000000000000000000000000000000000000000000000000000000
011011000110111000000010010111001101000000000000000000000000000000000000000000000000000000000000
000010001100001011001000111111100001000000000000000000000000000000000000000000000000000000000000
111011100111100110011000010110010000000000000000000000000000000000000000000000000000000000000000
000111101010100010100010000001110001000000000000000000000000000000000000000000000000000000000000
001001111110110100101011111010100000000000000000000000000000000000000000000000000000000000000000
001100011100100101100010010101101001000000000000000000000000000000000000000000000000000000000000
011100110001111000001100100111100101000000000000000000000000000000000000000000000000000000000000
100111111101000110100111111101000110000000000000000000000000000000000000000000000000000000000000
010001000011110000000111110100111110000000000000000000000000000000000000000000000000000000000000
011000010001100001101110110001001011000000000000000000000000000000000000000000000000000000000000
011111000110011001000100010101000001000000000000000000000000000000000000000000000000000000000000
100001011100010011011110100011010111000000000000000000000000000000000000000000000000000000000000
101010001011111111110001000011000101000000000000000000000000000000000000000000000000000000000000
001100100000011000011011100011010011000000000000000000000000000000000000000000000000000000000000
000001101011100110000010010011010100000000000000000000000000000000000000000000000000000000000000
000110010010011000011000010100101110000000000000000000000000000000000000000000000000000000000000
111111010111011001100111111101100001000000000000000000000000000000000000000000000000000000000000
100010010111010111011000101101011101000000000000000000000000000000000000000000000000000000000000
101001111001100001011100001111011010000000000000000000000000000000000000000000000000000000000000
111000011001011101010111010110110001000000000000000000000000000000000000000000000000000000000000
010100110001100000001010101100101000000000000000000000000000000000000000000000000000000000000000
111110111010100101000101011100000010000000000000000000000000000000000000000000000000000000000000
010000011010001010000011010001110000000000000000000000000000000000000000000000000000000000000000
000000010011110001101101111100110100000000000000000000000000000000000000000000000000000000000000
001010010001001000000111001110110111000000000000000000000000000000000000000000000000000000000000
010101001100001110001101000101100110000000000000000000000000000000000000000000000000000000000000
000101110100000110110101000011011101000000000000000000000000000000000000000000000000000000000000
100001000111010100000000111001101000000000000000000000000000000000000000000000000000000000000000
111001100100000001100111011001110100000000000000000000000000000000000000000000000000000000000000
101111100110000110000000010001011101000000000000000000000000000000000000000000000000000000000000
011001000000000111000100110101111101000000000000000000000000000000000000000000000000000000000000
101000101011101100010100101000101110000000000000000000000000000000000000000000000000000000000000
101011110001101000010001110011000110000000000000000000000000000000000000000000000000000000000000
001001100110010001000101101011011100000000000000000000000000000000000000000000000000000000000000
001110111011010111110011001111101101000000000000000000000000000000000000000000000000000000000000
001011111000101100000101010000011001000000000000000000000000000000000000000000000000000000000000
000000001001101000111100011001010011000000000000000000000000000000000000000000000000000000000000
010011010010101010110110010000000100000000000000000000000000000000000000000000000000000000000000
001101000111001101000010011011100001000000000000000000000000000000000000000000000000000000000000
100010101000011101011000111100000011000000000000000000000000000000000000000000000000000000000000
010110010010101111010001100100000010000000000000000000000000000000000000000000000000000000000000
011110000111111111101101111111111100000000000000000000000000000000000000000000000000000000000000
000100000010011000011110101101010010000000000000000000000000000000000000000000000000000000000000
011011000110111010111001101001101100000000000000000000000000000000000000000000000000000000000000
100100100111000100101100010010001111000000000000000000000000000000000000000000000000000000000000
010101100011111101010110010010011000000000000000000000000000000000000000000000000000000000000000
001010010101000110001001101000001110000000000000000000000000000000000000000000000000000000000000
100100100010011110101110100111111010000000000000000000000000000000000000000000000000000000000000
101011111101010110010000110010000111000000000000000000000000000000000000000000000000000000000000
000101010011110000111011010001000110000000000000000000000000000000000000000000000000000000000000
000011010010100101001000001110110101000000000000000000000000000000000000000000000000000000000000
011111010000001110110100001101010100000000000000000000000000000000000000000000000000000000000000
001011001111101000000101001101111001000000000000000000000000000000000000000000000000000000000000
110010010001101011101001000011001001000000000000000000000000000000000000000000000000000000000000
010110011000100010100000010111010000000000000000000000000000000000000000000000000000000000000000
011100101000100101100111110010110101000000000000000000000000000000000000000000000000000000000000
110111000001100101010110101010110101000000000000000000000000000000000000000000000000000000000000
011100010011001000101101100101101011000000000000000000000000000000000000000000000000000000000000
111010001000010001110111001110101100000000000000000000000000000000000000000000000000000000000000
100110000111010110011111001001111111000000000000000000000000000000000000000000000000000000000000
001010111001101001010111000000111101000000000000000000000000000000000000000000000000000000000000
001111010111011000000111110010001000000000000000000000000000000000000000000000000000000000000000
110110100011101110001011101010110110000000000000000000000000000000000000000000000000000000000000
000101010001101010000110001110111111000000000000000000000000000000000000000000000000000000000000
101111110011100111101011000010000010000000000000000000000000000000000000000000000000000000000000
011111101110100010010100000111011110000000000000000000000000000000000000000000000000000000000000
111010110011001000110110101001011100000000000000000000000000000000000000000000000000000000000000
011110100011001001010011010111100101000000000000000000000000000000000000000000000000000000000000
001011100111011001101100001101101000000000000000000000000000000000000000000000000000000000000000
111010011111110001100100101110100111000000000000000000000000000000000000000000000000000000000000
101100011101110100101010101011001011000000000000000000000000000000000000000000000000000000000000
111000010101010110011001111010010100000000000000000000000000000000000000000000000000000000000000
001010010110111000011100100110010110000000000000000000000000000000000000000000000000000000000000
010011001001101110011100101011100100000000000000000000000000000000000000000000000000000000000000
101110110101011101000011001111110101000000000000000000000000000000000000000000000000000000000000
100011010001100110110010100011010111000000000000000000000000000000000000000000000000000000000000
111001001110101000011010011110011011000000000000000000000000000000000000000000000000000000000000
000100000101001001000000110100100000000000000000000000000000000000000000000000000000000000000000
100111100011010010011001111011111101000000000000000000000000000000000000000000000000000000000000
111101110111110000110001111101011101000000000000000000000000000000000000000000000000000000000000
100101100110111001111011000110001111000000000000000000000000000000000000000000000000000000000000
010110100111001100010110110111101000000000000000000000000000000000000000000000000000000000000000
000011101110010111110101101010110001000000000000000000000000000000000000000000000000000000000000
110000011001010010000000001100110100000000000000000000000000000000000000000000000000000000000000
111100110011110101110111000100100000000000000000000000000000000000000000000000000000000000000000
110110010110000100111010111001000001000000000000000000000000000000000000000000000000000000000000
010111100000111110110011110000110111000000000000000000000000000000000000000000000000000000000000
011011000111111101001111100100000100000000000000000000000000000000000000000000000000000000000000
111001111111110110100001011000001110000000000000000000000000000000000000000000000000000000000000
010101110000000001111001111000011110000000000000000000000000000000000000000000000000000000000000
100001011100011111011001011010000100000000000000000000000000000000000000000000000000000000000000
111110001001100000110110000111101101000000000000000000000000000000000000000000000000000000000000
101101110001011110110001011000101010000000000000000000000000000000000000000000000000000000000000
110100111011111100100010001000011110000000000000000000000000000000000000000000000000000000000000
011111111000100011100000101011111100000000000000000000000000000000000000000000000000000000000000
010001000100101100100000010101110100000000000000000000000000000000000000000000000000000000000000
111110111101010010100011110110010001000000000000000000000000000000000000000000000000000000000000
111100010111010110101100101101001100000000000000000000000000000000000000000000000000000000000000
010011101010001100010101101001011101000000000000000000000000000000000000000000000000000000000000
101101101010000011101111011011001001000000000000000000000000000000000000000000000000000000000000
101100000011010111011010011111100111000000000000000000000000000000000000000000000000000000000000
000000111001111001001011110000101111000000000000000000000000000000000000000000000000000000000000
000001010101101010010111011110101010000000000000000000000000000000000000000000000000000000000000
111011011110011011001111100111111001000000000000000000000000000000000000000000000000000000000000
110101010011101101100010101010011100000000000000000000000000000000000000000000000000000000000000
011111000100001000110011110000110010000000000000000000000000000000000000000000000000000000000000
110111111010001010101000100111010100000000000000000000000000000000000000000000000000000000000000
110001010111100010100011111011101011000000000000000000000000000000000000000000000000000000000000
000100100000010010111100011010011010000000000000000000000000000000000000000000000000000000000000
001001110010010000000100110110110110000000000000000000000000000000000000000000000000000000000000
100001000000000000111111111101010010000000000000000000000000000000000000000000000000000000000000
011000101011010111000111111100011101000000000000000000000000000000000000000000000000000000000000
011001011101101110101011110111110111000000000000000000000000000000000000000000000000000000000000
111111000001110101110111111001001111000000000000000000000000000000000000000000000000000000000000
000001011000010011101110110101100100000000000000000000000000000000000000000000000000000000000000
111010100111100110010010001010110101000000000000000000000000000000000000000000000000000000000000
101011101111101010001111000000111111000000000000000000000000000000000000000000000000000000000000
001010101101110110001011011000110101000000000000000000000000000000000000000000000000000000000000
010001111100111101101001010111110011000000000000000000000000000000000000000000000000000000000000
111001111011110111100011011000101000000000000000000000000000000000000000000000000000000000000000
110110001110010010100000110001011100000000000000000000000000000000000000000000000000000000000000
000010010101000110101011010100100010000000000000000000000000000000000000000000000000000000000000
110000101001010100110101010100111111000000000000000000000000000000000000000000000000000000000000
101001111010001010011101101101011001000000000000000000000000000000000000000000000000000000000000
101100010111101111001111110010011010000000000000000000000000000000000000000000000000000000000000
101010001010000000110101101111011011000000000000000000000000000000000000000000000000000000000000
100111111111000101110100000001111101000000000000000000000000000000000000000000000000000000000000
011001101011110011000000001010001001000000000000000000000000000000000000000000000000000000000000
001011010001110100110100100001011100000000000000000000000000000000000000000000000000000000000000
111010110001100011001111111000111101000000000000000000000000000000000000000000000000000000000000
110000011100110000000111001001110111000000000000000000000000000000000000000000000000000000000000
110010101100111000011000001111100001000000000000000000000000000000000000000000000000000000000000
010100111101101010111010010000100101000000000000000000000000000000000000000000000000000000000000
110110100101010001000111110101010000000000000000000000000000000000000000000000000000000000000000
001110110000000001100101101000111111000000000000000000000000000000000000000000000000000000000000
100001000100011110001101100011010010000000000000000000000000000000000000000000000000000000000000
110100001011001001010101010001010110000000000000000000000000000000000000000000000000000000000000
010110010101010110000011101101100010000000000000000000000000000000000000000000000000000000000000
001001001001010001001100011110111010000000000000000000000000000000000000000000000000000000000000
111100111011000010111111101000010011000000000000000000000000000000000000000000000000000000000000
010011110100101001100010010101100000000000000000000000000000000000000000000000000000000000000000
000001101001110010010101010001110010000000000000000000000000000000000000000000000000000000000000
001100100110011010110101011000001001000000000000000000000000000000000000000000000000000000000000
000110011100010100110000000111011000000000000000000000000000000000000000000000000000000000000000
101011011011101000110000000000100011000000000000000000000000000000000000000000000000000000000000
110001011101011010110011100101100011000000000000000000000000000000000000000000000000000000000000
010011101010000101000010110011101000000000000000000000000000000000000000000000000000000000000000
100110110111000110000111111100011001000000000000000000000000000000000000000000000000000000000000
010000111110101010011111110010111100000000000000000000000000000000000000000000000000000000000000
110101101100010001110100100111011001000000000000000000000000000000000000000000000000000000000000
100101110111100000011011000110001011000000000000000000000000000000000000000000000000000000000000
001001110111110000101001111010000001000000000000000000000000000000000000000000000000000000000000
011101110110100011011101011010001010000000000000000000000000000000000000000000000000000000000000
010010011111011100000001101111010101000000000000000000000000000000000000000000000000000000000000
001101101011010101100101100000001000000000000000000000000000000000000000000000000000000000000000
110100101101010001011111001000011001000000000000000000000000000000000000000000000000000000000000
000100010111010010011000011100011001000000000000000000000000000000000000000000000000000000000000
100000110011101001111010100111101101000000000000000000000000000000000000000000000000000000000000
111110101100001011111100110100001010000000000000000000000000000000000000000000000000000000000000
011100010111111100111001100011110101000000000000000000000000000000000000000000000000000000000000
110111101010101001111011111001011000000000000000000000000000000000000000000000000000000000000000
111001111001000101000000000000111011000000000000000000000000000000000000000000000000000000000000
011101011101101110010101011101010110000000000000000000000000000000000000000000000000000000000000
111001001001100000000100110010001000000000000000000000000000000000000000000000000000000000000000
010000111000100011010110000010101011000000000000000000000000000000000000000000000000000000000000
101100001100101000111100100111100100000000000000000000000000000000000000000000000000000000000000
111100111001101100110000010000100110000000000000000000000000000000000000000000000000000000000000
001111010001100000010001101010010100000000000000000000000000000000000000000000000000000000000000
101111101001110011000101000000101101000000000000000000000000000000000000000000000000000000000000
010100110110011001100101101011101000000000000000000000000000000000000000000000000000000000000000
110111100101111001001000101100100011000000000000000000000000000000000000000000000000000000000000
111110110001101110001011101001111100000000000000000000000000000000000000000000000000000000000000
000011100011110010111001011111100000000000000000000000000000000000000000000000000000000000000000
111000001001010000000101010000010001000000000000000000000000000000000000000000000000000000000000
010000001110110100111110110011011010000000000000000000000000000000000000000000000000000000000000
100110100100101010111000011111100011000000000000000000000000000000000000000000000000000000000000
011000111001000011101100000000001010000000000000000000000000000000000000000000000000000000000000
000000001111111001111100111011001000000000000000000000000000000000000000000000000000000000000000
011101110110000000110000110011100110000000000000000000000000000000000000000000000000000000000000
010011111100001100000110011110011001000000000000000000000000000000000000000000000000000000000000
010110101010110111001011111101011111000000000000000000000000000000000000000000000000000000000000
011101011001110011111011110101001110000000000000000000000000000000000000000000000000000000000000
011010100011010001001100110011010000000000000000000000000000000000000000000000000000000000000000
011000000000100000111011100111110001000000000000000000000000000000000000000000000000000000000000
100011011100001100110010111100101010000000000000000000000000000000000000000000000000000000000000
010010010011101010001101011011111010000000000000000000000000000000000000000000000000000000000000
100100100101011010100101110000101111000000000000000000000000000000000000000000000000000000000000
010111111010111101010010111000111000000000000000000000000000000000000000000000000000000000000000
001001010101100101010000100111000010000000000000000000000000000000000000000000000000000000000000
011101011110011000100111001011010000000000000000000000000000000000000000000000000000000000000000
000110000101011101010111101101101111000000000000000000000000000000000000000000000000000000000000
010110110011100110101100100110111110000000000000000000000000000000000000000000000000000000000000
010100100010011101001110111110000010000000000000000000000000000000000000000000000000000000000000
111101011011000011110000111111011111000000000000000000000000000000000000000000000000000000000000
110000000001010101000101011011010111000000000000000000000000000000000000000000000000000000000000
110101011001100100000001011101000011000000000000000000000000000000000000000000000000000000000000
111001010000010100100101110110001001000000000000000000000000000000000000000000000000000000000000
010101001000101110100011110101011101000000000000000000000000000000000000000000000000000000000000
110000000110101001001110110110100010000000000000000000000000000000000000000000000000000000000000
011111110100101001111100101111000110000000000000000000000000000000000000000000000000000000000000
110010001011111111100110011111101110000000000000000000000000000000000000000000000000000000000000
010111000111111100111011010011101100000000000000000000000000000000000000000000000000000000000000
101101001101101011101110110011010011000000000000000000000000000000000000000000000000000000000000
001000011111111000000010010101000101000000000000000000000000000000000000000000000000000000000000
110011111010011101110111111101100111000000000000000000000000000000000000000000000000000000000000
110100000110101001000110011010001000000000000000000000000000000000000000000000000000000000000000
000001001010000011111001110011011010000000000000000000000000000000000000000000000000000000000000
101110001100111110011111110011111100000000000000000000000000000000000000000000000000000000000000
100110100111111101001110001011100010000000000000000000000000000000000000000000000000000000000000
010000111011001111101011100010111101000000000000000000000000000000000000000000000000000000000000
001100001010001011001100101101000001000000000000000000000000000000000000000000000000000000000000
100000001110010011101011110110100000000000000000000000000000000000000000000000000000000000000000
101001000100000000100000001000101011000000000000000000000000000000000000000000000000000000000000
111111110010010110110111100101100010000000000000000000000000000000000000000000000000000000000000
000000010011000111110011110111101001000000000000000000000000000000000000000000000000000000000000
100001111010101111011010100101111000000000000000000000000000000000000000000000000000000000000000
110111100111110111000100010101110011000000000000000000000000000000000000000000000000000000000000
111010110011010110000111001010101001000000000000000000000000000000000000000000000000000000000000
010101110101001000000011001001101001000000000000000000000000000000000000000000000000000000000000
010010001101110000000101000100110111000000000000000000000000000000000000000000000000000000000000
011010110000110101111011100100011011000000000000000000000000000000000000000000000000000000000000
011010101111101011100000111010100001000000000000000000000000000000000000000000000000000000000000
110001111110100100110011011000110010000000000000000000000000000000000000000000000000000000000000
000011001000000101101111000001111011000000000000000000000000000000000000000000000000000000000000
000001001111000100000001100000110110000000000000000000000000000000000000000000000000000000000000
011000111111101111100011101110101100000000000000000000000000000000000000000000000000000000000000
100000111101010000011101001110111100000000000000000000000000000000000000000000000000000000000000
011010110100110011100001001001011110000000000000000000000000000000000000000000000000000000000000
100000001010010010001011111011100100000000000000000000000000000000000000000000000000000000000000
110111001110011001101001000100110100000000000000000000000000000000000000000000000000000000000000
110110110000010100111000010101111000000000000000000000000000000000000000000000000000000000000000
110011011101111011101011101110011010000000000000000000000000000000000000000000000000000000000000
011011101110001001111011100000011000000000000000000000000000000000000000000000000000000000000000
101000000100000011111100011100101100000000000000000000000000000000000000000000000000000000000000
101011001000101000010111100001011001000000000000000000000000000000000000000000000000000000000000
010100110110011100100110101000110000000000000000000000000000000000000000000000000000000000000000
000110100110110011101011100011110000000000000000000000000000000000000000000000000000000000000000
111010001010010010110100010111010100000000000000000000000000000000000000000000000000000000000000
000011001111010000010001011010110000000000000000000000000000000000000000000000000000000000000000
111011011000101110110101110000011111000000000000000000000000000000000000000000000000000000000000
111001110000000001011001100000110110000000000000000000000000000000000000000000000000000000000000
110010101110011101010011111011101011000000000000000000000000000000000000000000000000000000000000
011110111010100001101011111001110000000000000000000000000000000000000000000000000000000000000000
111011001110000111011001111011001000000000000000000000000000000000000000000000000000000000000000
111110001011111001011010001001001011000000000000000000000000000000000000000000000000000000000000
101110101110000000010010111011110100000000000000000000000000000000000000000000000000000000000000
101100111010011110110000110101001010000000000000000000000000000000000000000000000000000000000000
111101011100000001011111101101001100000000000000000000000000000000000000000000000000000000000000
000111110000000010110010001110011000000000000000000000000000000000000000000000000000000000000000
001011100110100011011111101110101110000000000000000000000000000000000000000000000000000000000000
010000000111000010010000101110011001000000000000000000000000000000000000000000000000000000000000
010010000100010111011110000011010010000000000000000000000000000000000000000000000000000000000000
100110101011001101111110010100100001000000000000000000000000000000000000000000000000000000000000
100001001000010100001110000011110100000000000000000000000000000000000000000000000000000000000000
000001101001001100000011110000111110000000000000000000000000000000000000000000000000000000000000
000011110011110001011011100100101011000000000000000000000000000000000000000000000000000000000000
001011100101011010100000101010001110000000000000000000000000000000000000000000000000000000000000
111101110111111001101110000110101000000000000000000000000000000000000000000000000000000000000000
000111101011110011011001111110100000000000000000000000000000000000000000000000000000000000000000
110101010101011010100010001101000001000000000000000000000000000000000000000000000000000000000000
001101011101010010011110010011011011000000000000000000000000000000000000000000000000000000000000
110011011010111000011101111001001101000000000000000000000000000000000000000000000000000000000000
001000111100101001100101110101100100000000000000000000000000000000000000000000000000000000000000
100000101010000000011100000010111000000000000000000000000000000000000000000000000000000000000000
110110000100001000100000101011110001000000000000000000000000000000000000000000000000000000000000
100011011110101010111101010110011010000000000000000000000000000000000000000000000000000000000000
111100011011110001000111111011100110000000000000000000000000000000000000000000000000000000000000
111010101110111111111001101101000000000000000000000000000000000000000000000000000000000000000000
110101111101011010101000100111100101000000000000000000000000000000000000000000000000000000000000
100100000010011111011001010101101100000000000000000000000000000000000000000000000000000000000000
010111111010111000000101011001100111000000000000000000000000000000000000000000000000000000000000
001001111110100100011010101001111111000000000000000000000000000000000000000000000000000000000000
100011101010100101000000010110100101000000000000000000000000000000000000000000000000000000000000
011000010001101110011101001000000001000000000000000000000000000000000000000000000000000000000000
000010000111011000110111101111100011000000000000000000000000000000000000000000000000000000000000
010011100010101101000001110011101101000000000000000000000000000000000000000000000000000000000000
011010100110111001111010000010010001000000000000000000000000000000000000000000000000000000000000
000001000111010101000101101010111111000000000000000000000000000000000000000000000000000000000000
100000010000011000111000111010000000000000000000000000000000000000000000000000000000000000000000
000001000011111101100111001111000001000000000000000000000000000000000000000000000000000000000000
001010010001101100011101011111101110000000000000000000000000000000000000000000000000000000000000
111110010011001000001110011010101001000000000000000000000000000000000000000000000000000000000000
000101100111011110100110101000000111000000000000000000000000000000000000000000000000000000000000
111001000110100110011100110001001011000000000000000000000000000000000000000000000000000000000000
111100011110101111010001101001010011000000000000000000000000000000000000000000000000000000000000
001000001010010111101010101110100001000000000000000000000000000000000000000000000000000000000000
000111100011110000101001111010101101000000000000000000000000000000000000000000000000000000000000
001011101010011010010110001000110100000000000000000000000000000000000000000000000000000000000000
001101100100111011101110110010010100000000000000000000000000000000000000000000000000000000000000
