101011000010010011110011111010100111000000000000000000000000000000000000000000000000000000000000
010011101000010001010101010010000001000000000000000000000000000000000000000000000000000000000000
111010110011101110101101101111001110000000000000000000000000000000000000000000000000000000000000
000110110011110110000011010010011010000000000000000000000000000000000000000000000000000000000000
101101101100100101100111011011011101000000000000000000000000000000000000000000000000000000000000
010011011111111000010110011010001101000000000000000000000000000000000000000000000000000000000000
001010111000111111101011101001001000000000000000000000000000000000000000000000000000000000000000
001011010001110010111001000100010111000000000000000000000000000000000000000000000000000000000000
111000100001101110110001111111100101000000000000000000000000000000000000000000000000000000000000
010010000111011101011100100110111010000000000000000000000000000000000000000000000000000000000000
111001101111110011100011000101110101000000000000000000000000000000000000000000000000000000000000
110011101011101010010011101011001010000000000000000000000000000000000000000000000000000000000000
010001001000110011000110010100000001000000000000000000000000000000000000000000000000000000000000
010011001010101100100000111001111111000000000000000000000000000000000000000000000000000000000000
001001101100011010001111111001100100000000000000000000000000000000000000000000000000000000000000
100111100000001010011001100100001110000000000000000000000000000000000000000000000000000000000000
101110101011001111101100100011000010000000000000000000000000000000000000000000000000000000000000
111011001011111101011010001000011000000000000000000000000000000000000000000000000000000000000000
001110000110011111110010010011111101000000000000000000000000000000000000000000000000000000000000
000001100101100110010011000110111101000000000000000000000000000000000000000000000000000000000000
110101100000101101010111110100110111000000000000000000000000000000000000000000000000000000000000
000011111011000110000011000100001100000000000000000000000000000000000000000000000000000000000000
011101101100001101010110101101110110000000000000000000000000000000000000000000000000000000000000
000111101000101000110011001011011101000000000000000000000000000000000000000000000000000000000000
100000011110110110110001111101010111000000000000000000000000000000000000000000000000000000000000
011011101000000000101101010110001111000000000000000000000000000000000000000000000000000000000000
110100010001011100101001011100100111000000000000000000000000000000000000000000000000000000000000
100001010100000010000001010110111100000000000000000000000000000000000000000000000000000000000000
011010101111011101011111101010101011000000000000000000000000000000000000000000000000000000000000
001001011001000111101110101101101111000000000000000000000000000000000000000000000000000000000000
010110011000111000010001001001011101000000000000000000000000000000000000000000000000000000000000
101111110000011000110000111101001010000000000000000000000000000000000000000000000000000000000000
110100100001110101101010011011100101000000000000000000000000000000000000000000000000000000000000
010110010000010001000101001101011011000000000000000000000000000000000000000000000000000000000000
110000111101100010001110010110100100000000000000000000000000000000000000000000000000000000000000
000101111000001110110100001101010110000000000000000000000000000000000000000000000000000000000000
111100001101110011000111100111010000000000000000000000000000000000000000000000000000000000000000
010000110001101011000001010101101100000000000000000000000000000000000000000000000000000000000000
001110110010111000101101000001010111000000000000000000000000000000000000000000000000000000000000
100011010001001000011001111101110001000000000000000000000000000000000000000000000000000000000000
011011101011010000000100000011101110000000000000000000000000000000000000000000000000000000000000
111111011010000110000111010111001111000000000000000000000000000000000000000000000000000000000000
100100001100011000000100010110111001000000000000000000000000000000000000000000000000000000000000
111100000101000000101010011110010110000000000000000000000000000000000000000000000000000000000000
111001001110010101011100001101010010000000000000000000000000000000000000000000000000000000000000
100000010110011010100001111110111000000000000000000000000000000000000000000000000000000000000000
101001111101101011001010011011010010000000000000000000000000000000000000000000000000000000000000
110100010100011011111001101110100001000000000000000000000000000000000000000000000000000000000000
010111111000001110001000100100110100000000000000000000000000000000000000000000000000000000000000
000001011011010011100111000110110001000000000000000000000000000000000000000000000000000000000000
010101101010000001111010110000011111000000000000000000000000000000000000000000000000000000000000
110010000111111010111000000011000010000000000000000000000000000000000000000000000000000000000000
101100110010001010000000010110101000000000000000000000000000000000000000000000000000000000000000
011100010110000111100010100101001010000000000000000000000000000000000000000000000000000000000000
110101111001111100101101110111110010000000000000000000000000000000000000000000000000000000000000
001100011110100010010010010110011001000000000000000000000000000000000000000000000000000000000000
010001111100010110111100010110000111000000000000000000000000000000000000000000000000000000000000
011110111011111000000000011001010101000000000000000000000000000000000000000000000000000000000000
001101000011101010100011100100100000000000000000000000000000000000000000000000000000000000000000
110001001110011110011001110001001100000000000000000000000000000000000000000000000000000000000000
111110110011000001010110101001000001000000000000000000000000000000000000000000000000000000000000
000111110001010001010101100011110110000000000000000000000000000000000000000000000000000000000000
000101010100101101010101101111010000000000000000000000000000000000000000000000000000000000000000
001100010010010101111101110000011100000000000000000000000000000000000000000000000000000000000000
100000000010110011111011111110101101000000000000000000000000000000000000000000000000000000000000
010110001010001001010000110110101001000000000000000000000000000000000000000000000000000000000000
100000000110100001110110011001000011000000000000000000000000000000000000000000000000000000000000
011010011101110110111001001010000010000000000000000000000000000000000000000000000000000000000000
000011011010010001001011101101011011000000000000000000000000000000000000000000000000000000000000
000110000001001001000010111000011011000000000000000000000000000000000000000000000000000000000000
001100010011001100100110111010100000000000000000000000000000000000000000000000000000000000000000
110110110001010110101011111000010110000000000000000000000000000000000000000000000000000000000000
111111000011011111001101110100011110000000000000000000000000000000000000000000000000000000000000
001101001011000001000001001010011110000000000000000000000000000000000000000000000000000000000000
100110001011001001011110100100110011000000000000000000000000000000000000000000000000000000000000
011110111111100010010011101011111011000000000000000000000000000000000000000000000000000000000000
100100011110111001101010111001001100000000000000000000000000000000000000000000000000000000000000
000101000011100111000111001010001011000000000000000000000000000000000000000000000000000000000000
101010110101101000111010111000001101000000000000000000000000000000000000000000000000000000000000
111011011100110001001110111101101001000000000000000000000000000000000000000000000000000000000000
010001001101110001011111000011110001000000000000000000000000000000000000000000000000000000000000
101101001100100001000100111100111001000000000000000000000000000000000000000000000000000000000000
001011100011110010010000110101010001000000000000000000000000000000000000000000000000000000000000
100000001001001010110100100111011100000000000000000000000000000000000000000000000000000000000000
011100010010101010100110001010110100000000000000000000000000000000000000000000000000000000000000
110011000111010010001100111000011111000000000000000000000000000000000000000000000000000000000000
111001010001110001000110010010010111000000000000000000000000000000000000000000000000000000000000
110101010100100111010101100101111000000000000000000000000000000000000000000000000000000000000000
001001111000001110110011001101001100000000000000000000000000000000000000000000000000000000000000
011001110100110111010000000110111000000000000000000000000000000000000000000000000000000000000000
111110100100101100011011101010000111000000000000000000000000000000000000000000000000000000000000
001000010001101011000000101100010110000000000000000000000000000000000000000000000000000000000000
000011001101101011000111100001011011000000000000000000000000000000000000000000000000000000000000
101011101101001100011100000111001011000000000000000000000000000000000000000000000000000000000000
010011010001110110111011011101001001000000000000000000000000000000000000000000000000000000000000
111001000001101010110100000101100101000000000000000000000000000000000000000000000000000000000000
001110100011111111111111001010000100000000000000000000000000000000000000000000000000000000000000
001111100101011111111011110101110111000000000000000000000000000000000000000000000000000000000000
001100000001110010010011110011011011000000000000000000000000000000000000000000000000000000000000
100101100100100101011001100000100000000000000000000000000000000000000000000000000000000000000000
010110011110101101000011001011101010000000000000000000000000000000000000000000000000000000000000
101000100101101010001000100111111110000000000000000000000000000000000000000000000000000000000000
010010100000010111111101110111100010000000000000000000000000000000000000000000000000000000000000
001010001110101010011100001000010011000000000000000000000000000000000000000000000000000000000000
110110100110010111001100001111001101000000000000000000000000000000000000000000000000000000000000
001011000101000100101000110001101011000000000000000000000000000000000000000000000000000000000000
111001110011001100101000000101010101000000000000000000000000000000000000000000000000000000000000
000011011101001011111110000111101011000000000000000000000000000000000000000000000000000000000000
010010000101101100000111100011111101000000000000000000000000000000000000000000000000000000000000
000000100110010100010101110000000011000000000000000000000000000000000000000000000000000000000000
100000001011000000111010100011001000000000000000000000000000000000000000000000000000000000000000
000111100001001101111000011111100101000000000000000000000000000000000000000000000000000000000000
010011101100110101100110010100110111000000000000000000000000000000000000000000000000000000000000
111110111011011011110011011101001100000000000000000000000000000000000000000000000000000000000000
111010000101010111000000110010001010000000000000000000000000000000000000000000000000000000000000
001011100001101011111101010010000101000000000000000000000000000000000000000000000000000000000000
110101110111101101000000001010000011000000000000000000000000000000000000000000000000000000000000
110010111011100101111110011000100100000000000000000000000000000000000000000000000000000000000000
010000011001010011001011001000010000000000000000000000000000000000000000000000000000000000000000
011010010100111111111111110100010100000000000000000000000000000000000000000000000000000000000000
110000110100001101101010100100011100000000000000000000000000000000000000000000000000000000000000
000110001011101011000011001110101010000000000000000000000000000000000000000000000000000000000000
101111001100001110011001110110110110000000000000000000000000000000000000000000000000000000000000
010011001000100001110000110110101011000000000000000000000000000000000000000000000000000000000000
111010001010001100110110100011111010000000000000000000000000000000000000000000000000000000000000
110011100100101010111101100001101101000000000000000000000000000000000000000000000000000000000000
101000000111111111011000110001000111000000000000000000000000000000000000000000000000000000000000
000010110101010111000010010100100001000000000000000000000000000000000000000000000000000000000000
001010110011011010011110100110001111000000000000000000000000000000000000000000000000000000000000
011101110110100011101100101001000110000000000000000000000000000000000000000000000000000000000000
100010000100111001100010110001101111000000000000000000000000000000000000000000000000000000000000
101001000110011010001001010001010110000000000000000000000000000000000000000000000000000000000000
010001000000100110100011101011111100000000000000000000000000000000000000000000000000000000000000
111110011010101010011001100110000011000000000000000000000000000000000000000000000000000000000000
010010010001111000001001101001110010000000000000000000000000000000000000000000000000000000000000
110010001010111100111101011111000000000000000000000000000000000000000000000000000000000000000000
010101101000101011000101010100110001000000000000000000000000000000000000000000000000000000000000
001000011110011001000011011011100000000000000000000000000000000000000000000000000000000000000000
110101010011111000011001111011011101000000000000000000000000000000000000000000000000000000000000
101101000111000010110110100010000111000000000000000000000000000000000000000000000000000000000000
111111110011100100111100011011001110000000000000000000000000000000000000000000000000000000000000
111010011001001010000101001010010010000000000000000000000000000000000000000000000000000000000000
011000001100100110001011101000110000000000000000000000000000000000000000000000000000000000000000
011000001000001000111011001100001001000000000000000000000000000000000000000000000000000000000000
100111100100101011001010000011010010000000000000000000000000000000000000000000000000000000000000
001000111100010001010011010010011000000000000000000000000000000000000000000000000000000000000000
110000000001010110000000110010110010000000000000000000000000000000000000000000000000000000000000
011010110010110011101100101010110110000000000000000000000000000000000000000000000000000000000000
001001000111000111110011011100100010000000000000000000000000000000000000000000000000000000000000
111000101011001111111001110110101011000000000000000000000000000000000000000000000000000000000000
100010110001101010011011110101011110000000000000000000000000000000000000000000000000000000000000
011011010000011011100100010010011011000000000000000000000000000000000000000000000000000000000000
011101100011000111111011000000011011000000000000000000000000000000000000000000000000000000000000
011111101001101111100110011010101111000000000000000000000000000000000000000000000000000000000000
010111101010111101101001110011011101000000000000000000000000000000000000000000000000000000000000
001011010101001110100000100010000100000000000000000000000000000000000000000000000000000000000000
111111100101011111001011010110000100000000000000000000000000000000000000000000000000000000000000
011100000100010000001110111011000100000000000000000000000000000000000000000000000000000000000000
011111110100101100001101110010011011000000000000000000000000000000000000000000000000000000000000
111010101111011111111100101111000100000000000000000000000000000000000000000000000000000000000000
000100101000001110001000010101111111000000000000000000000000000000000000000000000000000000000000
010100001101001100110110110011010111000000000000000000000000000000000000000000000000000000000000
010100000111000010000001001110010101000000000000000000000000000000000000000000000000000000000000
010000000111011110001001110100111100000000000000000000000000000000000000000000000000000000000000
100000110000110011110100011101100010000000000000000000000000000000000000000000000000000000000000
010000010011111111111110111111000011000000000000000000000000000000000000000000000000000000000000
110111001010101101110101011110000001000000000000000000000000000000000000000000000000000000000000
010101000110010100100101100000001000000000000000000000000000000000000000000000000000000000000000
100111110001010010001011100000110110000000000000000000000000000000000000000000000000000000000000
101000110011110100111101000100011010000000000000000000000000000000000000000000000000000000000000
111100000101110100000110011101110101000000000000000000000000000000000000000000000000000000000000
101011111000010111101101010111000100000000000000000000000000000000000000000000000000000000000000
110101000100001010011010000000001011000000000000000000000000000000000000000000000000000000000000
100111101100110010000111010101001001000000000000000000000000000000000000000000000000000000000000
011101111101000011110011110101010010000000000000000000000000000000000000000000000000000000000000
011011011101111001110100001111110101000000000000000000000000000000000000000000000000000000000000
001111101111110000000101111010010001000000000000000000000000000000000000000000000000000000000000
100101111111000011011001111011001000000000000000000000000000000000000000000000000000000000000000
110100110110110111100001111110110000000000000000000000000000000000000000000000000000000000000000
011000011101100110001011000000110011000000000000000000000000000000000000000000000000000000000000
101011011110100011010100001100111000000000000000000000000000000000000000000000000000000000000000
011100110011001001111011000101111000000000000000000000000000000000000000000000000000000000000000
000111100011111111010100100100111010000000000000000000000000000000000000000000000000000000000000
100000001000110000000010001111011110000000000000000000000000000000000000000000000000000000000000
101011100101001101011110010110100111000000000000000000000000000000000000000000000000000000000000
100010010110101100100100101011001101000000000000000000000000000000000000000000000000000000000000
011101010100110001101101000111001010000000000000000000000000000000000000000000000000000000000000
001011101100101101100101000010100001000000000000000000000000000000000000000000000000000000000000
011001110100110101011000011110100011000000000000000000000000000000000000000000000000000000000000
001010101010010000010000110000000101000000000000000000000000000000000000000000000000000000000000
101110011111000001000101101011001110000000000000000000000000000000000000000000000000000000000000
100001101110101000001111010011011010000000000000000000000000000000000000000000000000000000000000
001001010111110110101111010111110110000000000000000000000000000000000000000000000000000000000000
001011101000001000100011000111101110000000000000000000000000000000000000000000000000000000000000
010101100010100101000110110101011001000000000000000000000000000000000000000000000000000000000000
001011110100000111101111110111011111000000000000000000000000000000000000000000000000000000000000
111000010110001110101100000101111000000000000000000000000000000000000000000000000000000000000000
111011010110110111101101001001001010000000000000000000000000000000000000000000000000000000000000
001111110001110100111111101100001010000000000000000000000000000000000000000000000000000000000000
000001100101100111010111010000000111000000000000000000000000000000000000000000000000000000000000
111001101001101110110110111000100100000000000000000000000000000000000000000000000000000000000000
001111011011100001111111001001001100000000000000000000000000000000000000000000000000000000000000
010110110110010011000001000110000111000000000000000000000000000000000000000000000000000000000000
001110111011100000101111001111011011000000000000000000000000000000000000000000000000000000000000
000010001001111101001101001000100111000000000000000000000000000000000000000000000000000000000000
010001101001111010110000111011010011000000000000000000000000000000000000000000000000000000000000
111100100100000000000010101010000001000000000000000000000000000000000000000000000000000000000000
001011111111101110101010110111111011000000000000000000000000000000000000000000000000000000000000
101110001101111111010111111000001010000000000000000000000000000000000000000000000000000000000000
111010000100000110010101111100110001000000000000000000000000000000000000000000000000000000000000
100001011010100001000101010110000110000000000000000000000000000000000000000000000000000000000000
000101010010101011001010110101000101000000000000000000000000000000000000000000000000000000000000
100011110000111001010110010111000011000000000000000000000000000000000000000000000000000000000000
011101111011010001110010010111111101000000000000000000000000000000000000000000000000000000000000
100101001101101101100011000100101010000000000000000000000000000000000000000000000000000000000000
110011001001011101011001110001000000000000000000000000000000000000000000000000000000000000000000
111111110111110110001011010000000101000000000000000000000000000000000000000000000000000000000000
001100101000101001000111100110101010000000000000000000000000000000000000000000000000000000000000
111001101110001110111110101100000101000000000000000000000000000000000000000000000000000000000000
110100101100010110001010110101011100000000000000000000000000000000000000000000000000000000000000
110100101010111000101110010000111101000000000000000000000000000000000000000000000000000000000000
111101010011010000000111100110000111000000000000000000000000000000000000000000000000000000000000
101110111001010010100011001011100001000000000000000000000000000000000000000000000000000000000000
101010101110100111110100001101000111000000000000000000000000000000000000000000000000000000000000
011000010110010011010101011001111000000000000000000000000000000000000000000000000000000000000000
100011000010011010100000101010000100000000000000000000000000000000000000000000000000000000000000
111010011101001100110110001111101010000000000000000000000000000000000000000000000000000000000000
100001011110100100101101111111101011000000000000000000000000000000000000000000000000000000000000
100000111111110010000100100100000101000000000000000000000000000000000000000000000000000000000000
110000101100001110111101110101100000000000000000000000000000000000000000000000000000000000000000
000010110000011001111001101000011011000000000000000000000000000000000000000000000000000000000000
000110001110010100101101011110010100000000000000000000000000000000000000000000000000000000000000
101010000001110010011001101101010010000000000000000000000000000000000000000000000000000000000000
001100101001110011101011111000010010000000000000000000000000000000000000000000000000000000000000
000100000111100000000101110101001001000000000000000000000000000000000000000000000000000000000000
000100001100000111010000001100000110000000000000000000000000000000000000000000000000000000000000
010110001111001100110100000100011011000000000000000000000000000000000000000000000000000000000000
010111110000010011001110111110010100000000000000000000000000000000000000000000000000000000000000
110110111001001010000111011010111101000000000000000000000000000000000000000000000000000000000000
000110010000110111111011100111101100000000000000000000000000000000000000000000000000000000000000
110011111000010010011100010001110011000000000000000000000000000000000000000000000000000000000000
001010101010010001010111010101000011000000000000000000000000000000000000000000000000000000000000
001010101110011011111010111101010111000000000000000000000000000000000000000000000000000000000000
001110110100010010011010111011011000000000000000000000000000000000000000000000000000000000000000
101011101000101101000010001100000110000000000000000000000000000000000000000000000000000000000000
010110000111111000111111000110110100000000000000000000000000000000000000000000000000000000000000
111001000011111010001000010011100101000000000000000000000000000000000000000000000000000000000000
110101111011111011001001100111110101000000000000000000000000000000000000000000000000000000000000
100000001001100110010010011100110001000000000000000000000000000000000000000000000000000000000000
011111000011000100001100000101011111000000000000000000000000000000000000000000000000000000000000
101101110100001110100000100010111111000000000000000000000000000000000000000000000000000000000000
010000111010100000111111011101000001000000000000000000000000000000000000000000000000000000000000
000110110001011111111001100111111101000000000000000000000000000000000000000000000000000000000000
010110001000111111000110000010101100000000000000000000000000000000000000000000000000000000000000
111110111000111110011101010001110101000000000000000000000000000000000000000000000000000000000000
111111011100001000010010111010101000000000000000000000000000000000000000000000000000000000000000
001100011001101110001011000011100010000000000000000000000000000000000000000000000000000000000000
011000010000000010010010111011100100000000000000000000000000000000000000000000000000000000000000
100101010111110101010100100110011101000000000000000000000000000000000000000000000000000000000000
011111110100100110110001100011001110000000000000000000000000000000000000000000000000000000000000
000011100001111111100001100001000101000000000000000000000000000000000000000000000000000000000000
000001011010011110001100101000010110000000000000000000000000000000000000000000000000000000000000
111001000111010100110000011001001111000000000000000000000000000000000000000000000000000000000000
010100111111011111110111000110100110000000000000000000000000000000000000000000000000000000000000
110010010100011110010100000101100101000000000000000000000000000000000000000000000000000000000000
000100011100001011010111011000011101000000000000000000000000000000000000000000000000000000000000
100000111111100100101110100110100110000000000000000000000000000000000000000000000000000000000000
101110100100100110101001110010010011000000000000000000000000000000000000000000000000000000000000
000101110000110000101100010011100000000000000000000000000000000000000000000000000000000000000000
001111101101100101010000100000011000000000000000000000000000000000000000000000000000000000000000
100111001101001110000011000001110100000000000000000000000000000000000000000000000000000000000000
001000101111100101000101111001101101000000000000000000000000000000000000000000000000000000000000
011101101110010010110101011001111101000000000000000000000000000000000000000000000000000000000000
110100100001001010011100010101001011000000000000000000000000000000000000000000000000000000000000
011100110101111011001000101000001101000000000000000000000000000000000000000000000000000000000000
100000010100111100110100110011001100000000000000000000000000000000000000000000000000000000000000
101110001110101101010110001101011101000000000000000000000000000000000000000000000000000000000000
100001110000001001111010000100100000000000000000000000000000000000000000000000000000000000000000
110011001101000111110011000110000010000000000000000000000000000000000000000000000000000000000000
000101011011110110001011100110101010000000000000000000000000000000000000000000000000000000000000
101101100111110011010011110101001000000000000000000000000000000000000000000000000000000000000000
011000010011111000000010101011101001000000000000000000000000000000000000000000000000000000000000
110111000111111000010001100000110110000000000000000000000000000000000000000000000000000000000000
001111001100000011011111100111001000000000000000000000000000000000000000000000000000000000000000
100010101100110011111100100011101111000000000000000000000000000000000000000000000000000000000000
000000111010010000110000100011001000000000000000000000000000000000000000000000000000000000000000
001110100101001001010010101111111000000000000000000000000000000000000000000000000000000000000000
011101010110011110110010011010101110000000000000000000000000000000000000000000000000000000000000
111100010011001111110011011000000000000000000000000000000000000000000000000000000000000000000000
000110001111000110110011000101110100000000000000000000000000000000000000000000000000000000000000
001110110010011001110011000110001111000000000000000000000000000000000000000000000000000000000000
001001010000000010101000111010110011000000000000000000000000000000000000000000000000000000000000
111000100011111101011100001001100111000000000000000000000000000000000000000000000000000000000000
011011100011100000100011110010100011000000000000000000000000000000000000000000000000000000000000
111010101010110000101010011010011110000000000000000000000000000000000000000000000000000000000000
111000111110010010100110011000111100000000000000000000000000000000000000000000000000000000000000
011011111011111010110100111100111100000000000000000000000000000000000000000000000000000000000000
111010110001100000110001001100111011000000000000000000000000000000000000000000000000000000000000
000001110110110101011101000010111110000000000000000000000000000000000000000000000000000000000000
110010111111110000001001011000110101000000000000000000000000000000000000000000000000000000000000
001011101010111001001011101110000100000000000000000000000000000000000000000000000000000000000000
010111000110101000111010001100001011000000000000000000000000000000000000000000000000000000000000
011010110110000000110111101110010001000000000000000000000000000000000000000000000000000000000000
110111100011101101100101000010000011000000000000000000000000000000000000000000000000000000000000
000110010011100101110111110011110110000000000000000000000000000000000000000000000000000000000000
001101001100101010101001111101010110000000000000000000000000000000000000000000000000000000000000
111110100000101100101000110010001010000000000000000000000000000000000000000000000000000000000000
100111001101111101010001000110111010000000000000000000000000000000000000000000000000000000000000
100101111011101111011100101001111111000000000000000000000000000000000000000000000000000000000000
100101010000001001100011100001010111000000000000000000000000000000000000000000000000000000000000
100001001101101111110011011101101101000000000000000000000000000000000000000000000000000000000000
101100110010111111001100111001011010000000000000000000000000000000000000000000000000000000000000
000000010001101110110010000000111101000000000000000000000000000000000000000000000000000000000000
000111111000001001100000111110000010000000000000000000000000000000000000000000000000000000000000
110101010111111111111111011000110011000000000000000000000000000000000000000000000000000000000000
111100100111001000000010011011101011000000000000000000000000000000000000000000000000000000000000
000111010110001001111000010111101101000000000000000000000000000000000000000000000000000000000000
001110010111110010011001011100001001000000000000000000000000000000000000000000000000000000000000
011001111111110100101111101110011100000000000000000000000000000000000000000000000000000000000000
010001011101101011001000000110100100000000000000000000000000000000000000000000000000000000000000
110000100011011011100001011100100010000000000000000000000000000000000000000000000000000000000000
011110101101001000010001100100000010000000000000000000000000000000000000000000000000000000000000
100010110000010110011100001101011010000000000000000000000000000000000000000000000000000000000000
000100010111000101011011011101111001000000000000000000000000000000000000000000000000000000000000
100010001001000011101011110001010000000000000000000000000000000000000000000000000000000000000000
011100100011110100010010101011011011000000000000000000000000000000000000000000000000000000000000
111001100011110010111111101000011011000000000000000000000000000000000000000000000000000000000000
101111111100000001001010001110111010000000000000000000000000000000000000000000000000000000000000
110001100010011101000000101011110110000000000000000000000000000000000000000000000000000000000000
110101101000111000110111110111001001000000000000000000000000000000000000000000000000000000000000
011001100001011100111001100001000110000000000000000000000000000000000000000000000000000000000000
000001000010010011000011011001110000000000000000000000000000000000000000000000000000000000000000
100100011110000001000110101001000101000000000000000000000000000000000000000000000000000000000000
101000011011010011100111100000000111000000000000000000000000000000000000000000000000000000000000
011111000100011101000111000011110101000000000000000000000000000000000000000000000000000000000000
110101101110001110011100010100010110000000000000000000000000000000000000000000000000000000000000
000111110010101001010010000001100000000000000000000000000000000000000000000000000000000000000000
111101011100011111111001010010110110000000000000000000000000000000000000000000000000000000000000
010001100110011111001101010010111101000000000000000000000000000000000000000000000000000000000000
010010000100000100000110010110110111000000000000000000000000000000000000000000000000000000000000
110001000110001000100011001111001111000000000000000000000000000000000000000000000000000000000000
111000100100011101110100100000011010000000000000000000000000000000000000000000000000000000000000
011001011110110001001000100000011001000000000000000000000000000000000000000000000000000000000000
011011110111011101101100111010011011000000000000000000000000000000000000000000000000000000000000
111100100000011100011110010110000111000000000000000000000000000000000000000000000000000000000000
010011101010111000101101011100010101000000000000000000000000000000000000000000000000000000000000
000001101110100011011111001011001101000000000000000000000000000000000000000000000000000000000000
111011001010111011010001001000010010000000000000000000000000000000000000000000000000000000000000
100100011011010010100000001100111111000000000000000000000000000000000000000000000000000000000000
110011011111011100010001001000101100000000000000000000000000000000000000000000000000000000000000
001011100110101011101110001110000111000000000000000000000000000000000000000000000000000000000000
101111110001001110110101000010011011000000000000000000000000000000000000000000000000000000000000
011111111101101110001001110001100000000000000000000000000000000000000000000000000000000000000000
001101101100101010011001001011100100000000000000000000000000000000000000000000000000000000000000
100010111000110101100110011101111101000000000000000000000000000000000000000000000000000000000000
011001011001000110110011100110111101000000000000000000000000000000000000000000000000000000000000
010110000101100001000001111110000100000000000000000000000000000000000000000000000000000000000000
110010011001111100011011110110100011000000000000000000000000000000000000000000000000000000000000
111001001111010001110100110100000001000000000000000000000000000000000000000000000000000000000000
100001011101010001101100111001000110000000000000000000000000000000000000000000000000000000000000
011001010010010111011101001110110010000000000000000000000000000000000000000000000000000000000000
001100001000011011000010101011100011000000000000000000000000000000000000000000000000000000000000
010101101100111110110001011111101011000000000000000000000000000000000000000000000000000000000000
000001000110001100010000001101010110000000000000000000000000000000000000000000000000000000000000
101100100111011011001100110010111101000000000000000000000000000000000000000000000000000000000000
101011101010101000001110110011110101000000000000000000000000000000000000000000000000000000000000
000010110110111100101110010100000100000000000000000000000000000000000000000000000000000000000000
110000000100100100110101001001010110000000000000000000000000000000000000000000000000000000000000
011110011111010110001010001111110110000000000000000000000000000000000000000000000000000000000000
001111101011101101100111011010011000000000000000000000000000000000000000000000000000000000000000
000101001001110100111101010001100101000000000000000000000000000000000000000000000000000000000000
011000110101000011010110010011010101000000000000000000000000000000000000000000000000000000000000
001100101110001001001110101001000111000000000000000000000000000000000000000000000000000000000000
111011100100101000000110110011101111000000000000000000000000000000000000000000000000000000000000
110011001011010100100110011111000001000000000000000000000000000000000000000000000000000000000000
010001010010000101111010011101101111000000000000000000000000000000000000000000000000000000000000
110101010000001100000001110110100110000000000000000000000000000000000000000000000000000000000000
000101011101110110111101100111001000000000000000000000000000000000000000000000000000000000000000
000000111010000111001111001010001011000000000000000000000000000000000000000000000000000000000000
101000100011011010111101011101110111000000000000000000000000000000000000000000000000000000000000
000000101100001001010010000101100111000000000000000000000000000000000000000000000000000000000000
011000110110001100100110100010111111000000000000000000000000000000000000000000000000000000000000
000101011010101101100001010001100000000000000000000000000000000000000000000000000000000000000000
101010001100111010100111011011010111000000000000000000000000000000000000000000000000000000000000
010011000010100101100101000010111110000000000000000000000000000000000000000000000000000000000000
110010100000110011110110010001000001000000000000000000000000000000000000000000000000000000000000
011010011100011111010111011101000011000000000000000000000000000000000000000000000000000000000000
011111000010011011010011001001001011000000000000000000000000000000000000000000000000000000000000
010011101010111001100001100000100101000000000000000000000000000000000000000000000000000000000000
001001110001000011101111101101011010000000000000000000000000000000000000000000000000000000000000
000001010101110111101010110011001010000000000000000000000000000000000000000000000000000000000000
111100000101101101000110001000010010000000000000000000000000000000000000000000000000000000000000
011001011001000111111110111101010001000000000000000000000000000000000000000000000000000000000000
011001100111010000100011101110011000000000000000000000000000000000000000000000000000000000000000
101110100101110100101001111010111110000000000000000000000000000000000000000000000000000000000000
101110101101111110011100101100010001000000000000000000000000000000000000000000000000000000000000
111110111110010101010000100111010001000000000000000000000000000000000000000000000000000000000000
100000000010110000000100010100001000000000000000000000000000000000000000000000000000000000000000
101110001010111100001011010011101000000000000000000000000000000000000000000000000000000000000000
111101110010000010010101010000101110000000000000000000000000000000000000000000000000000000000000
000100100011110101101001010111010100000000000000000000000000000000000000000000000000000000000000
000100011101101001001100010001000000000000000000000000000000000000000000000000000000000000000000
110101100110111101101010101001001100000000000000000000000000000000000000000000000000000000000000
001101010100010011110001010010111011000000000000000000000000000000000000000000000000000000000000
100100010010101111100000101111010111000000000000000000000000000000000000000000000000000000000000
111101101010000011101110111011101111000000000000000000000000000000000000000000000000000000000000
010101011000101011110111010100110110000000000000000000000000000000000000000000000000000000000000
000001000111000010011100011000100010000000000000000000000000000000000000000000000000000000000000
010111111100101010011000010010011011000000000000000000000000000000000000000000000000000000000000
101001001001101011100101010110000111000000000000000000000000000000000000000000000000000000000000
100100111011101101000011010011010110000000000000000000000000000000000000000000000000000000000000
011111000101101111011100000100010100000000000000000000000000000000000000000000000000000000000000
111110000100010001110011100111000001000000000000000000000000000000000000000000000000000000000000
010011011001010000000011111000101001000000000000000000000000000000000000000000000000000000000000
111000000010010101001111010001100110000000000000000000000000000000000000000000000000000000000000
111011001011011001011000101100100001000000000000000000000000000000000000000000000000000000000000
110000101101010011111100000010101110000000000000000000000000000000000000000000000000000000000000
011010111001100011001101001011000101000000000000000000000000000000000000000000000000000000000000
100111111110001100001100011010000111000000000000000000000000000000000000000000000000000000000000
010101001101100010101110011101111100000000000000000000000000000000000000000000000000000000000000
010111101011001001010000011000100010000000000000000000000000000000000000000000000000000000000000
010011110001011100110101011110000011000000000000000000000000000000000000000000000000000000000000
011111100010011000010101111000000001000000000000000000000000000000000000000000000000000000000000
100111000011111000101111010011101101000000000000000000000000000000000000000000000000000000000000
111100100100110010100101100000101110000000000000000000000000000000000000000000000000000000000000
110101101100101001011010111011101011000000000000000000000000000000000000000000000000000000000000
101010100101110010100110110001000110000000000000000000000000000000000000000000000000000000000000
010011011011101111010010011111011110000000000000000000000000000000000000000000000000000000000000
110000101110111111110101101001100000000000000000000000000000000000000000000000000000000000000000
011111111001101110010101000111000111000000000000000000000000000000000000000000000000000000000000
000011101010001001110001011010100001000000000000000000000000000000000000000000000000000000000000
000101101110110010111100110011010000000000000000000000000000000000000000000000000000000000000000
101101000001010011010111101001010100000000000000000000000000000000000000000000000000000000000000
111011000000000101101111000101110000000000000000000000000000000000000000000000000000000000000000
111011101111010011001111100000010111000000000000000000000000000000000000000000000000000000000000
110000011001111110101000110101110100000000000000000000000000000000000000000000000000000000000000
111000111100000111100100100110101010000000000000000000000000000000000000000000000000000000000000
011110001100101011100110010011101000000000000000000000000000000000000000000000000000000000000000
011100010001011111100111100000000101000000000000000000000000000000000000000000000000000000000000
101101000001010000110111000001111000000000000000000000000000000000000000000000000000000000000000
111010000000101010101001011101010110000000000000000000000000000000000000000000000000000000000000
101110000001010101111001001100001100000000000000000000000000000000000000000000000000000000000000
111010100100001100100100010010110010000000000000000000000000000000000000000000000000000000000000
100110001101111111000010000000111011000000000000000000000000000000000000000000000000000000000000
110000011010010001011011011011010100000000000000000000000000000000000000000000000000000000000000
100001010000111111101111001111011111000000000000000000000000000000000000000000000000000000000000
101100110000111010111111101111100010000000000000000000000000000000000000000000000000000000000000
001100011010000111000111111000101111000000000000000000000000000000000000000000000000000000000000
000010101001010101100010000010010100000000000000000000000000000000000000000000000000000000000000
101111100000001011110110100101101010000000000000000000000000000000000000000000000000000000000000
110101111101110101010010101111100000000000000000000000000000000000000000000000000000000000000000
011010110001011001001010010011011001000000000000000000000000000000000000000000000000000000000000
110110011111001111100011111110110110000000000000000000000000000000000000000000000000000000000000
011101010011010010111100101100000010000000000000000000000000000000000000000000000000000000000000
110110001001011011110001010110011010000000000000000000000000000000000000000000000000000000000000
010000110011101010001000000001100011000000000000000000000000000000000000000000000000000000000000
011100010010100110000011000010000010000000000000000000000000000000000000000000000000000000000000
010101100100000100010010100100100100000000000000000000000000000000000000000000000000000000000000
010000101001110101000111111011100010000000000000000000000000000000000000000000000000000000000000
111001101111111001001111101111000010000000000000000000000000000000000000000000000000000000000000
001100110111000000011111011100001101000000000000000000000000000000000000000000000000000000000000
011000010001101111101101001011101011000000000000000000000000000000000000000000000000000000000000
111000011010000010001110101000011010000000000000000000000000000000000000000000000000000000000000
000001011011000100000110000101101100000000000000000000000000000000000000000000000000000000000000
010100001101001001100111101010111000000000000000000000000000000000000000000000000000000000000000
111101001111011101000110011000000001000000000000000000000000000000000000000000000000000000000000
000001101011101011111111001111100000000000000000000000000000000000000000000000000000000000000000
011000011110010010101100000100000100000000000000000000000000000000000000000000000000000000000000
111111111101001100100010111010100000000000000000000000000000000000000000000000000000000000000000
101100000111011110100011010101000011000000000000000000000000000000000000000000000000000000000000
000000111101100010000101111111001000000000000000000000000000000000000000000000000000000000000000
000011110110100110000110010010011100000000000000000000000000000000000000000000000000000000000000
111010011100100101101010000110000100000000000000000000000000000000000000000000000000000000000000
111010011100010010110111111101011011000000000000000000000000000000000000000000000000000000000000
111001110111010100101000011001110000000000000000000000000000000000000000000000000000000000000000
101110111111101100101010111000100101000000000000000000000000000000000000000000000000000000000000
100111111111001101001010011110110010000000000000000000000000000000000000000000000000000000000000
111100110111100111111100100000011110000000000000000000000000000000000000000000000000000000000000
001000101101110011110101101101111011000000000000000000000000000000000000000000000000000000000000
111111000100000001111111001010110001000000000000000000000000000000000000000000000000000000000000
111011111011000001101011100110011100000000000000000000000000000000000000000000000000000000000000
000111011000011110001110110111101111000000000000000000000000000000000000000000000000000000000000
100001000101010101100000110111000101000000000000000000000000000000000000000000000000000000000000
101000110111000100000001000001111010000000000000000000000000000000000000000000000000000000000000
110111011100111110101010100101110010000000000000000000000000000000000000000000000000000000000000
110001001101111000100001101011001010000000000000000000000000000000000000000000000000000000000000
100110010110000010001101011101100010000000000000000000000000000000000000000000000000000000000000
000101010001010101100010000100101101000000000000000000000000000000000000000000000000000000000000
110001011001110001011110100011000011000000000000000000000000000000000000000000000000000000000000
100011010010001000010101101111010111000000000000000000000000000000000000000000000000000000000000
111110011011000100100010101101001001000000000000000000000000000000000000000000000000000000000000
111111010000010000001110110011100000000000000000000000000000000000000000000000000000000000000000
101111110010101100100000100000110110000000000000000000000000000000000000000000000000000000000000
011000110111100000101011101100111001000000000000000000000000000000000000000000000000000000000000
100000010010111001101111010111111110000000000000000000000000000000000000000000000000000000000000
111000011000011001110011111001000001000000000000000000000000000000000000000000000000000000000000
001100110101110110111000000100100011000000000000000000000000000000000000000000000000000000000000
101011001000011110100001101001111110000000000000000000000000000000000000000000000000000000000000
011100101011110110000010111110110000000000000000000000000000000000000000000000000000000000000000
000100001000101001001001100101011100000000000000000000000000000000000000000000000000000000000000
011000100000110001101000101010111000000000000000000000000000000000000000000000000000000000000000
110000110111011110110000010101000101000000000000000000000000000000000000000000000000000000000000
111011000100001111010001010101111010000000000000000000000000000000000000000000000000000000000000
010110010101110101011111010111000001000000000000000000000000000000000000000000000000000000000000
110011010011001110111110110110001000000000000000000000000000000000000000000000000000000000000000
001110000111111111000100111001011111000000000000000000000000000000000000000000000000000000000000
101111100100100000001000001000111000000000000000000000000000000000000000000000000000000000000000
101010011111101000011011100001101011000000000000000000000000000000000000000000000000000000000000
101011011110001100110000010100110010000000000000000000000000000000000000000000000000000000000000
110101111000110001111010100010110101000000000000000000000000000000000000000000000000000000000000
111011111001101100111001010110100011000000000000000000000000000000000000000000000000000000000000
000101100010100000010001110101011100000000000000000000000000000000000000000000000000000000000000
110111101110100101110100111010010110000000000000000000000000000000000000000000000000000000000000
101100110001100111111100000010011111000000000000000000000000000000000000000000000000000000000000
001000010110011100011110101010111100000000000000000000000000000000000000000000000000000000000000
110011101111101111000101100100010101000000000000000000000000000000000000000000000000000000000000
000101000111101001001101110000001100000000000000000000000000000000000000000000000000000000000000
110001100100000000101100110001010111000000000000000000000000000000000000000000000000000000000000
110001010001110001001011001000111101000000000000000000000000000000000000000000000000000000000000
001100001101011000111000110001101110000000000000000000000000000000000000000000000000000000000000
110000010011111000100100010011110001000000000000000000000000000000000000000000000000000000000000
100000011010100111111011111000011000000000000000000000000000000000000000000000000000000000000000
100111111110001000100101110111001010000000000000000000000000000000000000000000000000000000000000
110111000011101001001010001001010111000000000000000000000000000000000000000000000000000000000000
101000111000010011111111100010111110000000000000000000000000000000000000000000000000000000000000
111100100000000101110111101001101011000000000000000000000000000000000000000000000000000000000000
000111011001111001010100010010001101000000000000000000000000000000000000000000000000000000000000
000101100011000001011010010101111001000000000000000000000000000000000000000000000000000000000000
001001101101000100111111100111101011000000000000000000000000000000000000000000000000000000000000
110010101100001110000000001010000110000000000000000000000000000000000000000000000000000000000000
000011101010001011111011000011111000000000000000000000000000000000000000000000000000000000000000
101011011001001100010110100010010110000000000000000000000000000000000000000000000000000000000000
011011101000100101101010011100000101000000000000000000000000000000000000000000000000000000000000
010101100100100010001100010101000000000000000000000000000000000000000000000000000000000000000000
010111101010011001110101101000101110000000000000000000000000000000000000000000000000000000000000
101110011011110100110011010110010110000000000000000000000000000000000000000000000000000000000000
111100110111001011100001001000110101000000000000000000000000000000000000000000000000000000000000
101000001111000110000101110000111111000000000000000000000000000000000000000000000000000000000000
001110010001011001101100010101111000000000000000000000000000000000000000000000000000000000000000
011000010000101010111110111111001100000000000000000000000000000000000000000000000000000000000000
001111001111100111101111110101111011000000000000000000000000000000000000000000000000000000000000
100000111100101101011111011011101100000000000000000000000000000000000000000000000000000000000000
010000001111011110001100011001100000000000000000000000000000000000000000000000000000000000000000
001101010100110110011101011110011101000000000000000000000000000000000000000000000000000000000000
110101111001110010000011100100110000000000000000000000000000000000000000000000000000000000000000
001110001101011001000110111110100111000000000000000000000000000000000000000000000000000000000000
011000100001001100001100111011110011000000000000000000000000000000000000000000000000000000000000
001001001100110110010000000111111110000000000000000000000000000000000000000000000000000000000000
100100011000010101111010010001110001000000000000000000000000000000000000000000000000000000000000
100100010111101111001101001111101011000000000000000000000000000000000000000000000000000000000000
001010111100001100010010100001111110000000000000000000000000000000000000000000000000000000000000
011011010101010011011100001010110001000000000000000000000000000000000000000000000000000000000000
010111100000000011011001111001111110000000000000000000000000000000000000000000000000000000000000
010011011110011111000011001011101110000000000000000000000000000000000000000000000000000000000000
101011000000001111100001001001100110000000000000000000000000000000000000000000000000000000000000
011000101100011000001010100110111000000000000000000000000000000000000000000000000000000000000000
110101001000110000010000001100101101000000000000000000000000000000000000000000000000000000000000
100110111011110011000111011100111100000000000000000000000000000000000000000000000000000000000000
101001111001100111011000100101111011000000000000000000000000000000000000000000000000000000000000
000110001011100100000111100001100110000000000000000000000000000000000000000000000000000000000000
011010101100100110100111100101011110000000000000000000000000000000000000000000000000000000000000
011110011011010100100111111101100010000000000000000000000000000000000000000000000000000000000000
101000100111111110100111101000100110000000000000000000000000000000000000000000000000000000000000
011101001100010011101001011000101111000000000000000000000000000000000000000000000000000000000000
100000000100110100001011110010001100000000000000000000000000000000000000000000000000000000000000
101100101101101110100101000100011111000000000000000000000000000000000000000000000000000000000000
110110101101001110111101010010100000000000000000000000000000000000000000000000000000000000000000
011010000010110011101011101011011011000000000000000000000000000000000000000000000000000000000000
001001101001110000101000011100100010000000000000000000000000000000000000000000000000000000000000
111100000011000010011001010000101110000000000000000000000000000000000000000000000000000000000000
011011101111100011111011001011100001000000000000000000000000000000000000000000000000000000000000
100000010110111111100000001100111110000000000000000000000000000000000000000000000000000000000000
111001110100000010110000100001111100000000000000000000000000000000000000000000000000000000000000
010010101100100110010011001011110100000000000000000000000000000000000000000000000000000000000000
101101111100100110110000111111011000000000000000000000000000000000000000000000000000000000000000
011100000100001000110011011000100100000000000000000000000000000000000000000000000000000000000000
001011101011000001100000000111110011000000000000000000000000000000000000000000000000000000000000
101010001110101000010011110010001000000000000000000000000000000000000000000000000000000000000000
010101011000101110111001110110000011000000000000000000000000000000000000000000000000000000000000
001101001110001100111100010011001101000000000000000000000000000000000000000000000000000000000000
001000101011000000111110101111111110000000000000000000000000000000000000000000000000000000000000
010101010011101011100101111101000001000000000000000000000000000000000000000000000000000000000000
001010101001001110100000100111001110000000000000000000000000000000000000000000000000000000000000
111011000101011110010111001101111111000000000000000000000000000000000000000000000000000000000000
010101001001010101101010011011000010000000000000000000000000000000000000000000000000000000000000
011110010010111100001000100110110110000000000000000000000000000000000000000000000000000000000000
101111010011100011011010010000101011000000000000000000000000000000000000000000000000000000000000
010101111011011100010001001111111010000000000000000000000000000000000000000000000000000000000000
011110001001000000111001001110000100000000000000000000000000000000000000000000000000000000000000
000101011001100100010001000011011011000000000000000000000000000000000000000000000000000000000000
010110110111011001100100000001000110000000000000000000000000000000000000000000000000000000000000
111010110011011000000010001011110011000000000000000000000000000000000000000000000000000000000000
011111001011010111100101000111000011000000000000000000000000000000000000000000000000000000000000
111011001100111101111111000101001000000000000000000000000000000000000000000000000000000000000000
101000001111100110001000011010010011000000000000000000000000000000000000000000000000000000000000
000110100011010001000011001011100010000000000000000000000000000000000000000000000000000000000000
010111101101100001000000001001011011000000000000000000000000000000000000000000000000000000000000
101111101111111100001011010010110101000000000000000000000000000000000000000000000000000000000000
110011000110111001101110001101110010000000000000000000000000000000000000000000000000000000000000
101000000011111111111011111100011001000000000000000000000000000000000000000000000000000000000000
011101101100100010100010011011010011000000000000000000000000000000000000000000000000000000000000
100110111010001101001111101000101110000000000000000000000000000000000000000000000000000000000000
110000001100010101110101101010001101000000000000000000000000000000000000000000000000000000000000
001000101000100101110011110101110011000000000000000000000000000000000000000000000000000000000000
101011011010110111111111101100111011000000000000000000000000000000000000000000000000000000000000
000000000001100101111010110000110001000000000000000000000000000000000000000000000000000000000000
001000000011011100110111011000000110000000000000000000000000000000000000000000000000000000000000
111001010110010011100100110000000011000000000000000000000000000000000000000000000000000000000000
010010110011111000100000001011111111000000000000000000000000000000000000000000000000000000000000
100000001110110100110000000001111100000000000000000000000000000000000000000000000000000000000000
110011101010111001000011011011001110000000000000000000000000000000000000000000000000000000000000
111111001010011101001101100000100000000000000000000000000000000000000000000000000000000000000000
001101100000011010100011111011001010000000000000000000000000000000000000000000000000000000000000
000111001100000010011100101001010100000000000000000000000000000000000000000000000000000000000000
010000110100101100001101011110100000000000000000000000000000000000000000000000000000000000000000
011010101101101000110100101000001111000000000000000000000000000000000000000000000000000000000000
110101010101101101011001100000111000000000000000000000000000000000000000000000000000000000000000
101100000010011111001101101111110001000000000000000000000000000000000000000000000000000000000000
011100110011111011100111101101010011000000000000000000000000000000000000000000000000000000000000
111101111010001101001000111111110001000000000000000000000000000000000000000000000000000000000000
001000111100100110001000111110011101000000000000000000000000000000000000000000000000000000000000
101101110110111011011110110000100110000000000000000000000000000000000000000000000000000000000000
000101010100000000001011100001010010000000000000000000000000000000000000000000000000000000000000
101011001011011111110010101111010100000000000000000000000000000000000000000000000000000000000000
010011100001100010101000011000101100000000000000000000000000000000000000000000000000000000000000
111100000000001111100111010111111110000000000000000000000000000000000000000000000000000000000000
110100001110110000100111000110111010000000000000000000000000000000000000000000000000000000000000
101001001011001010011001100111101001000000000000000000000000000000000000000000000000000000000000
001001111100111011011001001011011100000000000000000000000000000000000000000000000000000000000000
101101111100100100001000011100110111000000000000000000000000000000000000000000000000000000000000
011010010100101101111000010110000100000000000000000000000000000000000000000000000000000000000000
110111011100000001011101101010100101000000000000000000000000000000000000000000000000000000000000
110001001111111000110101100110111000000000000000000000000000000000000000000000000000000000000000
110011000101011000000001001011000010000000000000000000000000000000000000000000000000000000000000
001011001111111010010111101110111010000000000000000000000000000000000000000000000000000000000000
111110111001011111110101001100111000000000000000000000000000000000000000000000000000000000000000
111110000000000010001101110101010110000000000000000000000000000000000000000000000000000000000000
001111111100000111001100011001110001000000000000000000000000000000000000000000000000000000000000
110111110011110100001010110110001000000000000000000000000000000000000000000000000000000000000000
111111010111111011011110000001110100000000000000000000000000000000000000000000000000000000000000
000010001000101011101010001101101011000000000000000000000000000000000000000000000000000000000000
100001000000000111101100100011100001000000000000000000000000000000000000000000000000000000000000
110000011011011100011100101111110010000000000000000000000000000000000000000000000000000000000000
000101110011111100100110111100011001000000000000000000000000000000000000000000000000000000000000
001010001011101111110100011001100010000000000000000000000000000000000000000000000000000000000000
110101100000010001110001011001110001000000000000000000000000000000000000000000000000000000000000
010001111100101010111010001011000011000000000000000000000000000000000000000000000000000000000000
101111101001110111100101010010000100000000000000000000000000000000000000000000000000000000000000
111101000101100000111100101100111001000000000000000000000000000000000000000000000000000000000000
001100011111100101010111010010100111000000000000000000000000000000000000000000000000000000000000
000111111011110111000010001001101000000000000000000000000000000000000000000000000000000000000000
101101101100000001100010101101001101000000000000000000000000000000000000000000000000000000000000
111101001011001100010011101011000101000000000000000000000000000000000000000000000000000000000000
011101101100011110011010100000001110000000000000000000000000000000000000000000000000000000000000
110100101000101010001000001101101100000000000000000000000000000000000000000000000000000000000000
100000101000000111011010011111110000000000000000000000000000000000000000000000000000000000000000
100010101000001010111011110000010011000000000000000000000000000000000000000000000000000000000000
100000111111111111011000101111110000000000000000000000000000000000000000000000000000000000000000
110100000101000111010010111100000001000000000000000000000000000000000000000000000000000000000000
100101101101010111110011100000011100000000000000000000000000000000000000000000000000000000000000
001101010011000101001111001001100100000000000000000000000000000000000000000000000000000000000000
011111001101010011000010011100001011000000000000000000000000000000000000000000000000000000000000
101100011000101100011011101001000110000000000000000000000000000000000000000000000000000000000000
001011011110000001111010111101100000000000000000000000000000000000000000000000000000000000000000
110010001110001010010001100000000011000000000000000000000000000000000000000000000000000000000000
000001101001001100011001011001010010000000000000000000000000000000000000000000000000000000000000
011111001111001010100011001111010010000000000000000000000000000000000000000000000000000000000000
100111110110110011011011111100010101000000000000000000000000000000000000000000000000000000000000
000101010101101110100001010110101110000000000000000000000000000000000000000000000000000000000000
110110000010100001111110010010101111000000000000000000000000000000000000000000000000000000000000
110110101011100111111001011100111000000000000000000000000000000000000000000000000000000000000000
011001100010001111111111000011110000000000000000000000000000000000000000000000000000000000000000
110111010110111011011111100010100001000000000000000000000000000000000000000000000000000000000000
011001011101101011010111001101000010000000000000000000000000000000000000000000000000000000000000
010010010010011101100101011000011010000000000000000000000000000000000000000000000000000000000000
111010111100011101111010011000011000000000000000000000000000000000000000000000000000000000000000
101110011111000000100000111110011100000000000000000000000000000000000000000000000000000000000000
000111101100000001101110111011100001000000000000000000000000000000000000000000000000000000000000
100100011011000101000110000001011100000000000000000000000000000000000000000000000000000000000000
011100010110011111111010111111000111000000000000000000000000000000000000000000000000000000000000
000001110001000100011001011011011110000000000000000000000000000000000000000000000000000000000000
101000101111001001100100010000100010000000000000000000000000000000000000000000000000000000000000
101111010010111110010011101011101101000000000000000000000000000000000000000000000000000000000000
001001000110100101111110101001111011000000000000000000000000000000000000000000000000000000000000
001100101111000111011001010001001111000000000000000000000000000000000000000000000000000000000000
100101110001101000010011110011101011000000000000000000000000000000000000000000000000000000000000
000110010000100010110100000100100010000000000000000000000000000000000000000000000000000000000000
110110111000101110111011101100000111000000000000000000000000000000000000000000000000000000000000
101101000110100000011000110011100010000000000000000000000000000000000000000000000000000000000000
100000110101000010000000110110100000000000000000000000000000000000000000000000000000000000000000
001000000111001110111000111010101011000000000000000000000000000000000000000000000000000000000000
111011100000100011111000110100010110000000000000000000000000000000000000000000000000000000000000
111000010100011010000000110110110010000000000000000000000000000000000000000000000000000000000000
001000011100000100000111110000111111000000000000000000000000000000000000000000000000000000000000
000101111101001110111111100111110000000000000000000000000000000000000000000000000000000000000000
111100101001101000111100111000111110000000000000000000000000000000000000000000000000000000000000
111100101001000010011101001110001110000000000000000000000000000000000000000000000000000000000000
011000011001001001011110110010100010000000000000000000000000000000000000000000000000000000000000
110100001010001001010010000111110000000000000000000000000000000000000000000000000000000000000000
001001111000101111100001101010000011000000000000000000000000000000000000000000000000000000000000
011100010101010011011111001001111101000000000000000000000000000000000000000000000000000000000000
100001010110011111111000100101010000000000000000000000000000000000000000000000000000000000000000
110110100111011011100101011000000101000000000000000000000000000000000000000000000000000000000000
001110010001011101111110000010011100000000000000000000000000000000000000000000000000000000000000
011100100000011111101111000100001000000000000000000000000000000000000000000000000000000000000000
000110100011110001111001100010001001000000000000000000000000000000000000000000000000000000000000
111101101100010100101001111011110100000000000000000000000000000000000000000000000000000000000000
011000110111101111011100100010000110000000000000000000000000000000000000000000000000000000000000
111100001110111111110101111110011100000000000000000000000000000000000000000000000000000000000000
001001000110010110101101110101001111000000000000000000000000000000000000000000000000000000000000
011100000000001100010000111010010111000000000000000000000000000000000000000000000000000000000000
101110111000100110011010011011101011000000000000000000000000000000000000000000000000000000000000
010110100110100000100001110110100100000000000000000000000000000000000000000000000000000000000000
110110101011011011001110100011010111000000000000000000000000000000000000000000000000000000000000
010111011111010100010010100001010110000000000000000000000000000000000000000000000000000000000000
110011001100110111010000111110011100000000000000000000000000000000000000000000000000000000000000
111110110101111111110100000000100001000000000000000000000000000000000000000000000000000000000000
101010001100010011101111011001000110000000000000000000000000000000000000000000000000000000000000
010001110100010111010101011110010100000000000000000000000000000000000000000000000000000000000000
000001010111001110100000101110100001000000000000000000000000000000000000000000000000000000000000
111010110111100100101010000011010110000000000000000000000000000000000000000000000000000000000000
011011011100011101110100100001011101000000000000000000000000000000000000000000000000000000000000
101010101011100111111110010010000000000000000000000000000000000000000000000000000000000000000000
111000101111010111010101101011101101000000000000000000000000000000000000000000000000000000000000
000111100110001110010110110010011001000000000000000000000000000000000000000000000000000000000000
101100110111001111101000111000100011000000000000000000000000000000000000000000000000000000000000
001011101001101001110011001100110011000000000000000000000000000000000000000000000000000000000000
010111100010110100101000101010100010000000000000000000000000000000000000000000000000000000000000
001000000001011101111011010011000101000000000000000000000000000000000000000000000000000000000000
100101010001000100100010101010110011000000000000000000000000000000000000000000000000000000000000
101011000111001110100000011101101101000000000000000000000000000000000000000000000000000000000000
100010011010101010101100010110100001000000000000000000000000000000000000000000000000000000000000
011001101111010100111001101110101001000000000000000000000000000000000000000000000000000000000000
100110101101111001010000111001010100000000000000000000000000000000000000000000000000000000000000
001001011000010001000000110100010011000000000000000000000000000000000000000000000000000000000000
001110010110000011000001011001111011000000000000000000000000000000000000000000000000000000000000
000101010001111100100001110000010011000000000000000000000000000000000000000000000000000000000000
001011101111001111111011101111011110000000000000000000000000000000000000000000000000000000000000
010100110011101100100101111100111000000000000000000000000000000000000000000000000000000000000000
101000011111010011101110111101001011000000000000000000000000000000000000000000000000000000000000
011101101011101001110000011110110101000000000000000000000000000000000000000000000000000000000000
110110111110101100000100000111101001000000000000000000000000000000000000000000000000000000000000
001011001010010101000000110110001111000000000000000000000000000000000000000000000000000000000000
001000101111011101011010000011101000000000000000000000000000000000000000000000000000000000000000
101101000001011011010011001111100000000000000000000000000000000000000000000000000000000000000000
100001110010010110100100011111111001000000000000000000000000000000000000000000000000000000000000
101001110000000101110100001010001110000000000000000000000000000000000000000000000000000000000000
000001001110110101000111101011001011000000000000000000000000000000000000000000000000000000000000
100110000110101001010001011111011100000000000000000000000000000000000000000000000000000000000000
111010100110001101111010010000100111000000000000000000000000000000000000000000000000000000000000
010101101000011011100010110000011000000000000000000000000000000000000000000000000000000000000000
011111100001010010001010000111000110000000000000000000000000000000000000000000000000000000000000
110100000100011001100111001111100111000000000000000000000000000000000000000000000000000000000000
101011100011001011001001110111011011000000000000000000000000000000000000000000000000000000000000
111010110001100000110011010110101011000000000000000000000000000000000000000000000000000000000000
111101011000000000110101100101011000000000000000000000000000000000000000000000000000000000000000
110110100110010110000001101000101100000000000000000000000000000000000000000000000000000000000000
110110001001000101100000010111001110000000000000000000000000000000000000000000000000000000000000
011111100110110111010110011000110111000000000000000000000000000000000000000000000000000000000000
000101011011011000101101110111101010000000000000000000000000000000000000000000000000000000000000
111100011000110010001011010000001011000000000000000000000000000000000000000000000000000000000000
110100111001011110101001111110101101000000000000000000000000000000000000000000000000000000000000
011110101110001001011110100011011000000000000000000000000000000000000000000000000000000000000000
110001010101010000000001111000001110000000000000000000000000000000000000000000000000000000000000
110101110111010000111100100010100010000000000000000000000000000000000000000000000000000000000000
111011110101110011110010101000000010000000000000000000000000000000000000000000000000000000000000
000001001110010010101110010000010100000000000000000000000000000000000000000000000000000000000000
100110011000000111110101000111110111000000000000000000000000000000000000000000000000000000000000
100110010111011101001011010011110001000000000000000000000000000000000000000000000000000000000000
000101100011111100110010110100011001000000000000000000000000000000000000000000000000000000000000
101000000100110101100000011101101001000000000000000000000000000000000000000000000000000000000000
001000100011000011110111101001000101000000000000000000000000000000000000000000000000000000000000
010001100111101011111010011001000000000000000000000000000000000000000000000000000000000000000000
001001001000100011111011010101011001000000000000000000000000000000000000000000000000000000000000
101010001110111001110001011010010011000000000000000000000000000000000000000000000000000000000000
000000001101001011001110101111000101000000000000000000000000000000000000000000000000000000000000
100010001100010010001110110101000010000000000000000000000000000000000000000000000000000000000000
000101111011101010111111000110000001000000000000000000000000000000000000000000000000000000000000
101011010001010110011011100111111010000000000000000000000000000000000000000000000000000000000000
010010110111011110101010001001110000000000000000000000000000000000000000000000000000000000000000
011011110000010011110111101011110000000000000000000000000000000000000000000000000000000000000000
110000001110010000110000011011000000000000000000000000000000000000000000000000000000000000000000
011110110000001111100011101111010010000000000000000000000000000000000000000000000000000000000000
010111101000001001111001110100000010000000000000000000000000000000000000000000000000000000000000
100001111000101110111110101101010010000000000000000000000000000000000000000000000000000000000000
010010000101000110001000011001111100000000000000000000000000000000000000000000000000000000000000
110000101111011110011101110101111101000000000000000000000000000000000000000000000000000000000000
101010000100100110110010001101001000000000000000000000000000000000000000000000000000000000000000
110110100111001000011111111110100000000000000000000000000000000000000000000000000000000000000000
000110000011000100001010101001100110000000000000000000000000000000000000000000000000000000000000
010111110100100010100101100000011000000000000000000000000000000000000000000000000000000000000000
000110000101101011111110101011100000000000000000000000000000000000000000000000000000000000000000
111100101110100011000101000000100000000000000000000000000000000000000000000000000000000000000000
110010011011000011101110100100010111000000000000000000000000000000000000000000000000000000000000
001001111111010010110100011001010000000000000000000000000000000000000000000000000000000000000000
100001101111011011101100110101110011000000000000000000000000000000000000000000000000000000000000
100011000101100111001011111001011111000000000000000000000000000000000000000000000000000000000000
011101000001000101110101110011000101000000000000000000000000000000000000000000000000000000000000
010000000011001101001100100000001100000000000000000000000000000000000000000000000000000000000000
000010010101011100101000110001110100000000000000000000000000000000000000000000000000000000000000
