000110001001011101000111101100010110000000000000000000000000000000000000000000000000000000000000
010010100101110011011100110100011110000000000000000000000000000000000000000000000000000000000000
101100111010100011001111110110000000000000000000000000000000000000000000000000000000000000000000
110110010111010000111101101101010111000000000000000000000000000000000000000000000000000000000000
111100000000101100011100000110001101000000000000000000000000000000000000000000000000000000000000
111100001100110001110100010101110111000000000000000000000000000000000000000000000000000000000000
110101001010011010011111000110011011000000000000000000000000000000000000000000000000000000000000
110110101101010000111001011111100010000000000000000000000000000000000000000000000000000000000000
100000110000110101001001100101010010000000000000000000000000000000000000000000000000000000000000
100101001101010000011000100111001111000000000000000000000000000000000000000000000000000000000000
110101111100011001010100100101010101000000000000000000000000000000000000000000000000000000000000
100110111000010111111100101111001100000000000000000000000000000000000000000000000000000000000000
100111101001100110111100011001001110000000000000000000000000000000000000000000000000000000000000
111110101011100110011110110000100011000000000000000000000000000000000000000000000000000000000000
111101000010011100111001001011010001000000000000000000000000000000000000000000000000000000000000
111001111010010001000011111111111111000000000000000000000000000000000000000000000000000000000000
100000111001100101010110110000110010000000000000000000000000000000000000000000000000000000000000
001011000101010110000000110111101101000000000000000000000000000000000000000000000000000000000000
000101000100010011101010000010011001000000000000000000000000000000000000000000000000000000000000
100000111000001101000001000000111110000000000000000000000000000000000000000000000000000000000000
101101000111010111011101101100100110000000000000000000000000000000000000000000000000000000000000
111010000001011101011110001001010110000000000000000000000000000000000000000000000000000000000000
001111010000011000000011001001001001000000000000000000000000000000000000000000000000000000000000
100000010001110001001111000001111101000000000000000000000000000000000000000000000000000000000000
000111011110100010111011100101111101000000000000000000000000000000000000000000000000000000000000
111010111110010010100001111111011100000000000000000000000000000000000000000000000000000000000000
100011011001101010000000111011010101000000000000000000000000000000000000000000000000000000000000
010110101100101011000011011011010001000000000000000000000000000000000000000000000000000000000000
000010010101101001010101111001101001000000000000000000000000000000000000000000000000000000000000
010000111110110110000100000110010001000000000000000000000000000000000000000000000000000000000000
001000000111010000010000101110111111000000000000000000000000000000000000000000000000000000000000
101100111010100100011001101101100011000000000000000000000000000000000000000000000000000000000000
101011000101111010111111011010101001000000000000000000000000000000000000000000000000000000000000
001100011000111110010000110000001100000000000000000000000000000000000000000000000000000000000000
010110000010111010010001011000110100000000000000000000000000000000000000000000000000000000000000
100100011001110001100001111110100100000000000000000000000000000000000000000000000000000000000000
101101010011110110010010001001111110000000000000000000000000000000000000000000000000000000000000
110100000100000011010100000101101011000000000000000000000000000000000000000000000000000000000000
001110011111110000001101111010110110000000000000000000000000000000000000000000000000000000000000
110110111100100010101010010110111011000000000000000000000000000000000000000000000000000000000000
101101100011111011101011110010100001000000000000000000000000000000000000000000000000000000000000
101011101101000001000001111010001010000000000000000000000000000000000000000000000000000000000000
111010000000111001110000000100100100000000000000000000000000000000000000000000000000000000000000
100001011001110101011010100011011010000000000000000000000000000000000000000000000000000000000000
110101000111001101100111111110001100000000000000000000000000000000000000000000000000000000000000
110011111111000011101111000101111110000000000000000000000000000000000000000000000000000000000000
100111001010110111000000011011101011000000000000000000000000000000000000000000000000000000000000
011101000010000111011110000111010101000000000000000000000000000000000000000000000000000000000000
110100000001110001111101111001100001000000000000000000000000000000000000000000000000000000000000
100101100011110010010101011101100111000000000000000000000000000000000000000000000000000000000000
011001110111110100000101000101000101000000000000000000000000000000000000000000000000000000000000
110101001000011101111011010110011100000000000000000000000000000000000000000000000000000000000000
001101001001111101001111011001100001000000000000000000000000000000000000000000000000000000000000
100110000001000110000110101100100001000000000000000000000000000000000000000000000000000000000000
100011010000011010011011111000010111000000000000000000000000000000000000000000000000000000000000
111100010001010110010111000011010100000000000000000000000000000000000000000000000000000000000000
100011011010101110111000001100101010000000000000000000000000000000000000000000000000000000000000
111111101011000110011011111101101000000000000000000000000000000000000000000000000000000000000000
000000111101010010101101010101011111000000000000000000000000000000000000000000000000000000000000
101010000010011101111110001110111101000000000000000000000000000000000000000000000000000000000000
111111001110011011100111101010100001000000000000000000000000000000000000000000000000000000000000
010110110000011001101110001000111001000000000000000000000000000000000000000000000000000000000000
001111111111000011101101100111011011000000000000000000000000000000000000000000000000000000000000
111110111111000110010011111100101100000000000000000000000000000000000000000000000000000000000000
011100011100110100110101111100110001000000000000000000000000000000000000000000000000000000000000
010010001001100100001100001110000110000000000000000000000000000000000000000000000000000000000000
010101100010011100000000111111110100000000000000000000000000000000000000000000000000000000000000
110100011011100101000011000001010001000000000000000000000000000000000000000000000000000000000000
010001000010000100011110011011110011000000000000000000000000000000000000000000000000000000000000
100010101101011100011110111110001111000000000000000000000000000000000000000000000000000000000000
001110101001111111111110111000110101000000000000000000000000000000000000000000000000000000000000
011110001010010011100111010011000001000000000000000000000000000000000000000000000000000000000000
100101100010111100101011111011010010000000000000000000000000000000000000000000000000000000000000
101010100110101101011101110110101011000000000000000000000000000000000000000000000000000000000000
101101011011111001110101110101000011000000000000000000000000000000000000000000000000000000000000
111000101011101000110111000001001010000000000000000000000000000000000000000000000000000000000000
101000011000011000001110100010110111000000000000000000000000000000000000000000000000000000000000
011001001110000011001110110010110100000000000000000000000000000000000000000000000000000000000000
111000010100001110010010110000011011000000000000000000000000000000000000000000000000000000000000
111001100010110101101110011101101011000000000000000000000000000000000000000000000000000000000000
010000100101100000101100000110001110000000000000000000000000000000000000000000000000000000000000
101110100001100101000100001001000000000000000000000000000000000000000000000000000000000000000000
100010010110111101101101010111011111000000000000000000000000000000000000000000000000000000000000
111010101101111111111100100011011001000000000000000000000000000000000000000000000000000000000000
110011100000100010011011010001100000000000000000000000000000000000000000000000000000000000000000
101111010101010001100011011110000110000000000000000000000000000000000000000000000000000000000000
101111111010001110100011011110011011000000000000000000000000000000000000000000000000000000000000
101111111000100100010111100110100000000000000000000000000000000000000000000000000000000000000000
010001110110100101011111000111110110000000000000000000000000000000000000000000000000000000000000
001001110101000000001101100000111011000000000000000000000000000000000000000000000000000000000000
101110011000101010100011000110110111000000000000000000000000000000000000000000000000000000000000
010101110111001010011100100110001010000000000000000000000000000000000000000000000000000000000000
001110000110101011011001001101100110000000000000000000000000000000000000000000000000000000000000
100000111100111111100111111000110001000000000000000000000000000000000000000000000000000000000000
001011010011001110110110111010101001000000000000000000000000000000000000000000000000000000000000
000100001010001101111001111000001101000000000000000000000000000000000000000000000000000000000000
000101100111101110100100110001010101000000000000000000000000000000000000000000000000000000000000
011100100011000100010100101101100001000000000000000000000000000000000000000000000000000000000000
011011010000110000101110011001101001000000000000000000000000000000000000000000000000000000000000
010100101011101011100010011000110000000000000000000000000000000000000000000000000000000000000000
111111001110111111000100101100001110000000000000000000000000000000000000000000000000000000000000
101100100001111110110111110011001111000000000000000000000000000000000000000000000000000000000000
111101001111000100010101011101011010000000000000000000000000000000000000000000000000000000000000
110000100101100000101001001100011101000000000000000000000000000000000000000000000000000000000000
101111110110011000011001101101000000000000000000000000000000000000000000000000000000000000000000
110101010000100011010001010011001001000000000000000000000000000000000000000000000000000000000000
101001010100011101010011101011001111000000000000000000000000000000000000000000000000000000000000
011100000011101011011010111111001101000000000000000000000000000000000000000000000000000000000000
001001110110110111001101001100000010000000000000000000000000000000000000000000000000000000000000
101101010101010010101001011010111111000000000000000000000000000000000000000000000000000000000000
110011100011010001101001001010010010000000000000000000000000000000000000000000000000000000000000
000110001011100000001000000111010011000000000000000000000000000000000000000000000000000000000000
000100001010111110111010000110000111000000000000000000000000000000000000000000000000000000000000
010101011000110000000100011100101000000000000000000000000000000000000000000000000000000000000000
001010010100101010001100000000000011000000000000000000000000000000000000000000000000000000000000
101111101001011110110001000010000001000000000000000000000000000000000000000000000000000000000000
010011100011000110000010101000010100000000000000000000000000000000000000000000000000000000000000
101011000111000101110010001001110100000000000000000000000000000000000000000000000000000000000000
110111000100000001101011111001111101000000000000000000000000000000000000000000000000000000000000
000001001011111110100011001110000010000000000000000000000000000000000000000000000000000000000000
110000111100000001101110111010100111000000000000000000000000000000000000000000000000000000000000
001011100111011110011100010111000101000000000000000000000000000000000000000000000000000000000000
101001000000101110111011010010001001000000000000000000000000000000000000000000000000000000000000
000101110010111000101011010110101001000000000000000000000000000000000000000000000000000000000000
011001111010011111011011000000010000000000000000000000000000000000000000000000000000000000000000
101000101010011011011110000111110110000000000000000000000000000000000000000000000000000000000000
011111100011010011000110001011001000000000000000000000000000000000000000000000000000000000000000
100100101000111101100001110100110001000000000000000000000000000000000000000000000000000000000000
110001011100110010101100001100101011000000000000000000000000000000000000000000000000000000000000
001010011100001001100010101010100010000000000000000000000000000000000000000000000000000000000000
111101010001101100101011010000100001000000000000000000000000000000000000000000000000000000000000
110101110101011010100111010100010110000000000000000000000000000000000000000000000000000000000000
001110101111000110110011110000010001000000000000000000000000000000000000000000000000000000000000
100110000001001000111100010101000000000000000000000000000000000000000000000000000000000000000000
101100000110111100001001110100111010000000000000000000000000000000000000000000000000000000000000
101001111011011100110000100111110111000000000000000000000000000000000000000000000000000000000000
101110010100000111100100101110111001000000000000000000000000000000000000000000000000000000000000
101010010100101100111100111111010101000000000000000000000000000000000000000000000000000000000000
110010100001101011101001111000100011000000000000000000000000000000000000000000000000000000000000
111010000000000000100101010111000011000000000000000000000000000000000000000000000000000000000000
011001110001010110000001011100010010000000000000000000000000000000000000000000000000000000000000
101010100101110010001011110011100001000000000000000000000000000000000000000000000000000000000000
111100000111110110101011001100000010000000000000000000000000000000000000000000000000000000000000
111110010110110000000010011100011101000000000000000000000000000000000000000000000000000000000000
001111011010000001011111000010001111000000000000000000000000000000000000000000000000000000000000
111000111110010001000100101110110001000000000000000000000000000000000000000000000000000000000000
000000100110100110100101010001010000000000000000000000000000000000000000000000000000000000000000
100010111000010001101011010010000000000000000000000000000000000000000000000000000000000000000000
101010111110110001000111010101101100000000000000000000000000000000000000000000000000000000000000
101100000101000011000011111110001001000000000000000000000000000000000000000000000000000000000000
101101001101011110001100110100111000000000000000000000000000000000000000000000000000000000000000
000000001101111111100011110101111010000000000000000000000000000000000000000000000000000000000000
010010100110010011000111001001110101000000000000000000000000000000000000000000000000000000000000
001001110010010100001010111110111111000000000000000000000000000000000000000000000000000000000000
001010100111000011100110110111110110000000000000000000000000000000000000000000000000000000000000
010101011000111110001010000100001100000000000000000000000000000000000000000000000000000000000000
010101101001010111001011011111101001000000000000000000000000000000000000000000000000000000000000
011100101000011010111011011100110000000000000000000000000000000000000000000000000000000000000000
000100100110110100111101010000100010000000000000000000000000000000000000000000000000000000000000
110011111100001111100010100010111010000000000000000000000000000000000000000000000000000000000000
010010111101001110011100011011111100000000000000000000000000000000000000000000000000000000000000
001010111110001111000110001100011001000000000000000000000000000000000000000000000000000000000000
010101011110011000110110010000000111000000000000000000000000000000000000000000000000000000000000
011100110000011110001000100011010111000000000000000000000000000000000000000000000000000000000000
110010000000000000110100111001000100000000000000000000000000000000000000000000000000000000000000
101011100010100001001101101101001000000000000000000000000000000000000000000000000000000000000000
010110010110000001100010000000110000000000000000000000000000000000000000000000000000000000000000
001100111000011010001010010101100001000000000000000000000000000000000000000000000000000000000000
000101110100000101110000001011110000000000000000000000000000000000000000000000000000000000000000
100100000111110001000100111110100010000000000000000000000000000000000000000000000000000000000000
100111101100011010000011111110100110000000000000000000000000000000000000000000000000000000000000
000001000001100001111010010000010000000000000000000000000000000000000000000000000000000000000000
001110001111010111101101111111000110000000000000000000000000000000000000000000000000000000000000
010111110110110011000000110110111100000000000000000000000000000000000000000000000000000000000000
110100011000100011110100110100001001000000000000000000000000000000000000000000000000000000000000
011101101011111110011011101100111101000000000000000000000000000000000000000000000000000000000000
101001011011000110101000001100101111000000000000000000000000000000000000000000000000000000000000
110101000011000111111110100111111100000000000000000000000000000000000000000000000000000000000000
101010111000011010110010100000111010000000000000000000000000000000000000000000000000000000000000
011111100000010101100100010110001011000000000000000000000000000000000000000000000000000000000000
011001110000001010100001000111001100000000000000000000000000000000000000000000000000000000000000
110000010111111010011001101011101011000000000000000000000000000000000000000000000000000000000000
101000011000011100110101010011110100000000000000000000000000000000000000000000000000000000000000
111011000100001100110110100001111011000000000000000000000000000000000000000000000000000000000000
111110100010101001011100011011011100000000000000000000000000000000000000000000000000000000000000
000000010111101000110101010010001011000000000000000000000000000000000000000000000000000000000000
000001000000011011101010000001110001000000000000000000000000000000000000000000000000000000000000
111100111011110101000011010001110101000000000000000000000000000000000000000000000000000000000000
001110111001100000000000101100101100000000000000000000000000000000000000000000000000000000000000
010111100100011011000001111001000110000000000000000000000000000000000000000000000000000000000000
110101011111110110101001001111101111000000000000000000000000000000000000000000000000000000000000
111011111010111000001010001000100101000000000000000000000000000000000000000000000000000000000000
111001110100111100101110000000010001000000000000000000000000000000000000000000000000000000000000
110100100101010110001110000010111100000000000000000000000000000000000000000000000000000000000000
011101001011011110000010010011100111000000000000000000000000000000000000000000000000000000000000
010100100001001111101101111010101000000000000000000000000000000000000000000000000000000000000000
000011101111110011010000100111001010000000000000000000000000000000000000000000000000000000000000
010010011011010100100010000100001100000000000000000000000000000000000000000000000000000000000000
011000000010011110000000111000101000000000000000000000000000000000000000000000000000000000000000
100101111100011000011101011010001101000000000000000000000000000000000000000000000000000000000000
110011001001110010001101000100110111000000000000000000000000000000000000000000000000000000000000
000010011110110101110000011110111111000000000000000000000000000000000000000000000000000000000000
010000111001011011010110010010110010000000000000000000000000000000000000000000000000000000000000
100000001100011010000011101110100000000000000000000000000000000000000000000000000000000000000000
110000100010010111011011000001111000000000000000000000000000000000000000000000000000000000000000
111011011010000101001111101011110101000000000000000000000000000000000000000000000000000000000000
111010100010001110101110011000111111000000000000000000000000000000000000000000000000000000000000
111111011000101110000100000101101111000000000000000000000000000000000000000000000000000000000000
100100111010000100101010110010111000000000000000000000000000000000000000000000000000000000000000
101111111010101101100011101001110101000000000000000000000000000000000000000000000000000000000000
111010110100111110010111001000011011000000000000000000000000000000000000000000000000000000000000
110110110110111100110011101111111111000000000000000000000000000000000000000000000000000000000000
110100100001110011111001110010100100000000000000000000000000000000000000000000000000000000000000
101000110111010000111100011100011110000000000000000000000000000000000000000000000000000000000000
000010010101011001011110011111011110000000000000000000000000000000000000000000000000000000000000
110100000101011001011111011011000100000000000000000000000000000000000000000000000000000000000000
011011011011000001011010000000000000000000000000000000000000000000000000000000000000000000000000
010100100000010001111111111010001010000000000000000000000000000000000000000000000000000000000000
100101011111010011001101100010111110000000000000000000000000000000000000000000000000000000000000
100111000101011001110110101100100011000000000000000000000000000000000000000000000000000000000000
101110000010011001110001000101001001000000000000000000000000000000000000000000000000000000000000
000001001010101111110001001001000010000000000000000000000000000000000000000000000000000000000000
010100001011011111001110000010010101000000000000000000000000000000000000000000000000000000000000
010001011000111010001001100111011010000000000000000000000000000000000000000000000000000000000000
110101100111100001100010011000001001000000000000000000000000000000000000000000000000000000000000
110000101010010110111001111010111101000000000000000000000000000000000000000000000000000000000000
010101010100011010010011101111011011000000000000000000000000000000000000000000000000000000000000
110110101010001100110110011111010111000000000000000000000000000000000000000000000000000000000000
010001100000100111011100111001111010000000000000000000000000000000000000000000000000000000000000
000110101000100010000101101010101000000000000000000000000000000000000000000000000000000000000000
101110000101011000001110011001000001000000000000000000000000000000000000000000000000000000000000
110011101101100110110110100000100000000000000000000000000000000000000000000000000000000000000000
000011011001010111000000000000001011000000000000000000000000000000000000000000000000000000000000
111001000111010110011011001111100101000000000000000000000000000000000000000000000000000000000000
011001110100011101010101101010101011000000000000000000000000000000000000000000000000000000000000
111010110001010100100100111111111010000000000000000000000000000000000000000000000000000000000000
100101101111101110111000011011011001000000000000000000000000000000000000000000000000000000000000
010001110100110100100110010000010111000000000000000000000000000000000000000000000000000000000000
111111110111001000001011111101101000000000000000000000000000000000000000000000000000000000000000
111100100000111101110110011011100111000000000000000000000000000000000000000000000000000000000000
110011000111110101111101001100111011000000000000000000000000000000000000000000000000000000000000
101000011111000010010000000001000101000000000000000000000000000000000000000000000000000000000000
110111111000110110001101101100111111000000000000000000000000000000000000000000000000000000000000
001000111000000100110011110111110101000000000000000000000000000000000000000000000000000000000000
111101010101001100111111000110111101000000000000000000000000000000000000000000000000000000000000
001001110110111011111001101001010000000000000000000000000000000000000000000000000000000000000000
111100001011110110011110011001100111000000000000000000000000000000000000000000000000000000000000
101010101010010111100011000011100100000000000000000000000000000000000000000000000000000000000000
001010010110011100110111011110111011000000000000000000000000000000000000000000000000000000000000
010100001111011110110001000000101011000000000000000000000000000000000000000000000000000000000000
011011010010010011111001000011001001000000000000000000000000000000000000000000000000000000000000
111101001011001011010010110011101011000000000000000000000000000000000000000000000000000000000000
100011000000011110100010000000110010000000000000000000000000000000000000000000000000000000000000
001100110001100010100000101000100110000000000000000000000000000000000000000000000000000000000000
010111100000111011100100001011111110000000000000000000000000000000000000000000000000000000000000
101010110101101010011000110001001100000000000000000000000000000000000000000000000000000000000000
101010000111011011010000110000111010000000000000000000000000000000000000000000000000000000000000
101111101111001000101111010011100000000000000000000000000000000000000000000000000000000000000000
101111101110101110010010001001010001000000000000000000000000000000000000000000000000000000000000
100010011011010101111010010010000001000000000000000000000000000000000000000000000000000000000000
011011100010010011111001111110000001000000000000000000000000000000000000000000000000000000000000
001000011110011011010010100100000010000000000000000000000000000000000000000000000000000000000000
011101011000100010000001100010010000000000000000000000000000000000000000000000000000000000000000
010011010010001000010100111010100110000000000000000000000000000000000000000000000000000000000000
100110000100001110000010000001000101000000000000000000000000000000000000000000000000000000000000
111011101010011100001001110111100111000000000000000000000000000000000000000000000000000000000000
001110111010011110110010000011000010000000000000000000000000000000000000000000000000000000000000
011101011110110111111101000000011110000000000000000000000000000000000000000000000000000000000000
111100001110111011000110001110011011000000000000000000000000000000000000000000000000000000000000
010001010010100111110001100101001111000000000000000000000000000000000000000000000000000000000000
000010001011100110011100001100001000000000000000000000000000000000000000000000000000000000000000
110010110001010001111001110110010001000000000000000000000000000000000000000000000000000000000000
001110110110101111011101110100110111000000000000000000000000000000000000000000000000000000000000
011000100111000000001111100011001111000000000000000000000000000000000000000000000000000000000000
110001100010101011111110110100110100000000000000000000000000000000000000000000000000000000000000
110000010100111001010110111110001111000000000000000000000000000000000000000000000000000000000000
000111011111000101100011101100001001000000000000000000000000000000000000000000000000000000000000
011101010111001100011011100100111100000000000000000000000000000000000000000000000000000000000000
011100001101110111111111111101010110000000000000000000000000000000000000000000000000000000000000
000010000101101100001001101011111100000000000000000000000000000000000000000000000000000000000000
101101111100011001110111110001001111000000000000000000000000000000000000000000000000000000000000
111010111001000011101001011110000000000000000000000000000000000000000000000000000000000000000000
101000010111000000100000010111111110000000000000000000000000000000000000000000000000000000000000
010111001001111100110110100001000010000000000000000000000000000000000000000000000000000000000000
110000010111100000010011010011110111000000000000000000000000000000000000000000000000000000000000
110110011100110001010001101111100110000000000000000000000000000000000000000000000000000000000000
010011001100011101010011010111011001000000000000000000000000000000000000000000000000000000000000
101100000010001101011100111011110101000000000000000000000000000000000000000000000000000000000000
011100011101001110010001001010011100000000000000000000000000000000000000000000000000000000000000
001000000100001001110001100011110001000000000000000000000000000000000000000000000000000000000000
111001010101101111101011100001100001000000000000000000000000000000000000000000000000000000000000
110110000101101011110101111001001100000000000000000000000000000000000000000000000000000000000000
100110010011010100111011100110100100000000000000000000000000000000000000000000000000000000000000
100001011111111110100010110100110110000000000000000000000000000000000000000000000000000000000000
110101001011101010000100001010010101000000000000000000000000000000000000000000000000000000000000
011110110011001000010000000111101110000000000000000000000000000000000000000000000000000000000000
110111101001100110110010110011110101000000000000000000000000000000000000000000000000000000000000
000001010001011110101011001101010011000000000000000000000000000000000000000000000000000000000000
000101000010001001111111101100011101000000000000000000000000000000000000000000000000000000000000
111101100101101001000010000101010010000000000000000000000000000000000000000000000000000000000000
111111011010001011001111001111011111000000000000000000000000000000000000000000000000000000000000
011111010100101001001001000001011011000000000000000000000000000000000000000000000000000000000000
001010111010001101001000101010000111000000000000000000000000000000000000000000000000000000000000
111000001001110111101001110000100011000000000000000000000000000000000000000000000000000000000000
011111011110000110100111011001100010000000000000000000000000000000000000000000000000000000000000
001110010100001101101001111110010101000000000000000000000000000000000000000000000000000000000000
101110011100101101111011011001000011000000000000000000000000000000000000000000000000000000000000
011011111100011000011000000110101101000000000000000000000000000000000000000000000000000000000000
011101101001001100000111100000111000000000000000000000000000000000000000000000000000000000000000
110011111100101110010111000111111010000000000000000000000000000000000000000000000000000000000000
010101111110100100111101110101101010000000000000000000000000000000000000000000000000000000000000
111100001110010011101100000110110101000000000000000000000000000000000000000000000000000000000000
010110010100000101000010000100100000000000000000000000000000000000000000000000000000000000000000
001100100100011011010110011010001010000000000000000000000000000000000000000000000000000000000000
100010100110011011001000001100101101000000000000000000000000000000000000000000000000000000000000
010111000010110010110101001010001101000000000000000000000000000000000000000000000000000000000000
110100100111011010101100010011111001000000000000000000000000000000000000000000000000000000000000
110100100011110000111100100000111100000000000000000000000000000000000000000000000000000000000000
110100010110000011010001010111100111000000000000000000000000000000000000000000000000000000000000
010110010001110001111000100101111011000000000000000000000000000000000000000000000000000000000000
111011110000110100111100010001000011000000000000000000000000000000000000000000000000000000000000
100111000011110111101110000010001001000000000000000000000000000000000000000000000000000000000000
000011010001001000110110111000011100000000000000000000000000000000000000000000000000000000000000
010101010000111000001100000110000110000000000000000000000000000000000000000000000000000000000000
010011100010011100000000101101111110000000000000000000000000000000000000000000000000000000000000
101111001001000011111100110000100010000000000000000000000000000000000000000000000000000000000000
101011111001000010110100010011001100000000000000000000000000000000000000000000000000000000000000
101110111110111111100010001110000001000000000000000000000000000000000000000000000000000000000000
110100000111111011110101010010000000000000000000000000000000000000000000000000000000000000000000
100111110001011110000010111100111000000000000000000000000000000000000000000000000000000000000000
010101110100011001001101000100111101000000000000000000000000000000000000000000000000000000000000
000001101111011011011110001010100100000000000000000000000000000000000000000000000000000000000000
101111100000110101100010110000000000000000000000000000000000000000000000000000000000000000000000
101110101101011000110010001011011010000000000000000000000000000000000000000000000000000000000000
101010111000000111101100000100000000000000000000000000000000000000000000000000000000000000000000
001011000100100010110011110101010010000000000000000000000000000000000000000000000000000000000000
011100101010100000010100110010111111000000000000000000000000000000000000000000000000000000000000
000001010110010001111111001011011001000000000000000000000000000000000000000000000000000000000000
100100111011000101101100000000011101000000000000000000000000000000000000000000000000000000000000
100001011101110100100001111100001001000000000000000000000000000000000000000000000000000000000000
001001010100011100001000011011000000000000000000000000000000000000000000000000000000000000000000
010100100011111001000000110010000010000000000000000000000000000000000000000000000000000000000000
100111010101100111111110000010110111000000000000000000000000000000000000000000000000000000000000
110101110101001111000000110001001111000000000000000000000000000000000000000000000000000000000000
001111000110101100001111011100001010000000000000000000000000000000000000000000000000000000000000
111010001111000010010010101001001001000000000000000000000000000000000000000000000000000000000000
001100110010000011101100001100001001000000000000000000000000000000000000000000000000000000000000
011101101110100111010101011001101010000000000000000000000000000000000000000000000000000000000000
100010001111110110011011100110000001000000000000000000000000000000000000000000000000000000000000
110000001010011100011100010010000001000000000000000000000000000000000000000000000000000000000000
010000011010000001000010100011110000000000000000000000000000000000000000000000000000000000000000
111010001010100110111111100011001010000000000000000000000000000000000000000000000000000000000000
011100101100011100111101011001000100000000000000000000000000000000000000000000000000000000000000
110010011001000101111110000001010101000000000000000000000000000000000000000000000000000000000000
110100000110011111101111010000100110000000000000000000000000000000000000000000000000000000000000
100010000100010000101001001011101110000000000000000000000000000000000000000000000000000000000000
010111111000100010001010011000100100000000000000000000000000000000000000000000000000000000000000
101011011101010101100110011010111000000000000000000000000000000000000000000000000000000000000000
111101010111110011101101101001101110000000000000000000000000000000000000000000000000000000000000
111010001110101101111100011000110100000000000000000000000000000000000000000000000000000000000000
111011001100110000111110010111001011000000000000000000000000000000000000000000000000000000000000
110100011011001011111100011001000001000000000000000000000000000000000000000000000000000000000000
000001110011110110100011111111100011000000000000000000000000000000000000000000000000000000000000
110001011101000011000010111001111001000000000000000000000000000000000000000000000000000000000000
011111100011101011011101001001010100000000000000000000000000000000000000000000000000000000000000
010110010011111110000101110111011010000000000000000000000000000000000000000000000000000000000000
100010100000110010111011110001001010000000000000000000000000000000000000000000000000000000000000
100011000000001111001011000110011101000000000000000000000000000000000000000000000000000000000000
010011100001000001110111100011011011000000000000000000000000000000000000000000000000000000000000
100110010110111011101101001001100110000000000000000000000000000000000000000000000000000000000000
100111101010100101111001110110111001000000000000000000000000000000000000000000000000000000000000
111100011001001110011110111100110011000000000000000000000000000000000000000000000000000000000000
010111000010101111111001000011110000000000000000000000000000000000000000000000000000000000000000
000011000001111011101110010100011111000000000000000000000000000000000000000000000000000000000000
010001010010010000100001111111111110000000000000000000000000000000000000000000000000000000000000
001010001001100110111010000001011011000000000000000000000000000000000000000000000000000000000000
000101010001001111001000111101100111000000000000000000000000000000000000000000000000000000000000
011000001011001111000111111100000001000000000000000000000000000000000000000000000000000000000000
010110100111011011001100010110000100000000000000000000000000000000000000000000000000000000000000
001110000000011001000001010011101010000000000000000000000000000000000000000000000000000000000000
110001010100011010101010010001010000000000000000000000000000000000000000000000000000000000000000
000001100000010111010110010010101010000000000000000000000000000000000000000000000000000000000000
000001101111100111111101001111001111000000000000000000000000000000000000000000000000000000000000
001011000000000010000011101010001010000000000000000000000000000000000000000000000000000000000000
001010101110110010001010111111101010000000000000000000000000000000000000000000000000000000000000
100011001011001110010010100011011011000000000000000000000000000000000000000000000000000000000000
111011000011110111111011100011110101000000000000000000000000000000000000000000000000000000000000
101111001010000001001011001101100001000000000000000000000000000000000000000000000000000000000000
110010101111001111111110001100101011000000000000000000000000000000000000000000000000000000000000
001000110101000001100101110010001001000000000000000000000000000000000000000000000000000000000000
010100001100101100101000101101001011000000000000000000000000000000000000000000000000000000000000
111001100110001010111000111011111101000000000000000000000000000000000000000000000000000000000000
110101000010111101100101000100111000000000000000000000000000000000000000000000000000000000000000
011111111000101100110111101101000000000000000000000000000000000000000000000000000000000000000000
110101111011110011101111111000000000000000000000000000000000000000000000000000000000000000000000
011111011110011110010110011000111000000000000000000000000000000000000000000000000000000000000000
010001011010111100100111010001110100000000000000000000000000000000000000000000000000000000000000
111001111010100011000100111101110000000000000000000000000000000000000000000000000000000000000000
110110000000001101010000100010110111000000000000000000000000000000000000000000000000000000000000
001011000101011101110000110010111010000000000000000000000000000000000000000000000000000000000000
101010011001100100101010110101101010000000000000000000000000000000000000000000000000000000000000
101110011001000010000110111100000110000000000000000000000000000000000000000000000000000000000000
110101100111100000100011110011111100000000000000000000000000000000000000000000000000000000000000
100101100100101100111011010101010101000000000000000000000000000000000000000000000000000000000000
100011010011111110001110111010100100000000000000000000000000000000000000000000000000000000000000
000111110110111110001101111111110011000000000000000000000000000000000000000000000000000000000000
001010001110100101000000110010111101000000000000000000000000000000000000000000000000000000000000
001100010011010101110000011010011101000000000000000000000000000000000000000000000000000000000000
011111001001110111011001101011000101000000000000000000000000000000000000000000000000000000000000
000001000010110000001010001000101001000000000000000000000000000000000000000000000000000000000000
111011100111101001110010010110001110000000000000000000000000000000000000000000000000000000000000
101101101110010000010110011001010100000000000000000000000000000000000000000000000000000000000000
000100101100101010000011010100000110000000000000000000000000000000000000000000000000000000000000
101001001000011101101110101000100000000000000000000000000000000000000000000000000000000000000000
110010000010010110000110111010011101000000000000000000000000000000000000000000000000000000000000
000000011111010011110001011011010111000000000000000000000000000000000000000000000000000000000000
000011101010101111111010001011000111000000000000000000000000000000000000000000000000000000000000
110111000011101001101001001100010111000000000000000000000000000000000000000000000000000000000000
010111110011111011010100100110001010000000000000000000000000000000000000000000000000000000000000
100000001000011100010101101110110000000000000000000000000000000000000000000000000000000000000000
001101101101000100000000010001101010000000000000000000000000000000000000000000000000000000000000
101011000100010101000011110011101101000000000000000000000000000000000000000000000000000000000000
100011111010001001100100001100111000000000000000000000000000000000000000000000000000000000000000
100101100111111001101100101001000001000000000000000000000000000000000000000000000000000000000000
011011111001000000001011011010111101000000000000000000000000000000000000000000000000000000000000
010001100001100001111100010110001100000000000000000000000000000000000000000000000000000000000000
101001100101011010110110101110010110000000000000000000000000000000000000000000000000000000000000
110001000100110000110011001100100111000000000000000000000000000000000000000000000000000000000000
111110101000110011100011011101001000000000000000000000000000000000000000000000000000000000000000
010100000011101000000100101110101001000000000000000000000000000000000000000000000000000000000000
111011011001001100101111010000010000000000000000000000000000000000000000000000000000000000000000
100011001110000100110101010100010110000000000000000000000000000000000000000000000000000000000000
011111100111100110010110000001100111000000000000000000000000000000000000000000000000000000000000
000100110100010101000010011010111110000000000000000000000000000000000000000000000000000000000000
000001110010101001100000010010011100000000000000000000000000000000000000000000000000000000000000
110101111011111100101101110101011111000000000000000000000000000000000000000000000000000000000000
010110111010011000001100011010010110000000000000000000000000000000000000000000000000000000000000
111111100111110011011101011111011000000000000000000000000000000000000000000000000000000000000000
011100000001001101001111010010111100000000000000000000000000000000000000000000000000000000000000
010100111011101101001011010001110000000000000000000000000000000000000000000000000000000000000000
010111110100000111000101000010001000000000000000000000000000000000000000000000000000000000000000
110001110111101101010011100111011001000000000000000000000000000000000000000000000000000000000000
001101001110001001000001000100000111000000000000000000000000000000000000000000000000000000000000
001101100110001101111110010100101100000000000000000000000000000000000000000000000000000000000000
011101100011001011111110001001011110000000000000000000000000000000000000000000000000000000000000
000101010101101001111111011101111111000000000000000000000000000000000000000000000000000000000000
110001100001110100111111000000000111000000000000000000000000000000000000000000000000000000000000
010100000011010111001111100011111010000000000000000000000000000000000000000000000000000000000000
101111010100011111100010011000111110000000000000000000000000000000000000000000000000000000000000
001000010011010000111111101001100110000000000000000000000000000000000000000000000000000000000000
100100111110001010111101110101000001000000000000000000000000000000000000000000000000000000000000
110111001011100101100010010000010100000000000000000000000000000000000000000000000000000000000000
010010000000110000011010100100111000000000000000000000000000000000000000000000000000000000000000
011111101011101100011110011001010101000000000000000000000000000000000000000000000000000000000000
101010001100010010110000010110001110000000000000000000000000000000000000000000000000000000000000
010011101101100110010001110111010011000000000000000000000000000000000000000000000000000000000000
000110001111101000011000010010111010000000000000000000000000000000000000000000000000000000000000
011111010010010011100110010001111000000000000000000000000000000000000000000000000000000000000000
101001110111100100100010110111110101000000000000000000000000000000000000000000000000000000000000
100011110111010101000100101010111111000000000000000000000000000000000000000000000000000000000000
001101110100011101010000111001011100000000000000000000000000000000000000000000000000000000000000
000110010111111101001110100111011001000000000000000000000000000000000000000000000000000000000000
010101001000011011111010111001010101000000000000000000000000000000000000000000000000000000000000
110000001011010000010011010101000011000000000000000000000000000000000000000000000000000000000000
010010000111100111000011111010010001000000000000000000000000000000000000000000000000000000000000
101000110001010100101101011111100100000000000000000000000000000000000000000000000000000000000000
100111011001000101000110001110111000000000000000000000000000000000000000000000000000000000000000
011111110110110100000100111011110000000000000000000000000000000000000000000000000000000000000000
010101001001010011101011010111000010000000000000000000000000000000000000000000000000000000000000
110000101110000100111101110000111010000000000000000000000000000000000000000000000000000000000000
010101001100010111001100001010101010000000000000000000000000000000000000000000000000000000000000
011111010000100011100000010100101110000000000000000000000000000000000000000000000000000000000000
000111001111000011111010010001010001000000000000000000000000000000000000000000000000000000000000
010101011000101001001101010010111011000000000000000000000000000000000000000000000000000000000000
010110111111011010100011100101000010000000000000000000000000000000000000000000000000000000000000
111111001001110000011001011000011001000000000000000000000000000000000000000000000000000000000000
011001110111101100000011001000101111000000000000000000000000000000000000000000000000000000000000
001000000001111011101010100001110000000000000000000000000000000000000000000000000000000000000000
010011000011011111111011111100001001000000000000000000000000000000000000000000000000000000000000
011110100110010101001100110011111010000000000000000000000000000000000000000000000000000000000000
001011000101110000100111011011001110000000000000000000000000000000000000000000000000000000000000
101001101111101010101000110010110001000000000000000000000000000000000000000000000000000000000000
100010100101000010000011111111010110000000000000000000000000000000000000000000000000000000000000
111110100011110101001011010001000011000000000000000000000000000000000000000000000000000000000000
000000111101011011011000111010011100000000000000000000000000000000000000000000000000000000000000
010001011001100100111111100111110101000000000000000000000000000000000000000000000000000000000000
100010101010111101100010011100011000000000000000000000000000000000000000000000000000000000000000
010010001001110011011110000000101110000000000000000000000000000000000000000000000000000000000000
111001000101001110000000001011110101000000000000000000000000000000000000000000000000000000000000
100100010001010011100110101011110010000000000000000000000000000000000000000000000000000000000000
001111010110100010010011001101010001000000000000000000000000000000000000000000000000000000000000
110110111110100001001100010100111001000000000000000000000000000000000000000000000000000000000000
111110101101011111011100100011111101000000000000000000000000000000000000000000000000000000000000
011110000100111101100011101000111101000000000000000000000000000000000000000000000000000000000000
110110101100110101000100101000100101000000000000000000000000000000000000000000000000000000000000
111101010111110000101011111110011010000000000000000000000000000000000000000000000000000000000000
010001011101011011111111111000001001000000000000000000000000000000000000000000000000000000000000
011001100011000010000100001111101001000000000000000000000000000000000000000000000000000000000000
111001000100000100011000001101100000000000000000000000000000000000000000000000000000000000000000
010011111111011000100000110100001010000000000000000000000000000000000000000000000000000000000000
101101100100101110000010001010001111000000000000000000000000000000000000000000000000000000000000
111101010010101010111000011111010110000000000000000000000000000000000000000000000000000000000000
011110101110001101000010111010111111000000000000000000000000000000000000000000000000000000000000
010011110111000111001110001101000011000000000000000000000000000000000000000000000000000000000000
010011110110001101011101001101011010000000000000000000000000000000000000000000000000000000000000
011010000000111001011110000010100011000000000000000000000000000000000000000000000000000000000000
000110011101101000101000001010001001000000000000000000000000000000000000000000000000000000000000
100010011010010110100100100110011111000000000000000000000000000000000000000000000000000000000000
011010001110010010100010110100011111000000000000000000000000000000000000000000000000000000000000
100111000010101110110000110110111000000000000000000000000000000000000000000000000000000000000000
100010001000101100010100101110111000000000000000000000000000000000000000000000000000000000000000
100000111111000001001110111110000110000000000000000000000000000000000000000000000000000000000000
000001101011011101001000010111100111000000000000000000000000000000000000000000000000000000000000
111011010111001111100100011100000010000000000000000000000000000000000000000000000000000000000000
110111101100100000011101000001101110000000000000000000000000000000000000000000000000000000000000
010111011001110010001101010111101011000000000000000000000000000000000000000000000000000000000000
111110110101000011111011110011000000000000000000000000000000000000000000000000000000000000000000
011111011001101001100101111101011101000000000000000000000000000000000000000000000000000000000000
101111011001101011110000111111100001000000000000000000000000000000000000000000000000000000000000
100010101010110001110100000011010110000000000000000000000000000000000000000000000000000000000000
001010111000000101111011100001011111000000000000000000000000000000000000000000000000000000000000
101011000110101111101000001100101101000000000000000000000000000000000000000000000000000000000000
110100010000100000000000000101011100000000000000000000000000000000000000000000000000000000000000
001100101110111111101010010010011101000000000000000000000000000000000000000000000000000000000000
011011011011010000001100100110110000000000000000000000000000000000000000000000000000000000000000
111110011100100100101101110110100111000000000000000000000000000000000000000000000000000000000000
001011111001001010001101101011100011000000000000000000000000000000000000000000000000000000000000
110001001101000001011011011100111101000000000000000000000000000000000000000000000000000000000000
011111010111111100010101011111100100000000000000000000000000000000000000000000000000000000000000
010011011111110001001100000111000011000000000000000000000000000000000000000000000000000000000000
111010100000010000001011100011111101000000000000000000000000000000000000000000000000000000000000
110000010001110111111000001011111100000000000000000000000000000000000000000000000000000000000000
101010011101111010101001110110010001000000000000000000000000000000000000000000000000000000000000
010111100001111011000101111111101101000000000000000000000000000000000000000000000000000000000000
011000101001100101111100100100000011000000000000000000000000000000000000000000000000000000000000
110001001001110100110010010111111111000000000000000000000000000000000000000000000000000000000000
110101111110111010011110111001100110000000000000000000000000000000000000000000000000000000000000
111011110010110001010110101100110100000000000000000000000000000000000000000000000000000000000000
010000110111010010111010101101111011000000000000000000000000000000000000000000000000000000000000
000100010111111011011100011000101011000000000000000000000000000000000000000000000000000000000000
110110110011101111010011001100111000000000000000000000000000000000000000000000000000000000000000
000111001011010100010000010111000110000000000000000000000000000000000000000000000000000000000000
101001101011010000011000011001011010000000000000000000000000000000000000000000000000000000000000
010111111001100011011000000101100100000000000000000000000000000000000000000000000000000000000000
110001001111010111100110010001010011000000000000000000000000000000000000000000000000000000000000
001000011011000011011000011000011011000000000000000000000000000000000000000000000000000000000000
000101100101111011111011001110000011000000000000000000000000000000000000000000000000000000000000
001010101110000101110010011101011101000000000000000000000000000000000000000000000000000000000000
100001000001100000111101000100100000000000000000000000000000000000000000000000000000000000000000
011110110000110001000000011111010100000000000000000000000000000000000000000000000000000000000000
000011100101011100111100100001101001000000000000000000000000000000000000000000000000000000000000
000001111000110010001001000000110010000000000000000000000000000000000000000000000000000000000000
000010011000100101011100111001010011000000000000000000000000000000000000000000000000000000000000
010111000010011110011111010010111000000000000000000000000000000000000000000000000000000000000000
101010110110101011100111011010001001000000000000000000000000000000000000000000000000000000000000
110110011010100001110100101001001100000000000000000000000000000000000000000000000000000000000000
110100101000011100010111111001010001000000000000000000000000000000000000000000000000000000000000
001011011100011011110111110000000000000000000000000000000000000000000000000000000000000000000000
011001100000100010011010110001001100000000000000000000000000000000000000000000000000000000000000
101001101110110110010011100101000011000000000000000000000000000000000000000000000000000000000000
101010100111010111111100100001101110000000000000000000000000000000000000000000000000000000000000
110111111111101111011100001001111010000000000000000000000000000000000000000000000000000000000000
101100100100100100110001101101000011000000000000000000000000000000000000000000000000000000000000
001011010011011110001111010111001110000000000000000000000000000000000000000000000000000000000000
000100110110111001000011100011000110000000000000000000000000000000000000000000000000000000000000
100110110010000100001100111000011011000000000000000000000000000000000000000000000000000000000000
011101000101101011010111010000001100000000000000000000000000000000000000000000000000000000000000
011011011010000001010110111100111001000000000000000000000000000000000000000000000000000000000000
010001010100011010001011101001010111000000000000000000000000000000000000000000000000000000000000
100001111100101100100100000011110100000000000000000000000000000000000000000000000000000000000000
010000011000001101010000000011010000000000000000000000000000000000000000000000000000000000000000
001001111111001111100101011000110100000000000000000000000000000000000000000000000000000000000000
101001000101000110111110000001001011000000000000000000000000000000000000000000000000000000000000
011111101110010101001010110011100001000000000000000000000000000000000000000000000000000000000000
101101111010011101001001111001001111000000000000000000000000000000000000000000000000000000000000
001111100111001010111011111111011101000000000000000000000000000000000000000000000000000000000000
000000100000111101001011000111111011000000000000000000000000000000000000000000000000000000000000
001000010001011100110101010111010101000000000000000000000000000000000000000000000000000000000000
101011100101110111111000110101011110000000000000000000000000000000000000000000000000000000000000
010110100101100110110110110111111011000000000000000000000000000000000000000000000000000000000000
010011011001011110011000110110001111000000000000000000000000000000000000000000000000000000000000
011011111001011000100000101011100011000000000000000000000000000000000000000000000000000000000000
101110100101100111001111011000111001000000000000000000000000000000000000000000000000000000000000
111010000011011000001001110011000101000000000000000000000000000000000000000000000000000000000000
010011001111101000100111000100000101000000000000000000000000000000000000000000000000000000000000
010000110110110101001011000101101010000000000000000000000000000000000000000000000000000000000000
100110111110110111001001110010101000000000000000000000000000000000000000000000000000000000000000
010100110010111010110001011111100010000000000000000000000000000000000000000000000000000000000000
111101000100000000000001000100011111000000000000000000000000000000000000000000000000000000000000
110000010001111001011100110010111000000000000000000000000000000000000000000000000000000000000000
010110010000100010010001100010010111000000000000000000000000000000000000000000000000000000000000
100111101001010110010010111001110000000000000000000000000000000000000000000000000000000000000000
111110110111011110101110011111101001000000000000000000000000000000000000000000000000000000000000
100100010011101100001001101011001010000000000000000000000000000000000000000000000000000000000000
001110111010110010100010000011101010000000000000000000000000000000000000000000000000000000000000
110010011111011111110011101000110001000000000000000000000000000000000000000000000000000000000000
101010011100001000100111111010101110000000000000000000000000000000000000000000000000000000000000
010100010010110010100011010100101011000000000000000000000000000000000000000000000000000000000000
001011111001101101111001001111010001000000000000000000000000000000000000000000000000000000000000
011111111110101110111111010100101100000000000000000000000000000000000000000000000000000000000000
101011010001110110100101110101010010000000000000000000000000000000000000000000000000000000000000
000110101011100011001000000100111100000000000000000000000000000000000000000000000000000000000000
001010010001110001010101110100100010000000000000000000000000000000000000000000000000000000000000
111011001000010011101100110110010100000000000000000000000000000000000000000000000000000000000000
101010010100111101101010011000111000000000000000000000000000000000000000000000000000000000000000
111000010110000000011101101111010100000000000000000000000000000000000000000000000000000000000000
111101100011001111011100101011010011000000000000000000000000000000000000000000000000000000000000
010001010010011010011001010100100100000000000000000000000000000000000000000000000000000000000000
100111001110010100010111100101111010000000000000000000000000000000000000000000000000000000000000
001011100011001010101110000011110001000000000000000000000000000000000000000000000000000000000000
011010010000000100010101000100110010000000000000000000000000000000000000000000000000000000000000
111111100000101111001110001110010010000000000000000000000000000000000000000000000000000000000000
101111011101001100100010100011011100000000000000000000000000000000000000000000000000000000000000
100011111011010100100011010001000111000000000000000000000000000000000000000000000000000000000000
101100000101111101111000101000001110000000000000000000000000000000000000000000000000000000000000
110001101000001100000110111000111111000000000000000000000000000000000000000000000000000000000000
010010110010001110111101100100011101000000000000000000000000000000000000000000000000000000000000
100011110111010111000010011111110101000000000000000000000000000000000000000000000000000000000000
010100000101111011111001100110001011000000000000000000000000000000000000000000000000000000000000
011111111000111000011111110000101011000000000000000000000000000000000000000000000000000000000000
100001000100000101100001110010110001000000000000000000000000000000000000000000000000000000000000
011011000001000001010001110011101011000000000000000000000000000000000000000000000000000000000000
010111011000011011110000010110110011000000000000000000000000000000000000000000000000000000000000
011101001111100011100010000111111001000000000000000000000000000000000000000000000000000000000000
000110011001111011000110100011010101000000000000000000000000000000000000000000000000000000000000
100111110010011110100100111111100010000000000000000000000000000000000000000000000000000000000000
000011100111001101100110110000011110000000000000000000000000000000000000000000000000000000000000
001010111101010001111010100111000100000000000000000000000000000000000000000000000000000000000000
000001101001010110101111111101100001000000000000000000000000000000000000000000000000000000000000
100101010111000110100100000000000111000000000000000000000000000000000000000000000000000000000000
011101011110111100001110011110101010000000000000000000000000000000000000000000000000000000000000
101101100001101011101111000010010110000000000000000000000000000000000000000000000000000000000000
101000000110111001100000111100000010000000000000000000000000000000000000000000000000000000000000
010110000110101010111001010101011010000000000000000000000000000000000000000000000000000000000000
011110001010111011011011001101000000000000000000000000000000000000000000000000000000000000000000
000011101111101011100010110010110111000000000000000000000000000000000000000000000000000000000000
010001110010101101001000010111001011000000000000000000000000000000000000000000000000000000000000
101010001010011001110001010011011110000000000000000000000000000000000000000000000000000000000000
111111111110001110011001100010111100000000000000000000000000000000000000000000000000000000000000
011100011100111000111001100000111110000000000000000000000000000000000000000000000000000000000000
100111000110011001011110110000010110000000000000000000000000000000000000000000000000000000000000
101001100011010100100101000110100000000000000000000000000000000000000000000000000000000000000000
011001000010011001101000111010100101000000000000000000000000000000000000000000000000000000000000
011011111100010000101010010000111010000000000000000000000000000000000000000000000000000000000000
111000110110010000000101001101010001000000000000000000000000000000000000000000000000000000000000
000101000111001100110001010111011010000000000000000000000000000000000000000000000000000000000000
111000010111101001110100000101100101000000000000000000000000000000000000000000000000000000000000
101111000111001001010010101110011100000000000000000000000000000000000000000000000000000000000000
110111111100101010101011000011111100000000000000000000000000000000000000000000000000000000000000
010101101101000110100110001101001010000000000000000000000000000000000000000000000000000000000000
011101010100111101111111100010000100000000000000000000000000000000000000000000000000000000000000
111111001100000111101011010111110100000000000000000000000000000000000000000000000000000000000000
010111010000001111000101111101111100000000000000000000000000000000000000000000000000000000000000
010011001001100010111001110010101000000000000000000000000000000000000000000000000000000000000000
101011110000001010101001110001111111000000000000000000000000000000000000000000000000000000000000
000101111111011001110101000101100010000000000000000000000000000000000000000000000000000000000000
011001001000110000100111010011010011000000000000000000000000000000000000000000000000000000000000
000101111000100010101000110110111010000000000000000000000000000000000000000000000000000000000000
010000000100111101100111001000010001000000000000000000000000000000000000000000000000000000000000
101010101111001100100011101111110111000000000000000000000000000000000000000000000000000000000000
010011100111111101011000100001010100000000000000000000000000000000000000000000000000000000000000
101000010000111010001011001010111110000000000000000000000000000000000000000000000000000000000000
101101000111010001111011001011101000000000000000000000000000000000000000000000000000000000000000
001101101100100011111110101110011010000000000000000000000000000000000000000000000000000000000000
010000001101101111001010100110000101000000000000000000000000000000000000000000000000000000000000
101100011001111100110101011111000110000000000000000000000000000000000000000000000000000000000000
010101000010101011111001000100110101000000000000000000000000000000000000000000000000000000000000
001111000000010100011110111111001111000000000000000000000000000000000000000000000000000000000000
110001100001010111100101111110101001000000000000000000000000000000000000000000000000000000000000
101100001001100011011111011011011010000000000000000000000000000000000000000000000000000000000000
100110111101111110100011011110011111000000000000000000000000000000000000000000000000000000000000
111000001011100000111011111100011101000000000000000000000000000000000000000000000000000000000000
111101110001110010000010001111100100000000000000000000000000000000000000000000000000000000000000
011010000011001110010100111010001000000000000000000000000000000000000000000000000000000000000000
100110010111001101101010100010100111000000000000000000000000000000000000000000000000000000000000
111111010101000010010010001011101111000000000000000000000000000000000000000000000000000000000000
111010100111000101000101010111011000000000000000000000000000000000000000000000000000000000000000
110110011011100111001101100000101110000000000000000000000000000000000000000000000000000000000000
110100001100110001110001101111111110000000000000000000000000000000000000000000000000000000000000
110011101100001111011011001000000010000000000000000000000000000000000000000000000000000000000000
111010111111110111100100010101011100000000000000000000000000000000000000000000000000000000000000
110010001100101110100111101010010110000000000000000000000000000000000000000000000000000000000000
111110101010101110100111011100110001000000000000000000000000000000000000000000000000000000000000
100100101011100101100111011000101100000000000000000000000000000000000000000000000000000000000000
110010001010001110000110111101101111000000000000000000000000000000000000000000000000000000000000
000111111110111100110010001011100001000000000000000000000000000000000000000000000000000000000000
010110010010111100101101001101110101000000000000000000000000000000000000000000000000000000000000
100100011011110000100101111011101001000000000000000000000000000000000000000000000000000000000000
110101010110111010000010110110110110000000000000000000000000000000000000000000000000000000000000
000011110111000111010011101011000010000000000000000000000000000000000000000000000000000000000000
110111110010011101001101101100010011000000000000000000000000000000000000000000000000000000000000
101100010110111000111110100101001100000000000000000000000000000000000000000000000000000000000000
100111010100111000101001111110010110000000000000000000000000000000000000000000000000000000000000
100101101010111100011100100111011100000000000000000000000000000000000000000000000000000000000000
001001011111101010101101100101111000000000000000000000000000000000000000000000000000000000000000
101111001011100110010100111100111001000000000000000000000000000000000000000000000000000000000000
101100010110100010000100101010100110000000000000000000000000000000000000000000000000000000000000
011011001001001101111111011111001101000000000000000000000000000000000000000000000000000000000000
000111000110111010001010110001001010000000000000000000000000000000000000000000000000000000000000
111010000011101110101011101001000101000000000000000000000000000000000000000000000000000000000000
000101000101111000010011110011011010000000000000000000000000000000000000000000000000000000000000
010001000011110110001000000111000011000000000000000000000000000000000000000000000000000000000000
111010001011100101000101110110001111000000000000000000000000000000000000000000000000000000000000
010001001101111111110001010100111000000000000000000000000000000000000000000000000000000000000000
011100111000111110101101100001111110000000000000000000000000000000000000000000000000000000000000
111000101000111000010000111000111001000000000000000000000000000000000000000000000000000000000000
101010010000111000101110110100011110000000000000000000000000000000000000000000000000000000000000
000011100111101100111100000110101101000000000000000000000000000000000000000000000000000000000000
111001010111101011111010111001111011000000000000000000000000000000000000000000000000000000000000
001110001000010100111001000010111101000000000000000000000000000000000000000000000000000000000000
101000101001000111111011100010111100000000000000000000000000000000000000000000000000000000000000
111111100100101110111001101001000001000000000000000000000000000000000000000000000000000000000000
001011101110011000010001111100010110000000000000000000000000000000000000000000000000000000000000
101101000001100100100101011001111011000000000000000000000000000000000000000000000000000000000000
000101111001011111010000110111001100000000000000000000000000000000000000000000000000000000000000
010100111000101000000111111011111111000000000000000000000000000000000000000000000000000000000000
011010001100001101010001100101101101000000000000000000000000000000000000000000000000000000000000
110101100001100010101100100110010011000000000000000000000000000000000000000000000000000000000000
100101110111110010000110001110011010000000000000000000000000000000000000000000000000000000000000
010111000101001001011100101001000000000000000000000000000000000000000000000000000000000000000000
101000101010001011011100010000001010000000000000000000000000000000000000000000000000000000000000
111001001111001110001100101010001010000000000000000000000000000000000000000000000000000000000000
101101010010010010110000011110010111000000000000000000000000000000000000000000000000000000000000
010000110111001100001001011111010000000000000000000000000000000000000000000000000000000000000000
011000101011110011010111111101000000000000000000000000000000000000000000000000000000000000000000
111110001010110111001110100010010111000000000000000000000000000000000000000000000000000000000000
111110101111011011110011100011001110000000000000000000000000000000000000000000000000000000000000
111110100100111100011110001010111001000000000000000000000000000000000000000000000000000000000000
010111100110001101101110100000101000000000000000000000000000000000000000000000000000000000000000
001100011100011111001100101011001011000000000000000000000000000000000000000000000000000000000000
110101011100110100100111011101000010000000000000000000000000000000000000000000000000000000000000
101110111101001001100001110000101010000000000000000000000000000000000000000000000000000000000000
111101000100110000001100011011010110000000000000000000000000000000000000000000000000000000000000
100010010011110101110111111110011010000000000000000000000000000000000000000000000000000000000000
111100100010100111010001101101010001000000000000000000000000000000000000000000000000000000000000
000001101110001100101101101011101010000000000000000000000000000000000000000000000000000000000000
010011000011110000100010011100010110000000000000000000000000000000000000000000000000000000000000
110000101000001001000101110111001011000000000000000000000000000000000000000000000000000000000000
010010010100001111001010001100011101000000000000000000000000000000000000000000000000000000000000
100011101001101101001101101100000011000000000000000000000000000000000000000000000000000000000000
010010100100001011100001110010111110000000000000000000000000000000000000000000000000000000000000
110110011001000011100100001110001011000000000000000000000000000000000000000000000000000000000000
010110001111010110000000110110111011000000000000000000000000000000000000000000000000000000000000
111111010100000000000100110011011011000000000000000000000000000000000000000000000000000000000000
111001101110111101100001000110101101000000000000000000000000000000000000000000000000000000000000
111100111100010110110001110111100011000000000000000000000000000000000000000000000000000000000000
010000011100010111010110110110001111000000000000000000000000000000000000000000000000000000000000
001111101010111010010100010101011000000000000000000000000000000000000000000000000000000000000000
100110110101010010101011110001001111000000000000000000000000000000000000000000000000000000000000
011100110111111110100110000000000111000000000000000000000000000000000000000000000000000000000000
001111111010101000000101000011000000000000000000000000000000000000000000000000000000000000000000
100111001001110000101110000000101011000000000000000000000000000000000000000000000000000000000000
000100010001100100001101001000011111000000000000000000000000000000000000000000000000000000000000
010111101010011001000101110100100110000000000000000000000000000000000000000000000000000000000000
111100000000100101100101110011010001000000000000000000000000000000000000000000000000000000000000
000011000111100110011011101111011000000000000000000000000000000000000000000000000000000000000000
101011111000001011000110110110100010000000000000000000000000000000000000000000000000000000000000
010011111110110100111100101011101100000000000000000000000000000000000000000000000000000000000000
010111001101111110110001010101111100000000000000000000000000000000000000000000000000000000000000
100010110111011011111001101111111111000000000000000000000000000000000000000000000000000000000000
110111100010110110110100000110111011000000000000000000000000000000000000000000000000000000000000
110011101001000101101110111000010010000000000000000000000000000000000000000000000000000000000000
101101111101010111110100010010000111000000000000000000000000000000000000000000000000000000000000
111000100111001111101000101100110000000000000000000000000000000000000000000000000000000000000000
111110010111101111001101110010000101000000000000000000000000000000000000000000000000000000000000
000110011111111001011000001101000101000000000000000000000000000000000000000000000000000000000000
111000111011001111001011000110111101000000000000000000000000000000000000000000000000000000000000
110000001111101111100101000110100110000000000000000000000000000000000000000000000000000000000000
010011011000110010010111101001111001000000000000000000000000000000000000000000000000000000000000
000110010101001000111111011011000011000000000000000000000000000000000000000000000000000000000000
101100111111010111010111011111001001000000000000000000000000000000000000000000000000000000000000
101110111100000110110011010011110000000000000000000000000000000000000000000000000000000000000000
011001111000110000101010101100001111000000000000000000000000000000000000000000000000000000000000
000010101000110011111010110001110110000000000000000000000000000000000000000000000000000000000000
011101001011111111011011011001011100000000000000000000000000000000000000000000000000000000000000
000000001100110001110000010101000111000000000000000000000000000000000000000000000000000000000000
111100110010111011010010000001100000000000000000000000000000000000000000000000000000000000000000
000110000110011111011010110100001000000000000000000000000000000000000000000000000000000000000000
001101110100101110011110000010001110000000000000000000000000000000000000000000000000000000000000
001011100011100100100101111010001011000000000000000000000000000000000000000000000000000000000000
111011110111010100100011010001111011000000000000000000000000000000000000000000000000000000000000
001101001101110010001001011101111101000000000000000000000000000000000000000000000000000000000000
000111001001100010000111101111111010000000000000000000000000000000000000000000000000000000000000
001111011101101100000001010101000101000000000000000000000000000000000000000000000000000000000000
111001010101010000001001110011100011000000000000000000000000000000000000000000000000000000000000
110011110011010111010111001111100101000000000000000000000000000000000000000000000000000000000000
100010000111001101110010011011001101000000000000000000000000000000000000000000000000000000000000
000110011010100110110110100111111000000000000000000000000000000000000000000000000000000000000000
000011010001010110001010010110010111000000000000000000000000000000000000000000000000000000000000
011111111100110110101100010011110010000000000000000000000000000000000000000000000000000000000000
010011000011100000000111001111110000000000000000000000000000000000000000000000000000000000000000
111001011110010001001010111001000111000000000000000000000000000000000000000000000000000000000000
111111011110111111001100100000011001000000000000000000000000000000000000000000000000000000000000
001001100001101101011011010111001100000000000000000000000000000000000000000000000000000000000000
100111110100100011000010001010001101000000000000000000000000000000000000000000000000000000000000
001100101111101101100111111000101000000000000000000000000000000000000000000000000000000000000000
011010101011011000100000001001001111000000000000000000000000000000000000000000000000000000000000
101011110101111101110110110110011111000000000000000000000000000000000000000000000000000000000000
110011010000111101100110100110000000000000000000000000000000000000000000000000000000000000000000
101000000000011000111100001011101111000000000000000000000000000000000000000000000000000000000000
101001001111110111011101100000010011000000000000000000000000000000000000000000000000000000000000
100010100100010100010100000100011001000000000000000000000000000000000000000000000000000000000000
000110010111001111001010010100111111000000000000000000000000000000000000000000000000000000000000
001001110001101101000100010101101100000000000000000000000000000000000000000000000000000000000000
111011011001111001000111111000010100000000000000000000000000000000000000000000000000000000000000
001100001101011000011111011011110100000000000000000000000000000000000000000000000000000000000000
011110010001011001111110110100100100000000000000000000000000000000000000000000000000000000000000
010110011000100001101100010010010011000000000000000000000000000000000000000000000000000000000000
010110111111111100000101111011001110000000000000000000000000000000000000000000000000000000000000
100100011011011111110000001110001011000000000000000000000000000000000000000000000000000000000000
000001010110001001010000010110011110000000000000000000000000000000000000000000000000000000000000
000001010000001001110101000100001010000000000000000000000000000000000000000000000000000000000000
001010101111011001000101110110000011000000000000000000000000000000000000000000000000000000000000
111111011001111100001000101111101110000000000000000000000000000000000000000000000000000000000000
011010110100011000110000101001010001000000000000000000000000000000000000000000000000000000000000
010010101010011011010100011101000110000000000000000000000000000000000000000000000000000000000000
101010101000101101010111011100010101000000000000000000000000000000000000000000000000000000000000
001010110001010111000100110100111010000000000000000000000000000000000000000000000000000000000000
011010111011101110111000010001001110000000000000000000000000000000000000000000000000000000000000
100101010101110001111100101010100101000000000000000000000000000000000000000000000000000000000000
001111101011010101110101101000101100000000000000000000000000000000000000000000000000000000000000
010011101010011001010111011010010111000000000000000000000000000000000000000000000000000000000000
101001110011111101110100100100110100000000000000000000000000000000000000000000000000000000000000
110101011010100101000010100111100011000000000000000000000000000000000000000000000000000000000000
111000100000101000100010011000001100000000000000000000000000000000000000000000000000000000000000
100011111110010100101110110100000111000000000000000000000000000000000000000000000000000000000000
011010001111010010101011010100110100000000000000000000000000000000000000000000000000000000000000
100101001011110000001101111110001001000000000000000000000000000000000000000000000000000000000000
000010110001010001101101000101111110000000000000000000000000000000000000000000000000000000000000
110000010010010010011100110110011100000000000000000000000000000000000000000000000000000000000000
100000111111101100010101100011001011000000000000000000000000000000000000000000000000000000000000
010101101011011110100110000100110110000000000000000000000000000000000000000000000000000000000000
101010011010010010011010101001001101000000000000000000000000000000000000000000000000000000000000
101100110011101000010010001110011010000000000000000000000000000000000000000000000000000000000000
001110111111010001011110100100011110000000000000000000000000000000000000000000000000000000000000
001100011110010011100101111101100011000000000000000000000000000000000000000000000000000000000000
000010110000111001001110010111001001000000000000000000000000000000000000000000000000000000000000
111111111110000111111100000100100011000000000000000000000000000000000000000000000000000000000000
111101100001110101001100101010110000000000000000000000000000000000000000000000000000000000000000
010001001111111000110000101011001001000000000000000000000000000000000000000000000000000000000000
110111011111010001010101000110000000000000000000000000000000000000000000000000000000000000000000
010000010010011000100000100111001011000000000000000000000000000000000000000000000000000000000000
111111001100000010010101110100000001000000000000000000000000000000000000000000000000000000000000
100111010110001000010001000100011000000000000000000000000000000000000000000000000000000000000000
110000001101001101011010101001000010000000000000000000000000000000000000000000000000000000000000
000100110001111111011100111110001001000000000000000000000000000000000000000000000000000000000000
101110111000111001000001011101110100000000000000000000000000000000000000000000000000000000000000
001111110000111011010010000100001110000000000000000000000000000000000000000000000000000000000000
001011100001100000101010101000110010000000000000000000000000000000000000000000000000000000000000
110100100100000000010010111000110100000000000000000000000000000000000000000000000000000000000000
001100000010001110111101010110011100000000000000000000000000000000000000000000000000000000000000
010010100100110110101011010000100011000000000000000000000000000000000000000000000000000000000000
010110101101110010101101100110011101000000000000000000000000000000000000000000000000000000000000
010011101110010111001010101000100110000000000000000000000000000000000000000000000000000000000000
101111100000010110010100011001001111000000000000000000000000000000000000000000000000000000000000
001010110000101111101000101011000010000000000000000000000000000000000000000000000000000000000000
110000001111101011101000111010100010000000000000000000000000000000000000000000000000000000000000
100011111001101101010011100110000000000000000000000000000000000000000000000000000000000000000000
111101101110100111011101101110100001000000000000000000000000000000000000000000000000000000000000
101111001000101111110101011110110000000000000000000000000000000000000000000000000000000000000000
000010110001110101000001111100011000000000000000000000000000000000000000000000000000000000000000
110100111000100110100100110110110010000000000000000000000000000000000000000000000000000000000000
011111111101110001011001111110110101000000000000000000000000000000000000000000000000000000000000
000110101000111101100011010000110100000000000000000000000000000000000000000000000000000000000000
000000101101000001101100101100101101000000000000000000000000000000000000000000000000000000000000
111111001110000101101010101110101010000000000000000000000000000000000000000000000000000000000000
000110111000001010110110011010110101000000000000000000000000000000000000000000000000000000000000
001110111001111010100111110011001111000000000000000000000000000000000000000000000000000000000000
100111001111001100110010001111101000000000000000000000000000000000000000000000000000000000000000
111111101000100001101100000000100101000000000000000000000000000000000000000000000000000000000000
001100011110111010111010101010001100000000000000000000000000000000000000000000000000000000000000
000010110000001000111111111011001101000000000000000000000000000000000000000000000000000000000000
110101000101001001111010100100111001000000000000000000000000000000000000000000000000000000000000
011010001011011110001011110101001101000000000000000000000000000000000000000000000000000000000000
110111010001101100110100100001001010000000000000000000000000000000000000000000000000000000000000
100101111011001101010101010011011111000000000000000000000000000000000000000000000000000000000000
011100100110110010110111110011100101000000000000000000000000000000000000000000000000000000000000
111100100110100100010100011101000101000000000000000000000000000000000000000000000000000000000000
111010011101101100111001010010011011000000000000000000000000000000000000000000000000000000000000
111110001000000001110001100110000010000000000000000000000000000000000000000000000000000000000000
000111110100110010111000011111111000000000000000000000000000000000000000000000000000000000000000
011110110111100111101001010001010000000000000000000000000000000000000000000000000000000000000000
010110001011101001000010111111101111000000000000000000000000000000000000000000000000000000000000
011111011110001100110101111001001100000000000000000000000000000000000000000000000000000000000000
111011110011011111011010000001111010000000000000000000000000000000000000000000000000000000000000
101110001110010010111101101110100101000000000000000000000000000000000000000000000000000000000000
001111001010110110011000011010011000000000000000000000000000000000000000000000000000000000000000
010001011111100101001101101010010101000000000000000000000000000000000000000000000000000000000000
110100011101111100110001101010011101000000000000000000000000000000000000000000000000000000000000
101101000101010101011000111100001000000000000000000000000000000000000000000000000000000000000000
100101000100110001110001000110010010000000000000000000000000000000000000000000000000000000000000
100000000110100011100100010101000011000000000000000000000000000000000000000000000000000000000000
010011011101011010100001101100000010000000000000000000000000000000000000000000000000000000000000
110001101000000100100110010010110101000000000000000000000000000000000000000000000000000000000000
101110111111011110110111001111000101000000000000000000000000000000000000000000000000000000000000
010100011011110110000000010001110000000000000000000000000000000000000000000000000000000000000000
011001000101100010100100110011110011000000000000000000000000000000000000000000000000000000000000
110010010000110011100100101111111101000000000000000000000000000000000000000000000000000000000000
110001010010110111101011001110000000000000000000000000000000000000000000000000000000000000000000
000000010101110010100110011001010101000000000000000000000000000000000000000000000000000000000000
