110100101110010011000100110111010111000000000000000000000000000000000000000000000000000000000000
000100100001000011110011011110110001000000000000000000000000000000000000000000000000000000000000
100011001110110010110101010111110000000000000000000000000000000000000000000000000000000000000000
000100100001111010100001111001100110000000000000000000000000000000000000000000000000000000000000
111001101101000100000101010111011111000000000000000000000000000000000000000000000000000000000000
000101110111100010101110001111001011000000000000000000000000000000000000000000000000000000000000
011001011001010100111010101010001000000000000000000000000000000000000000000000000000000000000000
010100100111010100010100101101010101000000000000000000000000000000000000000000000000000000000000
101010110000100101101000101010000101000000000000000000000000000000000000000000000000000000000000
011111100100111000110010100000010101000000000000000000000000000000000000000000000000000000000000
010011000000111011000101011111010110000000000000000000000000000000000000000000000000000000000000
100100011010000100011110111100011011000000000000000000000000000000000000000000000000000000000000
101011000111001010111110001100111100000000000000000000000000000000000000000000000000000000000000
010101101011000001001111010100010100000000000000000000000000000000000000000000000000000000000000
111101010010110111000011101111000010000000000000000000000000000000000000000000000000000000000000
111100000110001111101011110000111001000000000000000000000000000000000000000000000000000000000000
100001010100000110100100110011111111000000000000000000000000000000000000000000000000000000000000
000011001101011101000010111111011101000000000000000000000000000000000000000000000000000000000000
110011011100111111010001010011111100000000000000000000000000000000000000000000000000000000000000
110001001001000110110101011001110110000000000000000000000000000000000000000000000000000000000000
000011110100111001100011001011001100000000000000000000000000000000000000000000000000000000000000
000001001011100101010101001010001101000000000000000000000000000000000000000000000000000000000000
000000011011100111000110101001000101000000000000000000000000000000000000000000000000000000000000
010010011101000110000111100100111111000000000000000000000000000000000000000000000000000000000000
001010110000011000111000101001101111000000000000000000000000000000000000000000000000000000000000
000010100010011010000000010011011010000000000000000000000000000000000000000000000000000000000000
011110111110100111101111110001001010000000000000000000000000000000000000000000000000000000000000
011111111000100100110110000000001101000000000000000000000000000000000000000000000000000000000000
101110000100010101011110010010011110000000000000000000000000000000000000000000000000000000000000
111100010011100001111111010001010110000000000000000000000000000000000000000000000000000000000000
110111011111111011011001100011100100000000000000000000000000000000000000000000000000000000000000
000011110101011000100111110101110110000000000000000000000000000000000000000000000000000000000000
100011101001010111010000010101011110000000000000000000000000000000000000000000000000000000000000
000001101110100101001100010111111001000000000000000000000000000000000000000000000000000000000000
000110001101111100001111001100000011000000000000000000000000000000000000000000000000000000000000
101111110101001101101101001110111000000000000000000000000000000000000000000000000000000000000000
011100000010001110110101110100101111000000000000000000000000000000000000000000000000000000000000
010101001101011001000100011100000110000000000000000000000000000000000000000000000000000000000000
111000100001111000000010101011011011000000000000000000000000000000000000000000000000000000000000
111010010111111011100110000011011011000000000000000000000000000000000000000000000000000000000000
010100011001100010111101000011100100000000000000000000000000000000000000000000000000000000000000
101001101001110111100010110000110101000000000000000000000000000000000000000000000000000000000000
100000100010100110011000011010011110000000000000000000000000000000000000000000000000000000000000
111110011011011110100011111011100111000000000000000000000000000000000000000000000000000000000000
101101100010100110111110100001010000000000000000000000000000000000000000000000000000000000000000
001000010100000000100100100101110110000000000000000000000000000000000000000000000000000000000000
110100111111011000001101100110111100000000000000000000000000000000000000000000000000000000000000
010101111000111001110010010011111011000000000000000000000000000000000000000000000000000000000000
001000100100101000001111000001010100000000000000000000000000000000000000000000000000000000000000
100110011111011000011011100010000010000000000000000000000000000000000000000000000000000000000000
100011100010001111010101100011101000000000000000000000000000000000000000000000000000000000000000
010011101011001011011011110111010111000000000000000000000000000000000000000000000000000000000000
010100010000101011100100001011011000000000000000000000000000000000000000000000000000000000000000
000101000000011000000001100000010001000000000000000000000000000000000000000000000000000000000000
101111111011001111101000100001111011000000000000000000000000000000000000000000000000000000000000
101001100111111111001110100010100110000000000000000000000000000000000000000000000000000000000000
010011111110000111011000101001111110000000000000000000000000000000000000000000000000000000000000
000110011000010100110110010110101110000000000000000000000000000000000000000000000000000000000000
101101101100110010001011101110001001000000000000000000000000000000000000000000000000000000000000
111101101101111001100111111001100101000000000000000000000000000000000000000000000000000000000000
100100101000001111101101101001001000000000000000000000000000000000000000000000000000000000000000
101110010000110111011001001000001000000000000000000000000000000000000000000000000000000000000000
111110100001101000101100010010110011000000000000000000000000000000000000000000000000000000000000
111001100111011110101100111001101010000000000000000000000000000000000000000000000000000000000000
111000110010101000010111010100111101000000000000000000000000000000000000000000000000000000000000
011110000101000001111000110101000110000000000000000000000000000000000000000000000000000000000000
101011010101111111111101110101110111000000000000000000000000000000000000000000000000000000000000
001000111011110111101101101111011001000000000000000000000000000000000000000000000000000000000000
101101101010110110011011000101011000000000000000000000000000000000000000000000000000000000000000
010011011001100111010010101010101001000000000000000000000000000000000000000000000000000000000000
011100011110011001111111011101100100000000000000000000000000000000000000000000000000000000000000
010100000110000100110110100100110100000000000000000000000000000000000000000000000000000000000000
010110011111110101111000010001000100000000000000000000000000000000000000000000000000000000000000
010110110100000000110111001010001011000000000000000000000000000000000000000000000000000000000000
111111111011101111011110110111110010000000000000000000000000000000000000000000000000000000000000
100000011001100100010100101011101100000000000000000000000000000000000000000000000000000000000000
000010011011110110110010111001001111000000000000000000000000000000000000000000000000000000000000
011001011100000001001010111110011001000000000000000000000000000000000000000000000000000000000000
100110011000110111101100101110110110000000000000000000000000000000000000000000000000000000000000
101000111101101111101011000110011001000000000000000000000000000000000000000000000000000000000000
110010000110010000001111000111001110000000000000000000000000000000000000000000000000000000000000
010000111111101010010111111010001101000000000000000000000000000000000000000000000000000000000000
110100100011110100001100101011000110000000000000000000000000000000000000000000000000000000000000
111010001111000101000100001110110010000000000000000000000000000000000000000000000000000000000000
100011111001101000110010010011101010000000000000000000000000000000000000000000000000000000000000
100000111110101100000101001001110010000000000000000000000000000000000000000000000000000000000000
011010110010000111111011101110011010000000000000000000000000000000000000000000000000000000000000
001001111011101011111111000011010111000000000000000000000000000000000000000000000000000000000000
110110100111110000100111011010100011000000000000000000000000000000000000000000000000000000000000
111000001010100101011101111011001001000000000000000000000000000000000000000000000000000000000000
011110110011101000010110110111001001000000000000000000000000000000000000000000000000000000000000
001101011110100011101000110110110011000000000000000000000000000000000000000000000000000000000000
101110011101001111100011010010010010000000000000000000000000000000000000000000000000000000000000
000011010100000011010100000101001110000000000000000000000000000000000000000000000000000000000000
100111011001000001101001001100000110000000000000000000000000000000000000000000000000000000000000
000000101100111001011001101110111010000000000000000000000000000000000000000000000000000000000000
001011010001110001000111011000000100000000000000000000000000000000000000000000000000000000000000
001110000101110101110000110111110010000000000000000000000000000000000000000000000000000000000000
001110011001001110001100010011100101000000000000000000000000000000000000000000000000000000000000
111100101010001100000100111101011000000000000000000000000000000000000000000000000000000000000000
111001101100011000101001101110011101000000000000000000000000000000000000000000000000000000000000
100101011011011000110100101101011101000000000000000000000000000000000000000000000000000000000000
111000111001100111001111101011110010000000000000000000000000000000000000000000000000000000000000
010001011111000010101000100001100110000000000000000000000000000000000000000000000000000000000000
010111111100110011101000000110101001000000000000000000000000000000000000000000000000000000000000
100010100010001000100010001000000101000000000000000000000000000000000000000000000000000000000000
110011111000110101011101100101100100000000000000000000000000000000000000000000000000000000000000
111111011001011100010000111000111010000000000000000000000000000000000000000000000000000000000000
010111111001010100110101111110101010000000000000000000000000000000000000000000000000000000000000
101110110011011010010010111000011011000000000000000000000000000000000000000000000000000000000000
111001101100010111001000101111100111000000000000000000000000000000000000000000000000000000000000
110001010110010010010100000000101011000000000000000000000000000000000000000000000000000000000000
110001111111001011000001000101010101000000000000000000000000000000000000000000000000000000000000
101000010000111100101100000101011100000000000000000000000000000000000000000000000000000000000000
111100000000100010011010011011010010000000000000000000000000000000000000000000000000000000000000
111000100011010010110001111110100010000000000000000000000000000000000000000000000000000000000000
110110000000010000000110011100110001000000000000000000000000000000000000000000000000000000000000
101000001110011010111001101111111000000000000000000000000000000000000000000000000000000000000000
010001001110011010011100010110010101000000000000000000000000000000000000000000000000000000000000
010001110100010111110101001011000101000000000000000000000000000000000000000000000000000000000000
110111101011110010011101011011011101000000000000000000000000000000000000000000000000000000000000
111110001111101010110001000101100001000000000000000000000000000000000000000000000000000000000000
111011110010000001010110001001010110000000000000000000000000000000000000000000000000000000000000
011001000000101101110011110001010111000000000000000000000000000000000000000000000000000000000000
101100101001111000010100000100100100000000000000000000000000000000000000000000000000000000000000
010110110011010010011100110011010100000000000000000000000000000000000000000000000000000000000000
110100010100100100000110010111001000000000000000000000000000000000000000000000000000000000000000
111010000001011000101001010100110100000000000000000000000000000000000000000000000000000000000000
000010100101110001000100100110101111000000000000000000000000000000000000000000000000000000000000
101111000110001110110111100010011100000000000000000000000000000000000000000000000000000000000000
011000011000100110000001111100100001000000000000000000000000000000000000000000000000000000000000
100010110011100001010110110101111011000000000000000000000000000000000000000000000000000000000000
001000101101110011000110011000001110000000000000000000000000000000000000000000000000000000000000
100100111011010001010100100100010001000000000000000000000000000000000000000000000000000000000000
010000110111100101010101111100111001000000000000000000000000000000000000000000000000000000000000
110101100010011110110001011001001000000000000000000000000000000000000000000000000000000000000000
001110011111100111111101101111100101000000000000000000000000000000000000000000000000000000000000
100101101000111000111000111100111001000000000000000000000000000000000000000000000000000000000000
100011011111000000000100010110101101000000000000000000000000000000000000000000000000000000000000
100011110001111001101011111101100100000000000000000000000000000000000000000000000000000000000000
000100011110001000010010010110111011000000000000000000000000000000000000000000000000000000000000
010111111001001110010001010101001110000000000000000000000000000000000000000000000000000000000000
001010111000101010110001010111000101000000000000000000000000000000000000000000000000000000000000
001111111101100110110101000000010000000000000000000000000000000000000000000000000000000000000000
100000000001110001000010000011111001000000000000000000000000000000000000000000000000000000000000
010100010100011101101100111100011100000000000000000000000000000000000000000000000000000000000000
010111100110111101110001001001001110000000000000000000000000000000000000000000000000000000000000
000100101100010111011100100110010110000000000000000000000000000000000000000000000000000000000000
101111000010010010110010010101110101000000000000000000000000000000000000000000000000000000000000
100010001101111000001001100110000100000000000000000000000000000000000000000000000000000000000000
010000000001010010111011000100100111000000000000000000000000000000000000000000000000000000000000
111100010100111000110010110100011101000000000000000000000000000000000000000000000000000000000000
100000010010000101000110000110010111000000000000000000000000000000000000000000000000000000000000
011100001101110011010100110100101010000000000000000000000000000000000000000000000000000000000000
000101011010000011010000111111111000000000000000000000000000000000000000000000000000000000000000
010010001101000011011110111011001000000000000000000000000000000000000000000000000000000000000000
111110101011011010110101111011001001000000000000000000000000000000000000000000000000000000000000
001010100111001010110010011011111100000000000000000000000000000000000000000000000000000000000000
001100001001001101111110000000101000000000000000000000000000000000000000000000000000000000000000
010000101011111111000101110011100000000000000000000000000000000000000000000000000000000000000000
111001011010011110010001100011000100000000000000000000000000000000000000000000000000000000000000
110110011001101101011011101100010101000000000000000000000000000000000000000000000000000000000000
011001111110010000011011100100000111000000000000000000000000000000000000000000000000000000000000
001111101110001100111011000110010001000000000000000000000000000000000000000000000000000000000000
011100110100101011001001011011001011000000000000000000000000000000000000000000000000000000000000
101110001101010110110010101101110111000000000000000000000000000000000000000000000000000000000000
101011101101101111101001000101111000000000000000000000000000000000000000000000000000000000000000
101010100000000011100010111000001011000000000000000000000000000000000000000000000000000000000000
011011101011101110010011010101101010000000000000000000000000000000000000000000000000000000000000
011100001010101101001101111101110001000000000000000000000000000000000000000000000000000000000000
010000100100001101000101010010010110000000000000000000000000000000000000000000000000000000000000
101111001110011000110100001011001000000000000000000000000000000000000000000000000000000000000000
110001111110111011000100111010010010000000000000000000000000000000000000000000000000000000000000
001001000000011111101101101000000100000000000000000000000000000000000000000000000000000000000000
101000001100011001001110110110101100000000000000000000000000000000000000000000000000000000000000
110100111000100010000001001101110001000000000000000000000000000000000000000000000000000000000000
001010100011011001001101100110111111000000000000000000000000000000000000000000000000000000000000
101100100101001110101000011110100010000000000000000000000000000000000000000000000000000000000000
001111111010100111110100100111101110000000000000000000000000000000000000000000000000000000000000
101000001010011000111011001011110000000000000000000000000000000000000000000000000000000000000000
011101001100010011001000000001100101000000000000000000000000000000000000000000000000000000000000
100011001001101010110001101101010001000000000000000000000000000000000000000000000000000000000000
001010101110101100110011111101111111000000000000000000000000000000000000000000000000000000000000
001110110010111100110011000110011111000000000000000000000000000000000000000000000000000000000000
101001110001110100111101000110101011000000000000000000000000000000000000000000000000000000000000
011111110001000010011000001111100101000000000000000000000000000000000000000000000000000000000000
100001011101001011111101011000010011000000000000000000000000000000000000000000000000000000000000
000011001011101011111111011011010000000000000000000000000000000000000000000000000000000000000000
001111100100101111111000100011000011000000000000000000000000000000000000000000000000000000000000
100010001000111100011011110110001010000000000000000000000000000000000000000000000000000000000000
111000100101000001100101010111111000000000000000000000000000000000000000000000000000000000000000
010001100011110011101101000010100110000000000000000000000000000000000000000000000000000000000000
111100110110010111001101111010000001000000000000000000000000000000000000000000000000000000000000
011001111110100110101011000110011011000000000000000000000000000000000000000000000000000000000000
100001101011110111000001010111001001000000000000000000000000000000000000000000000000000000000000
100001101011110000100101000100111100000000000000000000000000000000000000000000000000000000000000
110111100100010111101000011100110100000000000000000000000000000000000000000000000000000000000000
111000111111010010100111000010010011000000000000000000000000000000000000000000000000000000000000
001011010101010011110001010101111101000000000000000000000000000000000000000000000000000000000000
111111101110001110110001101101010110000000000000000000000000000000000000000000000000000000000000
011010011011010110111010101111100110000000000000000000000000000000000000000000000000000000000000
101001001010010000011111011000111010000000000000000000000000000000000000000000000000000000000000
011010011110011101110101011100000111000000000000000000000000000000000000000000000000000000000000
110110111010010101001010111111110010000000000000000000000000000000000000000000000000000000000000
000010010110000110101010111000001111000000000000000000000000000000000000000000000000000000000000
010110011010110101110011011110111010000000000000000000000000000000000000000000000000000000000000
001101011110010100010001100111110010000000000000000000000000000000000000000000000000000000000000
110011010010000100110001110011101001000000000000000000000000000000000000000000000000000000000000
100110111110100100000111011111000001000000000000000000000000000000000000000000000000000000000000
000101001101011110010111010011100100000000000000000000000000000000000000000000000000000000000000
000000001111010110000011000011001011000000000000000000000000000000000000000000000000000000000000
001000101110100101001001111010000110000000000000000000000000000000000000000000000000000000000000
111111100101000000010010000011100000000000000000000000000000000000000000000000000000000000000000
000001010101111111001110011100100000000000000000000000000000000000000000000000000000000000000000
010011001011011000000000010001011010000000000000000000000000000000000000000000000000000000000000
000111110011001111111110011000010110000000000000000000000000000000000000000000000000000000000000
001111101110010001110001100101011011000000000000000000000000000000000000000000000000000000000000
011110011101100010101010000101001001000000000000000000000000000000000000000000000000000000000000
011111011001010111010011000011101011000000000000000000000000000000000000000000000000000000000000
000100001010000100011111110001000111000000000000000000000000000000000000000000000000000000000000
111110011001110011110101011001000110000000000000000000000000000000000000000000000000000000000000
110000001110101010111101011100001011000000000000000000000000000000000000000000000000000000000000
110001111111110111111100011010001011000000000000000000000000000000000000000000000000000000000000
011011101000111110001101111011011111000000000000000000000000000000000000000000000000000000000000
000000110110101011111101001001001100000000000000000000000000000000000000000000000000000000000000
110110011111010101110001011101001100000000000000000000000000000000000000000000000000000000000000
011110110010001010011010011001100011000000000000000000000000000000000000000000000000000000000000
000000011010000111000000111001100000000000000000000000000000000000000000000000000000000000000000
110100111110111100110110110011000110000000000000000000000000000000000000000000000000000000000000
100111000001110011000011000001001111000000000000000000000000000000000000000000000000000000000000
100011110011100010110010010101000001000000000000000000000000000000000000000000000000000000000000
010111110000110010110111001100001011000000000000000000000000000000000000000000000000000000000000
011001011011110111110111010101000001000000000000000000000000000000000000000000000000000000000000
001010011101101000000101011000001001000000000000000000000000000000000000000000000000000000000000
110111100010110010011110110011001000000000000000000000000000000000000000000000000000000000000000
111101111000000101110011010101001000000000000000000000000000000000000000000000000000000000000000
000010011100001000111101111100111001000000000000000000000000000000000000000000000000000000000000
010111111110001001110100010011001000000000000000000000000000000000000000000000000000000000000000
000011000000010111000011010101000101000000000000000000000000000000000000000000000000000000000000
101101101010000011010000001100111110000000000000000000000000000000000000000000000000000000000000
011001001010001001001101101011010010000000000000000000000000000000000000000000000000000000000000
001110110110011100101101111100111110000000000000000000000000000000000000000000000000000000000000
110100100001110000101010001111010010000000000000000000000000000000000000000000000000000000000000
111111010011110011110101001011101000000000000000000000000000000000000000000000000000000000000000
011101101111000001000100100101111111000000000000000000000000000000000000000000000000000000000000
001111001101011011111100001010010101000000000000000000000000000000000000000000000000000000000000
110100100100011011010110010000100001000000000000000000000000000000000000000000000000000000000000
110111111001101111110100011100001001000000000000000000000000000000000000000000000000000000000000
111101111101100111011101100011000100000000000000000000000000000000000000000000000000000000000000
010101101010110110000100000111100011000000000000000000000000000000000000000000000000000000000000
010000111001001000001011011110000010000000000000000000000000000000000000000000000000000000000000
110101100001110011110010010111110110000000000000000000000000000000000000000000000000000000000000
000111101010101001000100000000101111000000000000000000000000000000000000000000000000000000000000
000000010100110000110001000110101010000000000000000000000000000000000000000000000000000000000000
110000000100001011001101011111100000000000000000000000000000000000000000000000000000000000000000
010001110110011111101101100011111101000000000000000000000000000000000000000000000000000000000000
000111110110100111001111101111101101000000000000000000000000000000000000000000000000000000000000
010010011011110000000100001000001111000000000000000000000000000000000000000000000000000000000000
110111010111010011011010101111010110000000000000000000000000000000000000000000000000000000000000
001011111000111000111011001000100010000000000000000000000000000000000000000000000000000000000000
110001101010100111010010100101110011000000000000000000000000000000000000000000000000000000000000
111100110110101011100001000111001111000000000000000000000000000000000000000000000000000000000000
011011011100100011100100011100010001000000000000000000000000000000000000000000000000000000000000
010010000001001100011010111010011101000000000000000000000000000000000000000000000000000000000000
100011101001110010010000111100000110000000000000000000000000000000000000000000000000000000000000
011101100110101001101000100111010100000000000000000000000000000000000000000000000000000000000000
000011110011000010100010010000010100000000000000000000000000000000000000000000000000000000000000
010111000001101011111000100100101111000000000000000000000000000000000000000000000000000000000000
110010010000101000011010101111100100000000000000000000000000000000000000000000000000000000000000
101001000100111000100001010101111010000000000000000000000000000000000000000000000000000000000000
000110011101010001110010001010001000000000000000000000000000000000000000000000000000000000000000
100111100101100101000110110100101010000000000000000000000000000000000000000000000000000000000000
110100001010000011101001000101010110000000000000000000000000000000000000000000000000000000000000
001100001110001011000100100001100010000000000000000000000000000000000000000000000000000000000000
000101000000001010000110110100100011000000000000000000000000000000000000000000000000000000000000
111011011011001100110110110010011101000000000000000000000000000000000000000000000000000000000000
001110101100110000101010110110001000000000000000000000000000000000000000000000000000000000000000
010011011010110111011011111101010000000000000000000000000000000000000000000000000000000000000000
100100010011101100011010100101010011000000000000000000000000000000000000000000000000000000000000
010100100101000001101000101100100110000000000000000000000000000000000000000000000000000000000000
111011001001101100101101101000100100000000000000000000000000000000000000000000000000000000000000
100110111110111001101010111111000100000000000000000000000000000000000000000000000000000000000000
101010001001100001111111100011001001000000000000000000000000000000000000000000000000000000000000
001100000001101010001001000110000110000000000000000000000000000000000000000000000000000000000000
111101100000101111110000000001011111000000000000000000000000000000000000000000000000000000000000
010100100001001101110100001101101101000000000000000000000000000000000000000000000000000000000000
010111010010100110110000001010000000000000000000000000000000000000000000000000000000000000000000
010110011001011101101101110010000111000000000000000000000000000000000000000000000000000000000000
010110010111100000110000010001001110000000000000000000000000000000000000000000000000000000000000
111101101110001001101110011101111011000000000000000000000000000000000000000000000000000000000000
001111001111100100011101111100101010000000000000000000000000000000000000000000000000000000000000
011100100101001011100001111000001011000000000000000000000000000000000000000000000000000000000000
000111001010101100111100011000000101000000000000000000000000000000000000000000000000000000000000
101110011111110111111011010000011100000000000000000000000000000000000000000000000000000000000000
101011111010110100000011100110010011000000000000000000000000000000000000000000000000000000000000
100110101100100111000000010011010100000000000000000000000000000000000000000000000000000000000000
101001111010001000011111100010010111000000000000000000000000000000000000000000000000000000000000
101000000011000000000001100100010011000000000000000000000000000000000000000000000000000000000000
010100101101100111010111100010110011000000000000000000000000000000000000000000000000000000000000
011110101001001001111000000110110101000000000000000000000000000000000000000000000000000000000000
100011011011000110011100010110100000000000000000000000000000000000000000000000000000000000000000
010001100100101010010011011101011001000000000000000000000000000000000000000000000000000000000000
010100001110011001011000110110101011000000000000000000000000000000000000000000000000000000000000
110001011100111110101011001010001001000000000000000000000000000000000000000000000000000000000000
011010111101010110111110000110010000000000000000000000000000000000000000000000000000000000000000
101101001000011100010000010111011011000000000000000000000000000000000000000000000000000000000000
000100000000111111101011000001001110000000000000000000000000000000000000000000000000000000000000
000110111100100111111111011010100010000000000000000000000000000000000000000000000000000000000000
111001100100110100010011000000011011000000000000000000000000000000000000000000000000000000000000
111100100110100110011001011101100110000000000000000000000000000000000000000000000000000000000000
100011000010101011011110111110110101000000000000000000000000000000000000000000000000000000000000
100011001100010101111001101000101010000000000000000000000000000000000000000000000000000000000000
111111111100010011000110010100011111000000000000000000000000000000000000000000000000000000000000
110111100111011100000101011000101110000000000000000000000000000000000000000000000000000000000000
100010001010100101110010100101000000000000000000000000000000000000000000000000000000000000000000
110101111010000101110010000010011101000000000000000000000000000000000000000000000000000000000000
010101001101111110000010001001011110000000000000000000000000000000000000000000000000000000000000
101000111110100110111010111111011111000000000000000000000000000000000000000000000000000000000000
101010100110101110001010011111110111000000000000000000000000000000000000000000000000000000000000
001101000010110100011011101101101101000000000000000000000000000000000000000000000000000000000000
001100010101011110111100110011011110000000000000000000000000000000000000000000000000000000000000
011001001101101001101001010101101101000000000000000000000000000000000000000000000000000000000000
110010110111010000111001111000011111000000000000000000000000000000000000000000000000000000000000
101010011000001100111000000100011101000000000000000000000000000000000000000000000000000000000000
101000010110101010101111011000001001000000000000000000000000000000000000000000000000000000000000
110101110111011011000001110111000010000000000000000000000000000000000000000000000000000000000000
110100000001000111011111101010000011000000000000000000000000000000000000000000000000000000000000
110010100101111010110111011111101111000000000000000000000000000000000000000000000000000000000000
101101010100101000111110100111101001000000000000000000000000000000000000000000000000000000000000
111100101110001010000101110111011000000000000000000000000000000000000000000000000000000000000000
111000011010011001000100000001110110000000000000000000000000000000000000000000000000000000000000
010111000011001101110100000011110001000000000000000000000000000000000000000000000000000000000000
100110001010110110001100011001001000000000000000000000000000000000000000000000000000000000000000
011011101010001011001110110001000010000000000000000000000000000000000000000000000000000000000000
001011000100000010000000110111111101000000000000000000000000000000000000000000000000000000000000
001110010001111011111010111001000100000000000000000000000000000000000000000000000000000000000000
010111100110000011010000111100010111000000000000000000000000000000000000000000000000000000000000
101111100000001001000000101001001111000000000000000000000000000000000000000000000000000000000000
100011111111001111011101001001010000000000000000000000000000000000000000000000000000000000000000
111001110101010101000111100100000111000000000000000000000000000000000000000000000000000000000000
011110000000110101011100000100011000000000000000000000000000000000000000000000000000000000000000
100110100000101111011101110000010011000000000000000000000000000000000000000000000000000000000000
000100010001011110101001100111001111000000000000000000000000000000000000000000000000000000000000
101010101100000000001100110111110010000000000000000000000000000000000000000000000000000000000000
000111011011100100100110100001111011000000000000000000000000000000000000000000000000000000000000
010111101000000010011111101011111001000000000000000000000000000000000000000000000000000000000000
011001100111001010011110110000010100000000000000000000000000000000000000000000000000000000000000
111011110001101000011110010011010110000000000000000000000000000000000000000000000000000000000000
001100101000011101111010001011000000000000000000000000000000000000000000000000000000000000000000
110010011011100000111000110101100100000000000000000000000000000000000000000000000000000000000000
001111100000010101000010101100000010000000000000000000000000000000000000000000000000000000000000
101110100001011000001100101000110010000000000000000000000000000000000000000000000000000000000000
100000100001001011000100010110100010000000000000000000000000000000000000000000000000000000000000
000101010110010011001010001001111010000000000000000000000000000000000000000000000000000000000000
101101010000001100010000011100001100000000000000000000000000000000000000000000000000000000000000
011010000110110010100001101010011101000000000000000000000000000000000000000000000000000000000000
110001100011110101010000001110101101000000000000000000000000000000000000000000000000000000000000
011100001000110010001010001111010101000000000000000000000000000000000000000000000000000000000000
000010011101010010001100111010101110000000000000000000000000000000000000000000000000000000000000
010110111110001100100001100101000010000000000000000000000000000000000000000000000000000000000000
001000110110101000000101011101100111000000000000000000000000000000000000000000000000000000000000
010111101101001100011000010011100101000000000000000000000000000000000000000000000000000000000000
101000011101100101000010100111111010000000000000000000000000000000000000000000000000000000000000
010100110111110111000010101010001100000000000000000000000000000000000000000000000000000000000000
101001111001001111110110100010011101000000000000000000000000000000000000000000000000000000000000
001010110110110111110010101011111111000000000000000000000000000000000000000000000000000000000000
111000110011101111101011001101111010000000000000000000000000000000000000000000000000000000000000
101100011111101010000011000000000001000000000000000000000000000000000000000000000000000000000000
001010010100010101011101010111110111000000000000000000000000000000000000000000000000000000000000
100101100011101000101000100110101100000000000000000000000000000000000000000000000000000000000000
011011101010000110101101011111011111000000000000000000000000000000000000000000000000000000000000
011000100110111001011001111111011111000000000000000000000000000000000000000000000000000000000000
101110111101111111101110001101111011000000000000000000000000000000000000000000000000000000000000
000101100001011100010100011011011000000000000000000000000000000000000000000000000000000000000000
100100101100111100010110001000010101000000000000000000000000000000000000000000000000000000000000
110010101111011100101011000010110111000000000000000000000000000000000000000000000000000000000000
001100111100100101011000000001001111000000000000000000000000000000000000000000000000000000000000
111111111101110101001011100111100010000000000000000000000000000000000000000000000000000000000000
110100101001100011101111110100000110000000000000000000000000000000000000000000000000000000000000
110101110011011010110010011110001100000000000000000000000000000000000000000000000000000000000000
100001000111000001011111001100101100000000000000000000000000000000000000000000000000000000000000
001101001111010010001011110001111111000000000000000000000000000000000000000000000000000000000000
100111011110010110001001010101110101000000000000000000000000000000000000000000000000000000000000
010111101001000101010011101001000011000000000000000000000000000000000000000000000000000000000000
010110110101001110010000110010110000000000000000000000000000000000000000000000000000000000000000
110110111100010001010101111011000001000000000000000000000000000000000000000000000000000000000000
010011100000101111111111111000101101000000000000000000000000000000000000000000000000000000000000
010011110101101001011110001010001010000000000000000000000000000000000000000000000000000000000000
001001111111000111011010110000101010000000000000000000000000000000000000000000000000000000000000
000101001010101111111010001011001100000000000000000000000000000000000000000000000000000000000000
010111010111111110100101000000000101000000000000000000000000000000000000000000000000000000000000
001111101000000010100111110101000011000000000000000000000000000000000000000000000000000000000000
001011000110110011101000000110100110000000000000000000000000000000000000000000000000000000000000
011111111110100011000000001010100100000000000000000000000000000000000000000000000000000000000000
011111111000010100111001000111101110000000000000000000000000000000000000000000000000000000000000
100110101001101010001010100101001010000000000000000000000000000000000000000000000000000000000000
010010000010011010111010000111101101000000000000000000000000000000000000000000000000000000000000
101110111111000101101111100101110011000000000000000000000000000000000000000000000000000000000000
000110010100011110100000001000101110000000000000000000000000000000000000000000000000000000000000
101001000001001101100101101010101111000000000000000000000000000000000000000000000000000000000000
011101110111111111000011010110010000000000000000000000000000000000000000000000000000000000000000
011111100011110111010100101001000011000000000000000000000000000000000000000000000000000000000000
101010110101101110000010011110110100000000000000000000000000000000000000000000000000000000000000
100101011111011000001010010010010001000000000000000000000000000000000000000000000000000000000000
111010100000111001001011011110011000000000000000000000000000000000000000000000000000000000000000
011010100010001101111010000111000001000000000000000000000000000000000000000000000000000000000000
000110110111110111011101001110011011000000000000000000000000000000000000000000000000000000000000
111000000001110111110010011000111011000000000000000000000000000000000000000000000000000000000000
100010111000110111000100000100010010000000000000000000000000000000000000000000000000000000000000
100110010101010100000011001001100111000000000000000000000000000000000000000000000000000000000000
110100010110110111000011001010010010000000000000000000000000000000000000000000000000000000000000
010110100011101101000010000010011000000000000000000000000000000000000000000000000000000000000000
010001000110110111010100111000011110000000000000000000000000000000000000000000000000000000000000
001110011011100110011011001101001111000000000000000000000000000000000000000000000000000000000000
010011000011100110111000110011010010000000000000000000000000000000000000000000000000000000000000
011101101101000100011111000110110110000000000000000000000000000000000000000000000000000000000000
101110110001111100110011111011101000000000000000000000000000000000000000000000000000000000000000
011010000000110111101110110010110000000000000000000000000000000000000000000000000000000000000000
111011010100010110010001110011011100000000000000000000000000000000000000000000000000000000000000
001101110001101001000101000011110101000000000000000000000000000000000000000000000000000000000000
010001111110000011001100010110100110000000000000000000000000000000000000000000000000000000000000
001110100011001101100000111101000101000000000000000000000000000000000000000000000000000000000000
101111101111100011010011100001000110000000000000000000000000000000000000000000000000000000000000
100101101101001001101110000000000110000000000000000000000000000000000000000000000000000000000000
101001001001111001100110101011010110000000000000000000000000000000000000000000000000000000000000
100011100001001010111000011000110011000000000000000000000000000000000000000000000000000000000000
000001000000010000011001110011001000000000000000000000000000000000000000000000000000000000000000
110000100101111100011001001010111000000000000000000000000000000000000000000000000000000000000000
110110111000010110110100100100001111000000000000000000000000000000000000000000000000000000000000
011000100010110111011010000011110001000000000000000000000000000000000000000000000000000000000000
000101000111101000101101000011100100000000000000000000000000000000000000000000000000000000000000
111101110101110100010011111111101000000000000000000000000000000000000000000000000000000000000000
010011001111111101111100111011011010000000000000000000000000000000000000000000000000000000000000
001110000001110000110011101000101110000000000000000000000000000000000000000000000000000000000000
011010011000010011000110000110110111000000000000000000000000000000000000000000000000000000000000
001110011011110011011001110001110101000000000000000000000000000000000000000000000000000000000000
110111000011010110010001000001010010000000000000000000000000000000000000000000000000000000000000
100011100001110010110100101100111001000000000000000000000000000000000000000000000000000000000000
111101001000011010101001000110010101000000000000000000000000000000000000000000000000000000000000
101110000010101000110101011100101110000000000000000000000000000000000000000000000000000000000000
011011110101011000010110000101100000000000000000000000000000000000000000000000000000000000000000
111110111000010110001010010011010100000000000000000000000000000000000000000000000000000000000000
111110011010111001101001101001100101000000000000000000000000000000000000000000000000000000000000
111011101011110101010000100011100010000000000000000000000000000000000000000000000000000000000000
111101111000110100000110100111010000000000000000000000000000000000000000000000000000000000000000
100010000111111001110010101111011110000000000000000000000000000000000000000000000000000000000000
010001010110110111111010110101010110000000000000000000000000000000000000000000000000000000000000
000011100110101111000010111010101010000000000000000000000000000000000000000000000000000000000000
000101100111010010110010010010000100000000000000000000000000000000000000000000000000000000000000
001000110011100101011010011100111111000000000000000000000000000000000000000000000000000000000000
111001101111100100110011110100001110000000000000000000000000000000000000000000000000000000000000
010100101100111101110001111000000110000000000000000000000000000000000000000000000000000000000000
111010001110000111101111100110101010000000000000000000000000000000000000000000000000000000000000
111111111000010101010010010101111110000000000000000000000000000000000000000000000000000000000000
010101110101001001101010001101010011000000000000000000000000000000000000000000000000000000000000
010000001000000000101101000100011001000000000000000000000000000000000000000000000000000000000000
011001100110000110110101001111000101000000000000000000000000000000000000000000000000000000000000
000111110011110000111110000101001010000000000000000000000000000000000000000000000000000000000000
100010011101010011111001010110011011000000000000000000000000000000000000000000000000000000000000
010010100000100101101011011110101000000000000000000000000000000000000000000000000000000000000000
000100011000101101110111001111101001000000000000000000000000000000000000000000000000000000000000
001000100100010101000111001011111111000000000000000000000000000000000000000000000000000000000000
111100000110100110100000100111111010000000000000000000000000000000000000000000000000000000000000
011010111010101011100101001001000010000000000000000000000000000000000000000000000000000000000000
110100000000111010000000011001111010000000000000000000000000000000000000000000000000000000000000
000000100000101000011110101111011100000000000000000000000000000000000000000000000000000000000000
100001110110011100001100011000100001000000000000000000000000000000000000000000000000000000000000
010001000001000010100001111100100111000000000000000000000000000000000000000000000000000000000000
011010010111101100010010110011100101000000000000000000000000000000000000000000000000000000000000
111110111011001011001111111010111001000000000000000000000000000000000000000000000000000000000000
010001011111010011011110101000000111000000000000000000000000000000000000000000000000000000000000
011100100100001110100011111110001001000000000000000000000000000000000000000000000000000000000000
011010110010011110001000000011110101000000000000000000000000000000000000000000000000000000000000
001110100101100111111100100110111010000000000000000000000000000000000000000000000000000000000000
001000110110011101110000001101011101000000000000000000000000000000000000000000000000000000000000
011010010100100010111100110000011100000000000000000000000000000000000000000000000000000000000000
010000111101001011001001110001000011000000000000000000000000000000000000000000000000000000000000
000101001111101100001000011110011000000000000000000000000000000000000000000000000000000000000000
011111010111000011000010001000100110000000000000000000000000000000000000000000000000000000000000
100110000011100101110000110110010100000000000000000000000000000000000000000000000000000000000000
000101001001000011101001000111001100000000000000000000000000000000000000000000000000000000000000
001011011011110011011101101000001101000000000000000000000000000000000000000000000000000000000000
101100010110101101101111110100011010000000000000000000000000000000000000000000000000000000000000
001101101000111001111010111001111010000000000000000000000000000000000000000000000000000000000000
000000000111100001011101111101010101000000000000000000000000000000000000000000000000000000000000
010001111100010111011000001110110110000000000000000000000000000000000000000000000000000000000000
101010000101010000100000000000001111000000000000000000000000000000000000000000000000000000000000
010110011011000001100111010001000101000000000000000000000000000000000000000000000000000000000000
100101001000001000101011110000100001000000000000000000000000000000000000000000000000000000000000
011011011101010010010100101011011100000000000000000000000000000000000000000000000000000000000000
010101000110101110110000111101011101000000000000000000000000000000000000000000000000000000000000
110011000010011000010100011010010011000000000000000000000000000000000000000000000000000000000000
111011010111111001110101010000100011000000000000000000000000000000000000000000000000000000000000
110101111011110001111110001010111000000000000000000000000000000000000000000000000000000000000000
101011101011011001011001010100111101000000000000000000000000000000000000000000000000000000000000
000001110010010010101111011010000010000000000000000000000000000000000000000000000000000000000000
011100011010111000101101011110001110000000000000000000000000000000000000000000000000000000000000
100000001011010001001101101000011010000000000000000000000000000000000000000000000000000000000000
001011011001000100011110100001100101000000000000000000000000000000000000000000000000000000000000
101010001001000011110110111100111100000000000000000000000000000000000000000000000000000000000000
011000101000111110101010100111010100000000000000000000000000000000000000000000000000000000000000
111110111001100100110110110000101101000000000000000000000000000000000000000000000000000000000000
110110101010101001010011110110011000000000000000000000000000000000000000000000000000000000000000
001001010100000100100001011010100000000000000000000000000000000000000000000000000000000000000000
110110100110100110100010100111011010000000000000000000000000000000000000000000000000000000000000
000111110100011010010111101110110100000000000000000000000000000000000000000000000000000000000000
110110000111010001101010001001110000000000000000000000000000000000000000000000000000000000000000
011000101000010111011000111101101100000000000000000000000000000000000000000000000000000000000000
111011111101010010110001000011001000000000000000000000000000000000000000000000000000000000000000
000111111111101000000000010011011010000000000000000000000000000000000000000000000000000000000000
110010110111111111010000000001011000000000000000000000000000000000000000000000000000000000000000
111001011011110110110011010011000001000000000000000000000000000000000000000000000000000000000000
000100000010010001001111101001101010000000000000000000000000000000000000000000000000000000000000
110111100011101101111101111101111000000000000000000000000000000000000000000000000000000000000000
001011010001010110010110010001010001000000000000000000000000000000000000000000000000000000000000
010000010000111110101111100000111111000000000000000000000000000000000000000000000000000000000000
011101111101110101100110111110101110000000000000000000000000000000000000000000000000000000000000
001110101111110110011000101010100111000000000000000000000000000000000000000000000000000000000000
111110001110010111011011001100000101000000000000000000000000000000000000000000000000000000000000
000100000110101111111011011000001101000000000000000000000000000000000000000000000000000000000000
100000101101101010111010101011101011000000000000000000000000000000000000000000000000000000000000
110100010001111111000010001111001000000000000000000000000000000000000000000000000000000000000000
111111110111111110100000000100101010000000000000000000000000000000000000000000000000000000000000
111011100100110000011001110001011100000000000000000000000000000000000000000000000000000000000000
010000110000100110100101100101100011000000000000000000000000000000000000000000000000000000000000
001101010011001000001010100010110110000000000000000000000000000000000000000000000000000000000000
010011011011100010110110001101000011000000000000000000000000000000000000000000000000000000000000
010100011001110001001110100001000000000000000000000000000000000000000000000000000000000000000000
010100111011101001000111001100111100000000000000000000000000000000000000000000000000000000000000
100010010110101101000001110001100011000000000000000000000000000000000000000000000000000000000000
111101101000011011011100000111000100000000000000000000000000000000000000000000000000000000000000
110101111100111001011101001100101100000000000000000000000000000000000000000000000000000000000000
010111001110010000001000111000111101000000000000000000000000000000000000000000000000000000000000
000100110010101110101110101100000010000000000000000000000000000000000000000000000000000000000000
100001000101111110100100101010001111000000000000000000000000000000000000000000000000000000000000
011111011001010001110011010111110010000000000000000000000000000000000000000000000000000000000000
000010111101100110110111010000111110000000000000000000000000000000000000000000000000000000000000
110111101010011100111011011100100111000000000000000000000000000000000000000000000000000000000000
111011010111111000011110000111010110000000000000000000000000000000000000000000000000000000000000
010010111011001010000001101111010110000000000000000000000000000000000000000000000000000000000000
100100100011001001100101111000010100000000000000000000000000000000000000000000000000000000000000
010000101010111100001011100110011010000000000000000000000000000000000000000000000000000000000000
010001101111100101100111111010011000000000000000000000000000000000000000000000000000000000000000
010001101101101001110000010110111101000000000000000000000000000000000000000000000000000000000000
110111001011001010001011110001101111000000000000000000000000000000000000000000000000000000000000
001011111100011010100000001001010100000000000000000000000000000000000000000000000000000000000000
011001000000111110101000111011100011000000000000000000000000000000000000000000000000000000000000
110011000100011001100000101010010000000000000000000000000000000000000000000000000000000000000000
111010010010001000000110101011110111000000000000000000000000000000000000000000000000000000000000
011110110001001011111111100100100111000000000000000000000000000000000000000000000000000000000000
100001001001101001000111110010110100000000000000000000000000000000000000000000000000000000000000
110000100111010100100100000101011011000000000000000000000000000000000000000000000000000000000000
010001001010101011110000001100100011000000000000000000000000000000000000000000000000000000000000
011001111000110001110010100110100110000000000000000000000000000000000000000000000000000000000000
101011101100011101000000011110101100000000000000000000000000000000000000000000000000000000000000
011111111001001110100001010110010111000000000000000000000000000000000000000000000000000000000000
100000100100111011101001010000100111000000000000000000000000000000000000000000000000000000000000
111101101101111100011111001111011010000000000000000000000000000000000000000000000000000000000000
110011100000001100111000001100111011000000000000000000000000000000000000000000000000000000000000
010001001001010011101111110111010101000000000000000000000000000000000000000000000000000000000000
100100010000111111000110100000000100000000000000000000000000000000000000000000000000000000000000
100011110110001110110101000010001011000000000000000000000000000000000000000000000000000000000000
100010100000000001001101110101100110000000000000000000000000000000000000000000000000000000000000
001110011100111001101111011001100010000000000000000000000000000000000000000000000000000000000000
010000010101010001000011010100001011000000000000000000000000000000000000000000000000000000000000
111011000110110000111110001100011000000000000000000000000000000000000000000000000000000000000000
000010011101001101001001111011110100000000000000000000000000000000000000000000000000000000000000
111001011111010111110101010111110000000000000000000000000000000000000000000000000000000000000000
011100100101111011100101101111101110000000000000000000000000000000000000000000000000000000000000
000100101100111111111001010000110001000000000000000000000000000000000000000000000000000000000000
010101110011000111100000100011011111000000000000000000000000000000000000000000000000000000000000
001101111111110111000100011011000011000000000000000000000000000000000000000000000000000000000000
100110111000011101110001111111000110000000000000000000000000000000000000000000000000000000000000
111111110001010111101001111110001100000000000000000000000000000000000000000000000000000000000000
101011111000101110111000100100001000000000000000000000000000000000000000000000000000000000000000
110010111001111110010110101100110001000000000000000000000000000000000000000000000000000000000000
010001110010111001110000001101100111000000000000000000000000000000000000000000000000000000000000
111101001100000100011001101010001010000000000000000000000000000000000000000000000000000000000000
010010101111101001111000111000010000000000000000000000000000000000000000000000000000000000000000
000010010111001011000101100001001010000000000000000000000000000000000000000000000000000000000000
001111111101011001101101011010000000000000000000000000000000000000000000000000000000000000000000
010111100111000110000100110011000101000000000000000000000000000000000000000000000000000000000000
000101110011110001101000001100001101000000000000000000000000000000000000000000000000000000000000
010001001110100010001000001011110011000000000000000000000000000000000000000000000000000000000000
011000111000101001100111000101010011000000000000000000000000000000000000000000000000000000000000
010011111000000010111111110110101000000000000000000000000000000000000000000000000000000000000000
011101001010011100010111001100001101000000000000000000000000000000000000000000000000000000000000
101110000101110010001101111001110110000000000000000000000000000000000000000000000000000000000000
101000100111110000010110011101110110000000000000000000000000000000000000000000000000000000000000
000100010010101100111011010111101100000000000000000000000000000000000000000000000000000000000000
111100100110110100010101011101010011000000000000000000000000000000000000000000000000000000000000
001010001110110000011000000111110000000000000000000000000000000000000000000000000000000000000000
010000101011011011011011100101010010000000000000000000000000000000000000000000000000000000000000
110000110001001101101101101000110100000000000000000000000000000000000000000000000000000000000000
001101011011101001010111011001010100000000000000000000000000000000000000000000000000000000000000
001111101010100111011011000000010010000000000000000000000000000000000000000000000000000000000000
010001101010010001001100010110000100000000000000000000000000000000000000000000000000000000000000
010010111011001101011011001111101011000000000000000000000000000000000000000000000000000000000000
111010011000001111101100111010101101000000000000000000000000000000000000000000000000000000000000
110100011101111011011011000101111001000000000000000000000000000000000000000000000000000000000000
110000110111100110110101101111011100000000000000000000000000000000000000000000000000000000000000
000101011010000100110010000001000000000000000000000000000000000000000000000000000000000000000000
011000101111100010000001101000101001000000000000000000000000000000000000000000000000000000000000
010011110101010101010010010010100001000000000000000000000000000000000000000000000000000000000000
100101100110000011011110011011110001000000000000000000000000000000000000000000000000000000000000
001110110100111110011101011001010000000000000000000000000000000000000000000000000000000000000000
111110000101000111000001110111011001000000000000000000000000000000000000000000000000000000000000
100000111011100001111000010011100111000000000000000000000000000000000000000000000000000000000000
010101001111001010111000110100010000000000000000000000000000000000000000000000000000000000000000
101111101100000001000011000001001101000000000000000000000000000000000000000000000000000000000000
110001110001000100001011100101100101000000000000000000000000000000000000000000000000000000000000
000001110011101111010111100001011110000000000000000000000000000000000000000000000000000000000000
111101001110010110000111101001010000000000000000000000000000000000000000000000000000000000000000
111001110100001000101011110101101010000000000000000000000000000000000000000000000000000000000000
111110111111011010011100010010110101000000000000000000000000000000000000000000000000000000000000
000101000010001000000100001101110010000000000000000000000000000000000000000000000000000000000000
100011111010101110101100101011111000000000000000000000000000000000000000000000000000000000000000
010011110000010001010100100011011011000000000000000000000000000000000000000000000000000000000000
101011011011001001000010110001101000000000000000000000000000000000000000000000000000000000000000
101111011001101110000101001111101110000000000000000000000000000000000000000000000000000000000000
001000101001000011011011011010100000000000000000000000000000000000000000000000000000000000000000
101110110010001100110110110010111001000000000000000000000000000000000000000000000000000000000000
010101000011011110011100011001010101000000000000000000000000000000000000000000000000000000000000
010011110101001000000000110110011101000000000000000000000000000000000000000000000000000000000000
111100111100010011110000001101110000000000000000000000000000000000000000000000000000000000000000
101110011011101001010100011110001100000000000000000000000000000000000000000000000000000000000000
111011000101000011000010010100100111000000000000000000000000000000000000000000000000000000000000
101010111110101111010000101011111011000000000000000000000000000000000000000000000000000000000000
100111011001010101000100001010101110000000000000000000000000000000000000000000000000000000000000
100011010100011000001011100110110111000000000000000000000000000000000000000000000000000000000000
111111101010111011011110010100000001000000000000000000000000000000000000000000000000000000000000
010110100001001010001101011100101111000000000000000000000000000000000000000000000000000000000000
000010011011100011000011110100000000000000000000000000000000000000000000000000000000000000000000
010010110000000000101001010010000000000000000000000000000000000000000000000000000000000000000000
010101001011111000111010100111000011000000000000000000000000000000000000000000000000000000000000
111010010011000000111000000000011001000000000000000000000000000000000000000000000000000000000000
100110010111100100000001100011100111000000000000000000000000000000000000000000000000000000000000
011011000100000111101110110110011100000000000000000000000000000000000000000000000000000000000000
001011101100111111111011100100001101000000000000000000000000000000000000000000000000000000000000
001011011000000101100101001000111100000000000000000000000000000000000000000000000000000000000000
000100000111000101011110100100001110000000000000000000000000000000000000000000000000000000000000
000110000100110100110101001001000100000000000000000000000000000000000000000000000000000000000000
011100010000010101101100011010001011000000000000000000000000000000000000000000000000000000000000
001000001010100001010000101100110111000000000000000000000000000000000000000000000000000000000000
101101000011100100100000000011101010000000000000000000000000000000000000000000000000000000000000
001101011111101011010101000101010001000000000000000000000000000000000000000000000000000000000000
110100010010101001000011100111100101000000000000000000000000000000000000000000000000000000000000
010111100100010011000010011111111100000000000000000000000000000000000000000000000000000000000000
001101110011111010110111100010001010000000000000000000000000000000000000000000000000000000000000
101101000110011001011111100000101001000000000000000000000000000000000000000000000000000000000000
010110110100000001001000001001001011000000000000000000000000000000000000000000000000000000000000
111101001111000110001011011111011101000000000000000000000000000000000000000000000000000000000000
011001011010110001100100101010010100000000000000000000000000000000000000000000000000000000000000
101000001000001111011101010001100110000000000000000000000000000000000000000000000000000000000000
010001011101110010000110100110111010000000000000000000000000000000000000000000000000000000000000
000101111010100111100000110110000011000000000000000000000000000000000000000000000000000000000000
100100100110011001101111111010100101000000000000000000000000000000000000000000000000000000000000
101010001111011101000010001000010001000000000000000000000000000000000000000000000000000000000000
010100110010101011101111011000101010000000000000000000000000000000000000000000000000000000000000
000101000101010101110100110101101101000000000000000000000000000000000000000000000000000000000000
001101011110110001111100001000011101000000000000000000000000000000000000000000000000000000000000
001110000100100001111011111100010100000000000000000000000000000000000000000000000000000000000000
000101110101001101001101101011001010000000000000000000000000000000000000000000000000000000000000
001100001100101011101100101010010101000000000000000000000000000000000000000000000000000000000000
101100111111111111001111100011000011000000000000000000000000000000000000000000000000000000000000
100111101011110001101111110000010110000000000000000000000000000000000000000000000000000000000000
011110001000011110111101110110101011000000000000000000000000000000000000000000000000000000000000
011110010011101111100110111011011010000000000000000000000000000000000000000000000000000000000000
101110111111110100100110101100000101000000000000000000000000000000000000000000000000000000000000
001010010110111000101101110101110001000000000000000000000000000000000000000000000000000000000000
111100101011000001001111000001010100000000000000000000000000000000000000000000000000000000000000
100101010101010111001101001101011001000000000000000000000000000000000000000000000000000000000000
111001110010110111111000010001011101000000000000000000000000000000000000000000000000000000000000
100111010010101111001100100101010001000000000000000000000000000000000000000000000000000000000000
010100001000001000101100101110001100000000000000000000000000000000000000000000000000000000000000
101000100001101000101101110010111110000000000000000000000000000000000000000000000000000000000000
111001111001111110010001000100000100000000000000000000000000000000000000000000000000000000000000
101011011100011010011000101100000110000000000000000000000000000000000000000000000000000000000000
001001010111111000101011000011110100000000000000000000000000000000000000000000000000000000000000
101000110010001100110100100011001101000000000000000000000000000000000000000000000000000000000000
100010110000011100111110010100101001000000000000000000000000000000000000000000000000000000000000
111110011110011011111000011001011111000000000000000000000000000000000000000000000000000000000000
110010100111000011001001001101001001000000000000000000000000000000000000000000000000000000000000
000100001110100110010010101100000101000000000000000000000000000000000000000000000000000000000000
011100110011111010110000101010010100000000000000000000000000000000000000000000000000000000000000
100001101100110010111110111000000010000000000000000000000000000000000000000000000000000000000000
000000001001101000110000011101011010000000000000000000000000000000000000000000000000000000000000
001101011100110101110101100111101101000000000000000000000000000000000000000000000000000000000000
000001000111100100101101001000000111000000000000000000000000000000000000000000000000000000000000
110010111010011001111101010100010011000000000000000000000000000000000000000000000000000000000000
110011111001001001001101101011100001000000000000000000000000000000000000000000000000000000000000
100000010101110110000111010101010101000000000000000000000000000000000000000000000000000000000000
001101001011011110111110100101010000000000000000000000000000000000000000000000000000000000000000
011100110001110001001001011100111011000000000000000000000000000000000000000000000000000000000000
001010001111000011111111101011000010000000000000000000000000000000000000000000000000000000000000
110001111110111101110110100000000000000000000000000000000000000000000000000000000000000000000000
000100111000101000011111110000101000000000000000000000000000000000000000000000000000000000000000
010111101110000000110010000110011100000000000000000000000000000000000000000000000000000000000000
101111100110010010110111011011011011000000000000000000000000000000000000000000000000000000000000
100110110010001110110001001111101100000000000000000000000000000000000000000000000000000000000000
011010111011110011001010110110101011000000000000000000000000000000000000000000000000000000000000
100011001010100110011000011011000010000000000000000000000000000000000000000000000000000000000000
010010011001011010010110111101001001000000000000000000000000000000000000000000000000000000000000
101111001001110101111111110110001110000000000000000000000000000000000000000000000000000000000000
101010111010010100110111000011010101000000000000000000000000000000000000000000000000000000000000
110110000000000011110101000000100111000000000000000000000000000000000000000000000000000000000000
001100101011110110101100010001100000000000000000000000000000000000000000000000000000000000000000
010010110100100111101101111011101000000000000000000000000000000000000000000000000000000000000000
000100001011111111010110100101110111000000000000000000000000000000000000000000000000000000000000
011001111100110000100011011101101011000000000000000000000000000000000000000000000000000000000000
011111100100111000111111000001001000000000000000000000000000000000000000000000000000000000000000
010011000011100001010001100000010100000000000000000000000000000000000000000000000000000000000000
010100011011111100011011101110111101000000000000000000000000000000000000000000000000000000000000
001001100100110010001000110110111100000000000000000000000000000000000000000000000000000000000000
110110001111101000110010011110011110000000000000000000000000000000000000000000000000000000000000
010001011001110010111001101011101111000000000000000000000000000000000000000000000000000000000000
000111101001010001001011100000010100000000000000000000000000000000000000000000000000000000000000
001110111101010000010001100001110101000000000000000000000000000000000000000000000000000000000000
111010101000000010100001110000010001000000000000000000000000000000000000000000000000000000000000
001010010001011101110101100111000111000000000000000000000000000000000000000000000000000000000000
100110110110000110001001100100110010000000000000000000000000000000000000000000000000000000000000
000111000001111111110110101001010110000000000000000000000000000000000000000000000000000000000000
110010011011111011001100110010100011000000000000000000000000000000000000000000000000000000000000
000110011000000010101010011100000010000000000000000000000000000000000000000000000000000000000000
111010010000011111011111110101111110000000000000000000000000000000000000000000000000000000000000
001000110011010000110010111011110011000000000000000000000000000000000000000000000000000000000000
110001101100000001010000001100000010000000000000000000000000000000000000000000000000000000000000
000010011111000011100101100010001010000000000000000000000000000000000000000000000000000000000000
111101100101101100100011111011111101000000000000000000000000000000000000000000000000000000000000
011000111100000111000011110010011011000000000000000000000000000000000000000000000000000000000000
010111101110001001000110000110010001000000000000000000000000000000000000000000000000000000000000
010101101010101010001011001001000101000000000000000000000000000000000000000000000000000000000000
011001110100011110001000010011101001000000000000000000000000000000000000000000000000000000000000
100101110110100101010111000110001000000000000000000000000000000000000000000000000000000000000000
111001000100111110110101111000010000000000000000000000000000000000000000000000000000000000000000
110101001000111110011010101010110111000000000000000000000000000000000000000000000000000000000000
110100011000011011101010101110000010000000000000000000000000000000000000000000000000000000000000
001011001100110000110101000000010000000000000000000000000000000000000000000000000000000000000000
111101101111010011011101101101011100000000000000000000000000000000000000000000000000000000000000
011111101110100010110001101111011111000000000000000000000000000000000000000000000000000000000000
000001010101000110000110011100011111000000000000000000000000000000000000000000000000000000000000
110001011110011000011001011101001101000000000000000000000000000000000000000000000000000000000000
101110011100111001010000101110011011000000000000000000000000000000000000000000000000000000000000
001011000001111111100001100100101110000000000000000000000000000000000000000000000000000000000000
011110101111011101101101100100101111000000000000000000000000000000000000000000000000000000000000
101100011111000101111100101110110010000000000000000000000000000000000000000000000000000000000000
001101001000101100010110101011011001000000000000000000000000000000000000000000000000000000000000
110000011011111111000100010001110110000000000000000000000000000000000000000000000000000000000000
111101101000111101100111100110100101000000000000000000000000000000000000000000000000000000000000
100001111101001100011101000101100110000000000000000000000000000000000000000000000000000000000000
011000000110011001011101101110000000000000000000000000000000000000000000000000000000000000000000
010110101111011000000000000110010011000000000000000000000000000000000000000000000000000000000000
011010101110011000000110111010100101000000000000000000000000000000000000000000000000000000000000
000110001011100011000000010010101100000000000000000000000000000000000000000000000000000000000000
101100010010011000111110000001011001000000000000000000000000000000000000000000000000000000000000
101010100000011101110111100001100001000000000000000000000000000000000000000000000000000000000000
000001100111111001110101110101111101000000000000000000000000000000000000000000000000000000000000
011111101000101101100011110111111101000000000000000000000000000000000000000000000000000000000000
000100010101110100010110101110010010000000000000000000000000000000000000000000000000000000000000
111110111001110010000000100000001101000000000000000000000000000000000000000000000000000000000000
010010110011010111011111011110100001000000000000000000000000000000000000000000000000000000000000
100000000001000100011011010101111001000000000000000000000000000000000000000000000000000000000000
100001010001001101011010011111000000000000000000000000000000000000000000000000000000000000000000
010011000010001111111111011100001111000000000000000000000000000000000000000000000000000000000000
000011111111111101100001010110100100000000000000000000000000000000000000000000000000000000000000
100010001110001010011011001110011011000000000000000000000000000000000000000000000000000000000000
001001001001101001111001000000110111000000000000000000000000000000000000000000000000000000000000
001010001001111111010000010010010000000000000000000000000000000000000000000000000000000000000000
101011000001100111111101101100010101000000000000000000000000000000000000000000000000000000000000
000011101011110011001110010100110101000000000000000000000000000000000000000000000000000000000000
010101011110011000110011000101010110000000000000000000000000000000000000000000000000000000000000
111101100000100001110111110011111111000000000000000000000000000000000000000000000000000000000000
000100010101011111100011010101101110000000000000000000000000000000000000000000000000000000000000
101000100011001011111011111001111110000000000000000000000000000000000000000000000000000000000000
001010010001100010111110110001101111000000000000000000000000000000000000000000000000000000000000
001111100111110110100110101001000101000000000000000000000000000000000000000000000000000000000000
111110101111010001100000011011000111000000000000000000000000000000000000000000000000000000000000
001101111000010011001100001111001010000000000000000000000000000000000000000000000000000000000000
011101001001000110000011000101100000000000000000000000000000000000000000000000000000000000000000
010000010000111001011001000100100110000000000000000000000000000000000000000000000000000000000000
110011001111000110110011110110101100000000000000000000000000000000000000000000000000000000000000
100110000100001110100011101000001111000000000000000000000000000000000000000000000000000000000000
100001100111100010001100100100110011000000000000000000000000000000000000000000000000000000000000
111110000111001001111111100110100111000000000000000000000000000000000000000000000000000000000000
110001101010001001110110000110110110000000000000000000000000000000000000000000000000000000000000
011111110110010001000001001101110100000000000000000000000000000000000000000000000000000000000000
011010001110010001111011110010100010000000000000000000000000000000000000000000000000000000000000
110101111000000101000111010010111110000000000000000000000000000000000000000000000000000000000000
001100100111111100001000111011101101000000000000000000000000000000000000000000000000000000000000
111011001110110111011001110111110100000000000000000000000000000000000000000000000000000000000000
110110000101110001110010010011011000000000000000000000000000000000000000000000000000000000000000
110111001001101011110000000100110100000000000000000000000000000000000000000000000000000000000000
110001000001000011100100111101111110000000000000000000000000000000000000000000000000000000000000
110010100101101010111110000001101011000000000000000000000000000000000000000000000000000000000000
011011111010010010000100100001000101000000000000000000000000000000000000000000000000000000000000
110000111101110001110101010101011001000000000000000000000000000000000000000000000000000000000000
101000001100010100010000110000000101000000000000000000000000000000000000000000000000000000000000
001110010110101110001111101110100101000000000000000000000000000000000000000000000000000000000000
111011000110000100111000001010000100000000000000000000000000000000000000000000000000000000000000
100001101001000100010101111100101000000000000000000000000000000000000000000000000000000000000000
011111000010111100010011110001001011000000000000000000000000000000000000000000000000000000000000
111001111010101001000111110011010000000000000000000000000000000000000000000000000000000000000000
110111000111001011011011110001101010000000000000000000000000000000000000000000000000000000000000
101111010001101001100111110001100011000000000000000000000000000000000000000000000000000000000000
010010000001001100100101110011011101000000000000000000000000000000000000000000000000000000000000
110111001101100101011101001001011111000000000000000000000000000000000000000000000000000000000000
010011010111111000111001111000000000000000000000000000000000000000000000000000000000000000000000
011011111011000001101010010100010011000000000000000000000000000000000000000000000000000000000000
010011010110110100001001000001100001000000000000000000000000000000000000000000000000000000000000
000100110001100000001100000010011001000000000000000000000000000000000000000000000000000000000000
100000111111111110111101100011001001000000000000000000000000000000000000000000000000000000000000
010111000110111101110101110100001110000000000000000000000000000000000000000000000000000000000000
111100101110001011000100101100111110000000000000000000000000000000000000000000000000000000000000
010110011001111010010100111111101000000000000000000000000000000000000000000000000000000000000000
111100000110110000100011011000111110000000000000000000000000000000000000000000000000000000000000
111110001111000011111110011110100101000000000000000000000000000000000000000000000000000000000000
110100010000001101100001110110001001000000000000000000000000000000000000000000000000000000000000
110011010011111010011100111111011001000000000000000000000000000000000000000000000000000000000000
010101001011101011111001011010001000000000000000000000000000000000000000000000000000000000000000
100010100110011101110111100100001000000000000000000000000000000000000000000000000000000000000000
110011111111011011101000100110011101000000000000000000000000000000000000000000000000000000000000
011011110101000000110011000111010010000000000000000000000000000000000000000000000000000000000000
100100001000110110000011100000111101000000000000000000000000000000000000000000000000000000000000
111111000111100101000011010001010011000000000000000000000000000000000000000000000000000000000000
010011011011110000011101101011001100000000000000000000000000000000000000000000000000000000000000
000010100011011111100100000010000111000000000000000000000000000000000000000000000000000000000000
011000011011100101000001111010001000000000000000000000000000000000000000000000000000000000000000
101101110001011000111000111101010010000000000000000000000000000000000000000000000000000000000000
011110010000011111011010110010010001000000000000000000000000000000000000000000000000000000000000
001111110011111010110111101010101000000000000000000000000000000000000000000000000000000000000000
111110000111101000001001010011111011000000000000000000000000000000000000000000000000000000000000
000110001000111101010100010001110001000000000000000000000000000000000000000000000000000000000000
110100001101001001100111101001000101000000000000000000000000000000000000000000000000000000000000
110100010100000011011010111100000101000000000000000000000000000000000000000000000000000000000000
011101111000011000101010110110011011000000000000000000000000000000000000000000000000000000000000
100111100100111000010101001011001001000000000000000000000000000000000000000000000000000000000000
000101101101101101111000111001100001000000000000000000000000000000000000000000000000000000000000
111011110111000010010001001010001101000000000000000000000000000000000000000000000000000000000000
010110110110010100100011001100111100000000000000000000000000000000000000000000000000000000000000
000111001110101001100000001010011110000000000000000000000000000000000000000000000000000000000000
000100101111001001000011101100111111000000000000000000000000000000000000000000000000000000000000
111000101010111101000111011100001001000000000000000000000000000000000000000000000000000000000000
111001101110101100011010101110010001000000000000000000000000000000000000000000000000000000000000
100011100100010010101000101101110010000000000000000000000000000000000000000000000000000000000000
001100110011001110110001000000010001000000000000000000000000000000000000000000000000000000000000
110100100111110111111000011100110001000000000000000000000000000000000000000000000000000000000000
101000111110111110000010011100000011000000000000000000000000000000000000000000000000000000000000
111101111001111000001011110001000010000000000000000000000000000000000000000000000000000000000000
100110111111111101000011011001001001000000000000000000000000000000000000000000000000000000000000
001000111001011100000101001011111100000000000000000000000000000000000000000000000000000000000000
011011110101000100001011010011000010000000000000000000000000000000000000000000000000000000000000
100011011100110000010110110100000011000000000000000000000000000000000000000000000000000000000000
110101111001100011011100110010111001000000000000000000000000000000000000000000000000000000000000
101100011100010011000101100100101011000000000000000000000000000000000000000000000000000000000000
001011010000101100011111001110110000000000000000000000000000000000000000000000000000000000000000
101010000010001111111100111111011111000000000000000000000000000000000000000000000000000000000000
001000101000000111010000110111010100000000000000000000000000000000000000000000000000000000000000
101000100101111011101111000110010011000000000000000000000000000000000000000000000000000000000000
000010010111000111100100010000100100000000000000000000000000000000000000000000000000000000000000
000101101111111110111110111110101100000000000000000000000000000000000000000000000000000000000000
010100011000000001000001001000000111000000000000000000000000000000000000000000000000000000000000
110101011011001110110100000010111110000000000000000000000000000000000000000000000000000000000000
011111100010100100001001110010001100000000000000000000000000000000000000000000000000000000000000
011110101101111010011101110110111100000000000000000000000000000000000000000000000000000000000000
110101100010001111110011011111101111000000000000000000000000000000000000000000000000000000000000
101000000010001000111010111101100111000000000000000000000000000000000000000000000000000000000000
101100110001101000110100100010000100000000000000000000000000000000000000000000000000000000000000
111110010111011100011000011100101000000000000000000000000000000000000000000000000000000000000000
011001100110000010010010001011101100000000000000000000000000000000000000000000000000000000000000
101111011011110101001111110011011001000000000000000000000000000000000000000000000000000000000000
010010111101101011111000100100111111000000000000000000000000000000000000000000000000000000000000
001111011100111111100110100101010000000000000000000000000000000000000000000000000000000000000000
101100100100101111101001000111110100000000000000000000000000000000000000000000000000000000000000
111100000011011100111010001110010010000000000000000000000000000000000000000000000000000000000000
100010100101010000100011000111110110000000000000000000000000000000000000000000000000000000000000
000011000111000010110010101010010110000000000000000000000000000000000000000000000000000000000000
010100000111011101110101011010011111000000000000000000000000000000000000000000000000000000000000
110111100000110101000000111110011000000000000000000000000000000000000000000000000000000000000000
101110011001111000110111101000111001000000000000000000000000000000000000000000000000000000000000
001000100101011001101000111110001011000000000000000000000000000000000000000000000000000000000000
011100001000010001000101101010110011000000000000000000000000000000000000000000000000000000000000
011101111101000100001010110000101100000000000000000000000000000000000000000000000000000000000000
110110111010100111001101110001000011000000000000000000000000000000000000000000000000000000000000
100100001110001011011000111001101001000000000000000000000000000000000000000000000000000000000000
110000011010011000110001001101010100000000000000000000000000000000000000000000000000000000000000
001101111101100000111101100110110110000000000000000000000000000000000000000000000000000000000000
101011010011011101000100111000111100000000000000000000000000000000000000000000000000000000000000
111100110001010010010001111000001000000000000000000000000000000000000000000000000000000000000000
010000100001011000000100011001111000000000000000000000000000000000000000000000000000000000000000
100010100000100101011011111010000011000000000000000000000000000000000000000000000000000000000000
100100111101001011011100011011000010000000000000000000000000000000000000000000000000000000000000
100101001101111011001011100100111001000000000000000000000000000000000000000000000000000000000000
000000011011110101110000111010000011000000000000000000000000000000000000000000000000000000000000
011001011100111111101001001001010000000000000000000000000000000000000000000000000000000000000000
111110001011010111001010000110110000000000000000000000000000000000000000000000000000000000000000
011101001001010101010000101101011010000000000000000000000000000000000000000000000000000000000000
001110001100010111101110001100111101000000000000000000000000000000000000000000000000000000000000
010111110100010101000110111010101111000000000000000000000000000000000000000000000000000000000000
000010100101000110110100100000101111000000000000000000000000000000000000000000000000000000000000
011011100101000011100100100010100011000000000000000000000000000000000000000000000000000000000000
