000110110100110001001000010001001000000000000000000000000000000000000000000000000000000000000000
101101010010011111010110000101000010000000000000000000000000000000000000000000000000000000000000
010111000110010001011010110001010001000000000000000000000000000000000000000000000000000000000000
011110111000000010001000000110010100000000000000000000000000000000000000000000000000000000000000
000001100101010101000101001101101011000000000000000000000000000000000000000000000000000000000000
101110010111010001101011101001100001000000000000000000000000000000000000000000000000000000000000
000011110010010010111001101000001000000000000000000000000000000000000000000000000000000000000000
000101011110010010010100110100001011000000000000000000000000000000000000000000000000000000000000
000101110110010000110111010000001100000000000000000000000000000000000000000000000000000000000000
001111100011111011010101100110100000000000000000000000000000000000000000000000000000000000000000
000010111110101101011001011110101000000000000000000000000000000000000000000000000000000000000000
011101011011101101111001001110101111000000000000000000000000000000000000000000000000000000000000
001011111001110101110011100001011100000000000000000000000000000000000000000000000000000000000000
001010110000111100000001100110001100000000000000000000000000000000000000000000000000000000000000
100011100011101110010011100011001111000000000000000000000000000000000000000000000000000000000000
011000010101100010101101101001001011000000000000000000000000000000000000000000000000000000000000
010101100001111110101001010000000110000000000000000000000000000000000000000000000000000000000000
001000101111011101000110110110101110000000000000000000000000000000000000000000000000000000000000
001100110101111100011110010010111000000000000000000000000000000000000000000000000000000000000000
001101101110100000010000111000110011000000000000000000000000000000000000000000000000000000000000
101010011111111100001001101010110111000000000000000000000000000000000000000000000000000000000000
111011110010111000011100001000001001000000000000000000000000000000000000000000000000000000000000
010100101001001010101010110011101010000000000000000000000000000000000000000000000000000000000000
101101010100000100101110000101000010000000000000000000000000000000000000000000000000000000000000
001101100101011100011101110000111001000000000000000000000000000000000000000000000000000000000000
000100001011011010011110100101110101000000000000000000000000000000000000000000000000000000000000
011010001111010010110010000111010011000000000000000000000000000000000000000000000000000000000000
110110111001110100001101100000111011000000000000000000000000000000000000000000000000000000000000
101100111100011011011101011100111100000000000000000000000000000000000000000000000000000000000000
001010001010100111111100110101011101000000000000000000000000000000000000000000000000000000000000
111011100011101110111100001101011101000000000000000000000000000000000000000000000000000000000000
010100110011001110000001010100100101000000000000000000000000000000000000000000000000000000000000
000100100110011010001110010101001110000000000000000000000000000000000000000000000000000000000000
100100000011110101000010010110111011000000000000000000000000000000000000000000000000000000000000
010100011000010001100100101100100110000000000000000000000000000000000000000000000000000000000000
010010000100010100111011001110001000000000000000000000000000000000000000000000000000000000000000
010110000101010101001011011000100001000000000000000000000000000000000000000000000000000000000000
000001000011001101101111001110101110000000000000000000000000000000000000000000000000000000000000
110001000101010111110001110001010100000000000000000000000000000000000000000000000000000000000000
010000111100010011001000111010000001000000000000000000000000000000000000000000000000000000000000
010010100011001001101011110011010011000000000000000000000000000000000000000000000000000000000000
110010101000010110010110111111001101000000000000000000000000000000000000000000000000000000000000
101110011001111010100100101100010101000000000000000000000000000000000000000000000000000000000000
001100100010011100100001011101010111000000000000000000000000000000000000000000000000000000000000
010011001101100001110111111000101000000000000000000000000000000000000000000000000000000000000000
111011101000001000011001001111010011000000000000000000000000000000000000000000000000000000000000
000100011111011011000101101010011011000000000000000000000000000000000000000000000000000000000000
110000001011100100110001100100000011000000000000000000000000000000000000000000000000000000000000
100000101101000010011010111010000100000000000000000000000000000000000000000000000000000000000000
110010011110001101111110100101011000000000000000000000000000000000000000000000000000000000000000
010001011101001011101000001000010111000000000000000000000000000000000000000000000000000000000000
000111100110010001101110001101100100000000000000000000000000000000000000000000000000000000000000
000000101111101110101100101010011100000000000000000000000000000000000000000000000000000000000000
101101100101110010110100110101000011000000000000000000000000000000000000000000000000000000000000
000110011111011010000000011010110011000000000000000000000000000000000000000000000000000000000000
100110011000000111110011011101111010000000000000000000000000000000000000000000000000000000000000
111010101100001011101110011000001100000000000000000000000000000000000000000000000000000000000000
010101001111111111000100000101110011000000000000000000000000000000000000000000000000000000000000
100001011011000111111000101101000101000000000000000000000000000000000000000000000000000000000000
000101000000000101101000000111000101000000000000000000000000000000000000000000000000000000000000
001100110010011101110110001101110111000000000000000000000000000000000000000000000000000000000000
001011100011110100100011011010010111000000000000000000000000000000000000000000000000000000000000
101000011111010110101101110111011110000000000000000000000000000000000000000000000000000000000000
111001100101001110110100010111101011000000000000000000000000000000000000000000000000000000000000
111110100110110011010100011010011110000000000000000000000000000000000000000000000000000000000000
100110000110011001100001110000110001000000000000000000000000000000000000000000000000000000000000
011010000100110101011001110010100000000000000000000000000000000000000000000000000000000000000000
101011001010110011001110111010011011000000000000000000000000000000000000000000000000000000000000
110001110100100111011101011110000011000000000000000000000000000000000000000000000000000000000000
011010100010110001111111110110111011000000000000000000000000000000000000000000000000000000000000
111110001000110101010100010111011101000000000000000000000000000000000000000000000000000000000000
001010101101110001111000101000110110000000000000000000000000000000000000000000000000000000000000
101110010101011011000101101111011000000000000000000000000000000000000000000000000000000000000000
110000000010001010100001010111111111000000000000000000000000000000000000000000000000000000000000
001101000000010100010010100001100001000000000000000000000000000000000000000000000000000000000000
001110011110111110011010100000101010000000000000000000000000000000000000000000000000000000000000
111110010111101001011000110101010001000000000000000000000000000000000000000000000000000000000000
111101100110000010011110010111100001000000000000000000000000000000000000000000000000000000000000
010100000001111100000011111111100100000000000000000000000000000000000000000000000000000000000000
100100101101101111101001110000001111000000000000000000000000000000000000000000000000000000000000
100110010100010010110011111001110000000000000000000000000000000000000000000000000000000000000000
001001101011101010111010010110110010000000000000000000000000000000000000000000000000000000000000
011100110101110100001001111110111000000000000000000000000000000000000000000000000000000000000000
000001101000011010011000000110110111000000000000000000000000000000000000000000000000000000000000
011000111111100010011001011101110100000000000000000000000000000000000000000000000000000000000000
110001110100101100010011001010010100000000000000000000000000000000000000000000000000000000000000
011001111000010001101101010100010011000000000000000000000000000000000000000000000000000000000000
000011110110101101001000011001011011000000000000000000000000000000000000000000000000000000000000
100110100110010001001011001011111010000000000000000000000000000000000000000000000000000000000000
111010110110000110001001100111010001000000000000000000000000000000000000000000000000000000000000
111111111000000110001101101101000101000000000000000000000000000000000000000000000000000000000000
101111010110000100001000011011000100000000000000000000000000000000000000000000000000000000000000
101101101110111111001111111100011111000000000000000000000000000000000000000000000000000000000000
011111111001001011111000010011001000000000000000000000000000000000000000000000000000000000000000
110001010101110011001011000100100101000000000000000000000000000000000000000000000000000000000000
000111001000010110011101011101101101000000000000000000000000000000000000000000000000000000000000
101110110110101110111011000111101100000000000000000000000000000000000000000000000000000000000000
001100111111100000100000011011110100000000000000000000000000000000000000000000000000000000000000
100000000010011100001101111110100101000000000000000000000000000000000000000000000000000000000000
101100001010110001001110111011101001000000000000000000000000000000000000000000000000000000000000
110000011010101010011011100000100100000000000000000000000000000000000000000000000000000000000000
001011101011010110100000111110111111000000000000000000000000000000000000000000000000000000000000
011100010101010111100010001010100100000000000000000000000000000000000000000000000000000000000000
100000100101110110010111011000000101000000000000000000000000000000000000000000000000000000000000
001101100010100101011100111001010100000000000000000000000000000000000000000000000000000000000000
010110011111111110110100011011111110000000000000000000000000000000000000000000000000000000000000
010010001100010011010100100101000100000000000000000000000000000000000000000000000000000000000000
001101111110111100011100000001100011000000000000000000000000000000000000000000000000000000000000
001000010011001010101010001100011000000000000000000000000000000000000000000000000000000000000000
111101111000011001101111110111101101000000000000000000000000000000000000000000000000000000000000
011110100011011111110010110011000101000000000000000000000000000000000000000000000000000000000000
001000110011111001010010100000001111000000000000000000000000000000000000000000000000000000000000
000110100110111110000111011100101011000000000000000000000000000000000000000000000000000000000000
010101110001010010111100111110011101000000000000000000000000000000000000000000000000000000000000
011011011010100001001000010010001011000000000000000000000000000000000000000000000000000000000000
010011100111100100100010100011011110000000000000000000000000000000000000000000000000000000000000
010110000100001001100010010111101110000000000000000000000000000000000000000000000000000000000000
111110100000100101010011001101111001000000000000000000000000000000000000000000000000000000000000
010110000000000101111011000001010100000000000000000000000000000000000000000000000000000000000000
001010101111001010111100000111101101000000000000000000000000000000000000000000000000000000000000
101111110011100111000011001100101100000000000000000000000000000000000000000000000000000000000000
010100001110100000110010010010010110000000000000000000000000000000000000000000000000000000000000
000001011100000000011111110001111110000000000000000000000000000000000000000000000000000000000000
001111010001100001101011010000010011000000000000000000000000000000000000000000000000000000000000
001100111100000000010110101001110100000000000000000000000000000000000000000000000000000000000000
000101110000100011001100110011011010000000000000000000000000000000000000000000000000000000000000
000010000011110011111110100110111111000000000000000000000000000000000000000000000000000000000000
110110011011001001010010001011010111000000000000000000000000000000000000000000000000000000000000
001010100000110100001111111000000100000000000000000000000000000000000000000000000000000000000000
100111011111111100111111110100100101000000000000000000000000000000000000000000000000000000000000
110110000101110110010100010011110100000000000000000000000000000000000000000000000000000000000000
000010011101101110101000110100011000000000000000000000000000000000000000000000000000000000000000
110001010010101011111001111100110100000000000000000000000000000000000000000000000000000000000000
000010110011101100010001011000010101000000000000000000000000000000000000000000000000000000000000
010110000101101101110011011101001101000000000000000000000000000000000000000000000000000000000000
010101101011101011100100001000111110000000000000000000000000000000000000000000000000000000000000
001001100000101001001111001011010110000000000000000000000000000000000000000000000000000000000000
101101010100100101010110001011110011000000000000000000000000000000000000000000000000000000000000
101111101011110001000010001010011000000000000000000000000000000000000000000000000000000000000000
110001100010011010111010101101011001000000000000000000000000000000000000000000000000000000000000
100111011100001010110010101000000111000000000000000000000000000000000000000000000000000000000000
001100101000010110101001111101101000000000000000000000000000000000000000000000000000000000000000
111001111000010111111111110101110111000000000000000000000000000000000000000000000000000000000000
001111111101011101101100111100011001000000000000000000000000000000000000000000000000000000000000
100010001001111110000001011111011100000000000000000000000000000000000000000000000000000000000000
000100010111001110011001111111000111000000000000000000000000000000000000000000000000000000000000
101011110101111110011000101010100011000000000000000000000000000000000000000000000000000000000000
100111110101111000000100000001100001000000000000000000000000000000000000000000000000000000000000
100010000001011110111000011011110001000000000000000000000000000000000000000000000000000000000000
101010110001110101101100101101100011000000000000000000000000000000000000000000000000000000000000
110111010011010100100101111110010110000000000000000000000000000000000000000000000000000000000000
100011001001001111001010011100100000000000000000000000000000000000000000000000000000000000000000
101101100101101001101101010110011001000000000000000000000000000000000000000000000000000000000000
000111011010110100010101111110101010000000000000000000000000000000000000000000000000000000000000
010011110010001000110100111101101110000000000000000000000000000000000000000000000000000000000000
110001101010001100110101101101000111000000000000000000000000000000000000000000000000000000000000
001101010011100001111000111001111011000000000000000000000000000000000000000000000000000000000000
010010100000110000001101110011101011000000000000000000000000000000000000000000000000000000000000
010001011100110100011010101111000000000000000000000000000000000000000000000000000000000000000000
111110110100000110100011111111000001000000000000000000000000000000000000000000000000000000000000
111101011100010001010010101011101111000000000000000000000000000000000000000000000000000000000000
111001110110010111101100110111100001000000000000000000000000000000000000000000000000000000000000
010001000100011010011000101111001111000000000000000000000000000000000000000000000000000000000000
111010101000110110000001010101001000000000000000000000000000000000000000000000000000000000000000
110110100100100110010010001100010001000000000000000000000000000000000000000000000000000000000000
001010010100010100011000001000100011000000000000000000000000000000000000000000000000000000000000
010000000111011100100111100011010001000000000000000000000000000000000000000000000000000000000000
010011110000100011001010010000100001000000000000000000000000000000000000000000000000000000000000
110011001010110000110000101110010011000000000000000000000000000000000000000000000000000000000000
100100010001110010101111000110010100000000000000000000000000000000000000000000000000000000000000
000110111000100010101101000111111110000000000000000000000000000000000000000000000000000000000000
111110100011000101110011011001110110000000000000000000000000000000000000000000000000000000000000
111000110100001110100001011000000011000000000000000000000000000000000000000000000000000000000000
110111110011010111011111011010010101000000000000000000000000000000000000000000000000000000000000
110011100111011111101110011110001110000000000000000000000000000000000000000000000000000000000000
010011011110111111110010110011100011000000000000000000000000000000000000000000000000000000000000
101101111100111111001000101101101010000000000000000000000000000000000000000000000000000000000000
111000001000110011101110110011110010000000000000000000000000000000000000000000000000000000000000
101010101100110011100110000100001000000000000000000000000000000000000000000000000000000000000000
000110101100111110111100101110111000000000000000000000000000000000000000000000000000000000000000
110010111100110111000101010001011110000000000000000000000000000000000000000000000000000000000000
010001101111010010000011111100000110000000000000000000000000000000000000000000000000000000000000
000011111001100101001110000010100010000000000000000000000000000000000000000000000000000000000000
001000100010001010010010110111110101000000000000000000000000000000000000000000000000000000000000
000000010111000111001101111000101011000000000000000000000000000000000000000000000000000000000000
001100101001001101110111110011110100000000000000000000000000000000000000000000000000000000000000
110001011010110101111111010101100100000000000000000000000000000000000000000000000000000000000000
110011110100111011110111010011100011000000000000000000000000000000000000000000000000000000000000
011111001111100001011011101011110100000000000000000000000000000000000000000000000000000000000000
010110011100010011111101000100100010000000000000000000000000000000000000000000000000000000000000
000111000110111101101000000011010111000000000000000000000000000000000000000000000000000000000000
110110011010101111001100000000100010000000000000000000000000000000000000000000000000000000000000
001000011010110100000100110001100010000000000000000000000000000000000000000000000000000000000000
100100101011000100011010100010100000000000000000000000000000000000000000000000000000000000000000
110100111000110000010100101011000011000000000000000000000000000000000000000000000000000000000000
101011001001001000111101011110010010000000000000000000000000000000000000000000000000000000000000
000100000011100101010000111101001000000000000000000000000000000000000000000000000000000000000000
101010010101011010001000101011100011000000000000000000000000000000000000000000000000000000000000
111100010110001001101010011100010010000000000000000000000000000000000000000000000000000000000000
000100001110000100011010011010011000000000000000000000000000000000000000000000000000000000000000
011001001010100100101001111110000100000000000000000000000000000000000000000000000000000000000000
000100111011010100000101001110011010000000000000000000000000000000000000000000000000000000000000
001111001000110100011111111100101000000000000000000000000000000000000000000000000000000000000000
111111111111111011101000011011101111000000000000000000000000000000000000000000000000000000000000
111100000000100110011101101000111101000000000000000000000000000000000000000000000000000000000000
100001101011101111010001110000001111000000000000000000000000000000000000000000000000000000000000
111011001010101101100010011000110110000000000000000000000000000000000000000000000000000000000000
001001010000111110111001111000010001000000000000000000000000000000000000000000000000000000000000
010111011001000001100011000110001001000000000000000000000000000000000000000000000000000000000000
100101010110001001011101111011000000000000000000000000000000000000000000000000000000000000000000
000010010111101101010000000011100001000000000000000000000000000000000000000000000000000000000000
010001001011110001110000110010101111000000000000000000000000000000000000000000000000000000000000
001100000100011001110101100110011010000000000000000000000000000000000000000000000000000000000000
010011101100111001010101001111101010000000000000000000000000000000000000000000000000000000000000
111011111001001110111011111111111111000000000000000000000000000000000000000000000000000000000000
101100011110010001111001000101100101000000000000000000000000000000000000000000000000000000000000
011100011001111110001101000001100001000000000000000000000000000000000000000000000000000000000000
011110111110010110011011011001101010000000000000000000000000000000000000000000000000000000000000
101011101010100001010100101110110100000000000000000000000000000000000000000000000000000000000000
101111100011111001111100101010101101000000000000000000000000000000000000000000000000000000000000
111101101101100111110111000111111110000000000000000000000000000000000000000000000000000000000000
111101100010110011100001100011110111000000000000000000000000000000000000000000000000000000000000
000110100001011101111001100011010000000000000000000000000000000000000000000000000000000000000000
010010110100000110010011000001010100000000000000000000000000000000000000000000000000000000000000
001001111001111100101001100011001111000000000000000000000000000000000000000000000000000000000000
010101010100010001010000000101010001000000000000000000000000000000000000000000000000000000000000
010110011000010010100110001101010011000000000000000000000000000000000000000000000000000000000000
101000110011100010001000011100111110000000000000000000000000000000000000000000000000000000000000
001011100100001110110110000001100000000000000000000000000000000000000000000000000000000000000000
011010100001001011101000010100110101000000000000000000000000000000000000000000000000000000000000
101000111110011001100011001110001011000000000000000000000000000000000000000000000000000000000000
100111001101001010011000101101111110000000000000000000000000000000000000000000000000000000000000
111110010000100000000001000100101101000000000000000000000000000000000000000000000000000000000000
010100100011110010101010100011100001000000000000000000000000000000000000000000000000000000000000
001001000011011101111111001010101101000000000000000000000000000000000000000000000000000000000000
011011001101100110111101000001111010000000000000000000000000000000000000000000000000000000000000
100000001101011100101101001011101111000000000000000000000000000000000000000000000000000000000000
111111101111000000001011100111001101000000000000000000000000000000000000000000000000000000000000
110001011010110010101101111010100000000000000000000000000000000000000000000000000000000000000000
110001100101110101000010011000100110000000000000000000000000000000000000000000000000000000000000
011011111111000011011011100110111000000000000000000000000000000000000000000000000000000000000000
010101011101011101101111101101001000000000000000000000000000000000000000000000000000000000000000
110111001000010100000001101110110101000000000000000000000000000000000000000000000000000000000000
101101000001110001010001111100010100000000000000000000000000000000000000000000000000000000000000
111111100100110100111101110101011101000000000000000000000000000000000000000000000000000000000000
100110001000110001101000010010010111000000000000000000000000000000000000000000000000000000000000
000000001110010011100110001101101010000000000000000000000000000000000000000000000000000000000000
001000100001010001011101111011101101000000000000000000000000000000000000000000000000000000000000
101101011110000001100111101101100011000000000000000000000000000000000000000000000000000000000000
001110101100011010011001011000100100000000000000000000000000000000000000000000000000000000000000
101010010100100110101111010000000000000000000000000000000000000000000000000000000000000000000000
000010111011101000000100000110001001000000000000000000000000000000000000000000000000000000000000
101000011101010101011001111011110000000000000000000000000000000000000000000000000000000000000000
000110001110101111010100011010101001000000000000000000000000000000000000000000000000000000000000
000000101100111100101110111111101101000000000000000000000000000000000000000000000000000000000000
000111000001100111010011010111110101000000000000000000000000000000000000000000000000000000000000
101011011101100111111001100110010111000000000000000000000000000000000000000000000000000000000000
101111010110110100111110101000011100000000000000000000000000000000000000000000000000000000000000
011001000110100010010110101001010011000000000000000000000000000000000000000000000000000000000000
110111101111011111010110111111100101000000000000000000000000000000000000000000000000000000000000
011111100011110111100110100110111000000000000000000000000000000000000000000000000000000000000000
001111110001000011010010000000000100000000000000000000000000000000000000000000000000000000000000
001111000001110111011011000000110111000000000000000000000000000000000000000000000000000000000000
110011011110001100011111100100010011000000000000000000000000000000000000000000000000000000000000
000101011001010110000100011011001111000000000000000000000000000000000000000000000000000000000000
100100111001111111111001000001001010000000000000000000000000000000000000000000000000000000000000
001100100000100101010010100000010001000000000000000000000000000000000000000000000000000000000000
110000101100100110011110000100101010000000000000000000000000000000000000000000000000000000000000
101100011001010011101001101100101011000000000000000000000000000000000000000000000000000000000000
000011111110010001111000001101101000000000000000000000000000000000000000000000000000000000000000
111110010011111010110001111000100011000000000000000000000000000000000000000000000000000000000000
010101010000001001111110011001001111000000000000000000000000000000000000000000000000000000000000
111111111011101010001001001011010100000000000000000000000000000000000000000000000000000000000000
011100001011100010101110011100110010000000000000000000000000000000000000000000000000000000000000
001111100100000111101101001001110000000000000000000000000000000000000000000000000000000000000000
011110001010001111001001110101101001000000000000000000000000000000000000000000000000000000000000
011111111110111101100101000111100101000000000000000000000000000000000000000000000000000000000000
000001111100010010110110100011110000000000000000000000000000000000000000000000000000000000000000
000011001101110110111010101010100011000000000000000000000000000000000000000000000000000000000000
110101100000111101011010000010010001000000000000000000000000000000000000000000000000000000000000
010000100111110101111011110000011101000000000000000000000000000000000000000000000000000000000000
001100100100010111000001011100011100000000000000000000000000000000000000000000000000000000000000
011110111001001001111111000101000000000000000000000000000000000000000000000000000000000000000000
100001001101101110111010000111000001000000000000000000000000000000000000000000000000000000000000
011110000011000101111110011011000100000000000000000000000000000000000000000000000000000000000000
111001100000110000111111110001100010000000000000000000000000000000000000000000000000000000000000
001111110011000000110010110100001011000000000000000000000000000000000000000000000000000000000000
100001000110011000111111111101101011000000000000000000000000000000000000000000000000000000000000
011001100111110000000010010010101001000000000000000000000000000000000000000000000000000000000000
100101010110101000011010000001011011000000000000000000000000000000000000000000000000000000000000
101111001010001110101011111011001101000000000000000000000000000000000000000000000000000000000000
010000110010111101111110110100100000000000000000000000000000000000000000000000000000000000000000
010001101000001101110011000100011101000000000000000000000000000000000000000000000000000000000000
001110011100101111101111011010000111000000000000000000000000000000000000000000000000000000000000
000110000110110100011010110101100110000000000000000000000000000000000000000000000000000000000000
010101011000010000001011100110010001000000000000000000000000000000000000000000000000000000000000
101011000001101100000101110100001010000000000000000000000000000000000000000000000000000000000000
010011110001011011100001000011111100000000000000000000000000000000000000000000000000000000000000
100010001110111001001100101111110011000000000000000000000000000000000000000000000000000000000000
100010000101101000001011111111100111000000000000000000000000000000000000000000000000000000000000
001111111000110111111100111011010100000000000000000000000000000000000000000000000000000000000000
010110001100011101001000100010110100000000000000000000000000000000000000000000000000000000000000
011010100111000011010000010011010001000000000000000000000000000000000000000000000000000000000000
100101101000010100101110000000001011000000000000000000000000000000000000000000000000000000000000
011110101100100110110001000010010011000000000000000000000000000000000000000000000000000000000000
000010000010100100010001100001001010000000000000000000000000000000000000000000000000000000000000
111100110101001000101110001011010010000000000000000000000000000000000000000000000000000000000000
101111010011101111011110101010111100000000000000000000000000000000000000000000000000000000000000
101011111110011011001000110100101111000000000000000000000000000000000000000000000000000000000000
110011100000001000100110000111110011000000000000000000000000000000000000000000000000000000000000
111111010001100011000011011100101110000000000000000000000000000000000000000000000000000000000000
110011000000000110010001101111001010000000000000000000000000000000000000000000000000000000000000
001011011110100111001011010001110011000000000000000000000000000000000000000000000000000000000000
010000011011001110100111000011000010000000000000000000000000000000000000000000000000000000000000
000010010011000010000011011100111111000000000000000000000000000000000000000000000000000000000000
000100111101111010110011100011110001000000000000000000000000000000000000000000000000000000000000
111100111111000111011011100010011000000000000000000000000000000000000000000000000000000000000000
010111101000101101100110010101000110000000000000000000000000000000000000000000000000000000000000
000111100100101101010101000110000101000000000000000000000000000000000000000000000000000000000000
110101010011000000101110100101101110000000000000000000000000000000000000000000000000000000000000
000010111010001010101100001100011010000000000000000000000000000000000000000000000000000000000000
010011111010110000001111011110110001000000000000000000000000000000000000000000000000000000000000
100000010110100010001011010011000000000000000000000000000000000000000000000000000000000000000000
110010010111101111111001010011000100000000000000000000000000000000000000000000000000000000000000
100110111001000101010110110101010001000000000000000000000000000000000000000000000000000000000000
111111011111001000000000110011101101000000000000000000000000000000000000000000000000000000000000
101101010011000000100100010100001011000000000000000000000000000000000000000000000000000000000000
101110110000010100010111111000111111000000000000000000000000000000000000000000000000000000000000
000010000110110110000011111011010011000000000000000000000000000000000000000000000000000000000000
111011000000110110010011000000111001000000000000000000000000000000000000000000000000000000000000
110101001101000101010010111001010111000000000000000000000000000000000000000000000000000000000000
111011111100001000101001110111011011000000000000000000000000000000000000000000000000000000000000
101100011111011101100000101101100100000000000000000000000000000000000000000000000000000000000000
110010100010000110000101111100110111000000000000000000000000000000000000000000000000000000000000
111000111000011011010000011011000100000000000000000000000000000000000000000000000000000000000000
100100010001110101000011111100111010000000000000000000000000000000000000000000000000000000000000
100101101110110110011010110110001011000000000000000000000000000000000000000000000000000000000000
000001000011110101110110010010101101000000000000000000000000000000000000000000000000000000000000
101000001011100110000100111101000000000000000000000000000000000000000000000000000000000000000000
111101001110110101111000110111100000000000000000000000000000000000000000000000000000000000000000
111111001010111100100110111111000001000000000000000000000000000000000000000000000000000000000000
010101000101111000110100110011111100000000000000000000000000000000000000000000000000000000000000
110000100110100100001101010011110000000000000000000000000000000000000000000000000000000000000000
011110010110100011000110010001011001000000000000000000000000000000000000000000000000000000000000
101111001101011111100110100011000000000000000000000000000000000000000000000000000000000000000000
010101001100000011011110000110010101000000000000000000000000000000000000000000000000000000000000
001010011000111001111000111111110001000000000000000000000000000000000000000000000000000000000000
111010011110001010110100011110010110000000000000000000000000000000000000000000000000000000000000
010110100111011111001000000101111101000000000000000000000000000000000000000000000000000000000000
011111010001101111000001111101000011000000000000000000000000000000000000000000000000000000000000
100111000110100010000110111010110010000000000000000000000000000000000000000000000000000000000000
001101101011001000101010100111100110000000000000000000000000000000000000000000000000000000000000
100011110101010010011011111110101000000000000000000000000000000000000000000000000000000000000000
100111000110011101110110110011101000000000000000000000000000000000000000000000000000000000000000
000011110001101011000101111011000001000000000000000000000000000000000000000000000000000000000000
100000010010000101101010111001110101000000000000000000000000000000000000000000000000000000000000
000110111011101110110000110010010001000000000000000000000000000000000000000000000000000000000000
010010010010100011100110111101010111000000000000000000000000000000000000000000000000000000000000
011110001010001000010100010101000011000000000000000000000000000000000000000000000000000000000000
010101010100101110011100011001011100000000000000000000000000000000000000000000000000000000000000
001001000100000100010001101000000100000000000000000000000000000000000000000000000000000000000000
000111011101100001110011000000100001000000000000000000000000000000000000000000000000000000000000
001110000101101111001101110011001101000000000000000000000000000000000000000000000000000000000000
101001110100011010111101101001010110000000000000000000000000000000000000000000000000000000000000
011111010011110111101000110001111011000000000000000000000000000000000000000000000000000000000000
111001110100011001001011001110001110000000000000000000000000000000000000000000000000000000000000
101101010001101011010101100101111011000000000000000000000000000000000000000000000000000000000000
000001110111001001010100011001100011000000000000000000000000000000000000000000000000000000000000
001110010011110110101011000111100001000000000000000000000000000000000000000000000000000000000000
111110010110000100110010111110111001000000000000000000000000000000000000000000000000000000000000
000110101010101111101000101110100010000000000000000000000000000000000000000000000000000000000000
000101100010110010100001000000101110000000000000000000000000000000000000000000000000000000000000
000110111110111101011000011111000110000000000000000000000000000000000000000000000000000000000000
111010011111101001011011110000110110000000000000000000000000000000000000000000000000000000000000
101110110010111011000111101011001001000000000000000000000000000000000000000000000000000000000000
011100001011100100010100111111001001000000000000000000000000000000000000000000000000000000000000
000010111111010110001111100110011101000000000000000000000000000000000000000000000000000000000000
011101011101000011101100010111011101000000000000000000000000000000000000000000000000000000000000
100001111111001111110001111011111100000000000000000000000000000000000000000000000000000000000000
001010100101101011000111010100110000000000000000000000000000000000000000000000000000000000000000
110000111100000111100100110001001000000000000000000000000000000000000000000000000000000000000000
010000111101010001001010111001010101000000000000000000000000000000000000000000000000000000000000
111110000011011000110000111010101011000000000000000000000000000000000000000000000000000000000000
001011100110001111111100010001110101000000000000000000000000000000000000000000000000000000000000
010111110110101011000110111010111100000000000000000000000000000000000000000000000000000000000000
101110010010010010010000111010011010000000000000000000000000000000000000000000000000000000000000
111001011111100110001011001010001100000000000000000000000000000000000000000000000000000000000000
110110111111011100011011101110100000000000000000000000000000000000000000000000000000000000000000
010111101111010010110111110100010100000000000000000000000000000000000000000000000000000000000000
100111110000100011100111101010100100000000000000000000000000000000000000000000000000000000000000
000100011110101010100110011010111010000000000000000000000000000000000000000000000000000000000000
111000111111110100001100100010001110000000000000000000000000000000000000000000000000000000000000
010001011001111011001001110000000110000000000000000000000000000000000000000000000000000000000000
110110111001110001101111001000010010000000000000000000000000000000000000000000000000000000000000
011101110001101101111101100101000100000000000000000000000000000000000000000000000000000000000000
111011001100111011110100000001011011000000000000000000000000000000000000000000000000000000000000
011001111110101011111011111100100111000000000000000000000000000000000000000000000000000000000000
000111110011000010111011100101110011000000000000000000000000000000000000000000000000000000000000
010001000011101101110010110010000001000000000000000000000000000000000000000000000000000000000000
010010011100010111100000000100111000000000000000000000000000000000000000000000000000000000000000
110101100110011100010011010100111001000000000000000000000000000000000000000000000000000000000000
011000110101000110110001101111001011000000000000000000000000000000000000000000000000000000000000
000011010101101011001100001010010101000000000000000000000000000000000000000000000000000000000000
101111100101100101011011010011111100000000000000000000000000000000000000000000000000000000000000
001101111101111000110100110100001001000000000000000000000000000000000000000000000000000000000000
111100100001111111000010101100000101000000000000000000000000000000000000000000000000000000000000
000100010110100010100001000101001111000000000000000000000000000000000000000000000000000000000000
100111101111000111001101111011100110000000000000000000000000000000000000000000000000000000000000
110000111101111100100010100100011000000000000000000000000000000000000000000000000000000000000000
101111100010111010011011000001000111000000000000000000000000000000000000000000000000000000000000
100100011001000111010111000111010110000000000000000000000000000000000000000000000000000000000000
110110000110011111110100101100100001000000000000000000000000000000000000000000000000000000000000
111111011110101110100011100110011001000000000000000000000000000000000000000000000000000000000000
100010000100110001011111100110111100000000000000000000000000000000000000000000000000000000000000
011011100011110101110001101110100011000000000000000000000000000000000000000000000000000000000000
100011111100111100001001100101110100000000000000000000000000000000000000000000000000000000000000
100011110000111011011111010000111001000000000000000000000000000000000000000000000000000000000000
111001110101100011100100001110011111000000000000000000000000000000000000000000000000000000000000
111010010010010001110001001100110000000000000000000000000000000000000000000000000000000000000000
101001101100000100111111011000010100000000000000000000000000000000000000000000000000000000000000
010111111110011010101000100101101000000000000000000000000000000000000000000000000000000000000000
001111001000011101001010001100110010000000000000000000000000000000000000000000000000000000000000
001100110011011110011000110100101001000000000000000000000000000000000000000000000000000000000000
001010110000010100001100110000001101000000000000000000000000000000000000000000000000000000000000
110011101100001011101110001101111111000000000000000000000000000000000000000000000000000000000000
101111001010001100001001111000111101000000000000000000000000000000000000000000000000000000000000
010111101110101100101111011000010110000000000000000000000000000000000000000000000000000000000000
110101000010000000011001111011101111000000000000000000000000000000000000000000000000000000000000
011010101001011100111000101011001011000000000000000000000000000000000000000000000000000000000000
000010001111101111011100000000011010000000000000000000000000000000000000000000000000000000000000
001001101110011001000110110111000100000000000000000000000000000000000000000000000000000000000000
110111010101111110010110001111100101000000000000000000000000000000000000000000000000000000000000
000001011100101001011000000110010010000000000000000000000000000000000000000000000000000000000000
101100000110011111011101110000100001000000000000000000000000000000000000000000000000000000000000
110011001001111101000011010110110011000000000000000000000000000000000000000000000000000000000000
100110011001010110111011100111101000000000000000000000000000000000000000000000000000000000000000
101000100110001111000011101000101010000000000000000000000000000000000000000000000000000000000000
111110101100110111011110001101001100000000000000000000000000000000000000000000000000000000000000
100000111001111111001101000010011100000000000000000000000000000000000000000000000000000000000000
101111010110110010111010010110111001000000000000000000000000000000000000000000000000000000000000
111011111000111111111101011000001011000000000000000000000000000000000000000000000000000000000000
001111011010101001110010100101100010000000000000000000000000000000000000000000000000000000000000
100100110100101111111001000100000111000000000000000000000000000000000000000000000000000000000000
111110001110111100000101100101101110000000000000000000000000000000000000000000000000000000000000
110011011011110000011111111110110011000000000000000000000000000000000000000000000000000000000000
101000101111101000010011100100010101000000000000000000000000000000000000000000000000000000000000
111010001101000110111010001001101100000000000000000000000000000000000000000000000000000000000000
110000100000010001001000011011011001000000000000000000000000000000000000000000000000000000000000
111001001101001101011010100100010100000000000000000000000000000000000000000000000000000000000000
001001111100001101101000110101011111000000000000000000000000000000000000000000000000000000000000
110000101110001110011110010001100010000000000000000000000000000000000000000000000000000000000000
100110111100011100100001001100110010000000000000000000000000000000000000000000000000000000000000
010010100010001010101011110010011110000000000000000000000000000000000000000000000000000000000000
010100001011001111011110001010001001000000000000000000000000000000000000000000000000000000000000
100000110111100000100101101010111100000000000000000000000000000000000000000000000000000000000000
110010001100010011100100101101011001000000000000000000000000000000000000000000000000000000000000
110010001011011010001110000000111000000000000000000000000000000000000000000000000000000000000000
011111001110111111101010011000011101000000000000000000000000000000000000000000000000000000000000
111011110011111100111010011111001000000000000000000000000000000000000000000000000000000000000000
110110010100001111111110111011010011000000000000000000000000000000000000000000000000000000000000
000000000011011100011000101010001000000000000000000000000000000000000000000000000000000000000000
101110111000000001011110100111101001000000000000000000000000000000000000000000000000000000000000
100001001011110101111011110011110100000000000000000000000000000000000000000000000000000000000000
101111000000100101001110101010111011000000000000000000000000000000000000000000000000000000000000
110100001110001101011101101000110100000000000000000000000000000000000000000000000000000000000000
101101001111001101110000101110000101000000000000000000000000000000000000000000000000000000000000
100100110100101100111000110100101000000000000000000000000000000000000000000000000000000000000000
100110001000011010001101010111110000000000000000000000000000000000000000000000000000000000000000
111100000110000011110011110011001001000000000000000000000000000000000000000000000000000000000000
010000001101011101111101001100010100000000000000000000000000000000000000000000000000000000000000
001110011010111010010100101111101001000000000000000000000000000000000000000000000000000000000000
110011101001000000111000110100011010000000000000000000000000000000000000000000000000000000000000
100001001110111011001111000101100001000000000000000000000000000000000000000000000000000000000000
100001110010000101110100101010100010000000000000000000000000000000000000000000000000000000000000
101111000000000100111101110111000001000000000000000000000000000000000000000000000000000000000000
000000000001001110100011110110001001000000000000000000000000000000000000000000000000000000000000
100010110100011111000011000011111100000000000000000000000000000000000000000000000000000000000000
011001010100110101110110001100000011000000000000000000000000000000000000000000000000000000000000
011000001011101010001011111011100111000000000000000000000000000000000000000000000000000000000000
000000100101011101011111000111110001000000000000000000000000000000000000000000000000000000000000
010001111010011111111101100110111100000000000000000000000000000000000000000000000000000000000000
001001111011000101001111001111111001000000000000000000000000000000000000000000000000000000000000
001110110100011100100011010010110011000000000000000000000000000000000000000000000000000000000000
011101110000110010010100111000010100000000000000000000000000000000000000000000000000000000000000
011110000101010110000101000101001101000000000000000000000000000000000000000000000000000000000000
010100001010000100010111001001111110000000000000000000000000000000000000000000000000000000000000
101101101011111100100010011111000110000000000000000000000000000000000000000000000000000000000000
110001101011111101001000001100000101000000000000000000000000000000000000000000000000000000000000
110000110101111111100110110001011101000000000000000000000000000000000000000000000000000000000000
111101101110001111101111000010001100000000000000000000000000000000000000000000000000000000000000
001001000011000000001101101001111010000000000000000000000000000000000000000000000000000000000000
101011000000010010111100111010100100000000000000000000000000000000000000000000000000000000000000
010010110010011000100010111100001000000000000000000000000000000000000000000000000000000000000000
101001101010001001001001000010010100000000000000000000000000000000000000000000000000000000000000
011010110100111100111101101001001110000000000000000000000000000000000000000000000000000000000000
000110100001100100101110010111100110000000000000000000000000000000000000000000000000000000000000
011000110110010001000001001011110010000000000000000000000000000000000000000000000000000000000000
111000110010101000000001001010011110000000000000000000000000000000000000000000000000000000000000
110110010010101100011011110111010100000000000000000000000000000000000000000000000000000000000000
100010100101001011110111100110010000000000000000000000000000000000000000000000000000000000000000
