000000000000000000000000000000000000000000000000000000000000110100111100000111101000010011001101
000000000000000000000000000000000000000000000000000000000000010001011110101001100001000101011111
000000000000000000000000000000000000000000000000000000000000111000001100111001111010001010111111
000000000000000000000000000000000000000000000000000000000000011110110111000110100100100010000001
000000000000000000000000000000000000000000000000000000000000010110001001100110101010101001001010
000000000000000000000000000000000000000000000000000000000000010011101101010111101001000011100111
000000000000000000000000000000000000000000000000000000000000000000000100011100001010011011011000
000000000000000000000000000000000000000000000000000000000000101101001001111101000010100110000011
000000000000000000000000000000000000000000000000000000000000010111100011100111001000110110010010
000000000000000000000000000000000000000000000000000000000000000100001101010001100000111010010001
000000000000000000000000000000000000000000000000000000000000011111101111101110100000011010010111
000000000000000000000000000000000000000000000000000000000000111010101000010111011000100111010011
000000000000000000000000000000000000000000000000000000000000101010010100010110000010111100111101
000000000000000000000000000000000000000000000000000000000000001011010101011010110101000111101001
000000000000000000000000000000000000000000000000000000000000000001000000000111101101100000100110
000000000000000000000000000000000000000000000000000000000000100000111000001001010100000101100010
000000000000000000000000000000000000000000000000000000000000100101111100001100111110011001101100
000000000000000000000000000000000000000000000000000000000000101100100011000110101110010010111110
000000000000000000000000000000000000000000000000000000000000011111000100011100001111010000011110
000000000000000000000000000000000000000000000000000000000000001001101010001001010010100110101101
000000000000000000000000000000000000000000000000000000000000001001111001011010001010000111100000
000000000000000000000000000000000000000000000000000000000000111011111111100011001011001100000010
000000000000000000000000000000000000000000000000000000000000100010111110110110111100011100111000
000000000000000000000000000000000000000000000000000000000000000100100001111100010010011001101000
000000000000000000000000000000000000000000000000000000000000010101011100101110111000011111010101
000000000000000000000000000000000000000000000000000000000000001101101001001000111001111001001000
000000000000000000000000000000000000000000000000000000000000001010101000101101101000010000000111
000000000000000000000000000000000000000000000000000000000000011101100001001011100000111010011110
000000000000000000000000000000000000000000000000000000000000100000111000010010001111010010101000
000000000000000000000000000000000000000000000000000000000000101011110111100000100011010011010010
000000000000000000000000000000000000000000000000000000000000110110101011111100100000011001000101
000000000000000000000000000000000000000000000000000000000000111001001001010011100110001010110000
000000000000000000000000000000000000000000000000000000000000110111111000000111011111111001010110
000000000000000000000000000000000000000000000000000000000000010111100010011011100011111110110110
000000000000000000000000000000000000000000000000000000000000010100111001001000101100100100010100
000000000000000000000000000000000000000000000000000000000000101011100101111111001100000100000101
000000000000000000000000000000000000000000000000000000000000011000101011000101110011100010100111
000000000000000000000000000000000000000000000000000000000000010011100000100000000101001010100110
000000000000000000000000000000000000000000000000000000000000000010010101001110111000010110101001
000000000000000000000000000000000000000000000000000000000000110001011010000000111011000110010110
000000000000000000000000000000000000000000000000000000000000001110111100100001100111101010001100
000000000000000000000000000000000000000000000000000000000000011111101010100101101110011100001011
000000000000000000000000000000000000000000000000000000000000111110111000111110000111100100010011
000000000000000000000000000000000000000000000000000000000000111011001001001101110001110111100011
000000000000000000000000000000000000000000000000000000000000101011111011100111110011010000000000
000000000000000000000000000000000000000000000000000000000000101001101100110000111101111001110001
000000000000000000000000000000000000000000000000000000000000010101001110101110001101101000010011
000000000000000000000000000000000000000000000000000000000000001011101111100010000001110101000001
000000000000000000000000000000000000000000000000000000000000010010110011011000001001000100100101
000000000000000000000000000000000000000000000000000000000000010010111010000000111111110111111001
000000000000000000000000000000000000000000000000000000000000100111010000011011100101110100110011
000000000000000000000000000000000000000000000000000000000000100001111011010100100000110010001110
000000000000000000000000000000000000000000000000000000000000111110011110111001111111000101001011
000000000000000000000000000000000000000000000000000000000000100110011001000110100011010000000000
000000000000000000000000000000000000000000000000000000000000101001011101011110010010011110000001
000000000000000000000000000000000000000000000000000000000000010011101100111111010001110000111011
000000000000000000000000000000000000000000000000000000000000000100100100111100100101110110110011
000000000000000000000000000000000000000000000000000000000000010000110010010011011011000011000000
000000000000000000000000000000000000000000000000000000000000010111010000001000101110110100111010
000000000000000000000000000000000000000000000000000000000000100100010010110000011011010011111100
000000000000000000000000000000000000000000000000000000000000010110011011010011010001011010011010
000000000000000000000000000000000000000000000000000000000000111111000110100111101000101000101011
000000000000000000000000000000000000000000000000000000000000000001110100000101011100101000111011
000000000000000000000000000000000000000000000000000000000000010010011011100010111001100101001011
000000000000000000000000000000000000000000000000000000000000001111010000000010101100000100111110
000000000000000000000000000000000000000000000000000000000000001001011100000110011001001111000111
000000000000000000000000000000000000000000000000000000000000101110100111011111100011111011100111
000000000000000000000000000000000000000000000000000000000000111010100001110011101110101101100011
000000000000000000000000000000000000000000000000000000000000000101100011100110100011001011110111
000000000000000000000000000000000000000000000000000000000000010101000011010000111001110110110000
000000000000000000000000000000000000000000000000000000000000001101111100001100111011010000001111
000000000000000000000000000000000000000000000000000000000000100111010000110111001011011100100101
000000000000000000000000000000000000000000000000000000000000111111110011011011000101110101110100
000000000000000000000000000000000000000000000000000000000000011110100111111100000000010011111110
000000000000000000000000000000000000000000000000000000000000010100000010011010101110100101011111
000000000000000000000000000000000000000000000000000000000000111100010110100110110011100110010010
000000000000000000000000000000000000000000000000000000000000000100111001100111001110000111011110
000000000000000000000000000000000000000000000000000000000000011000111000100100101001011101110011
000000000000000000000000000000000000000000000000000000000000101011101001011000111011010010101010
000000000000000000000000000000000000000000000000000000000000010010101100000010110101110001111000
000000000000000000000000000000000000000000000000000000000000001000010100010000000011011011101110
000000000000000000000000000000000000000000000000000000000000011000110000101100011111111110101010
000000000000000000000000000000000000000000000000000000000000010010011100101101010101101000101100
000000000000000000000000000000000000000000000000000000000000010010011000000000010100100001100101
000000000000000000000000000000000000000000000000000000000000101001000111010011001101011111010101
000000000000000000000000000000000000000000000000000000000000000101101101110110100101100001010000
000000000000000000000000000000000000000000000000000000000000001010010011101110111111111100100010
000000000000000000000000000000000000000000000000000000000000001000000111000111000101010001010101
000000000000000000000000000000000000000000000000000000000000011001000110001001100101011100100000
000000000000000000000000000000000000000000000000000000000000011111001101100010001001010001010000
000000000000000000000000000000000000000000000000000000000000101101001001000010111101010101001001
000000000000000000000000000000000000000000000000000000000000011100000110101111110111000110010001
000000000000000000000000000000000000000000000000000000000000100010110111001001010111101011000100
000000000000000000000000000000000000000000000000000000000000100100001111000000100100010001001101
000000000000000000000000000000000000000000000000000000000000100001001011001000110111010111110100
000000000000000000000000000000000000000000000000000000000000101110100111010001000110011110111101
000000000000000000000000000000000000000000000000000000000000110011000101100111110011011101100011
000000000000000000000000000000000000000000000000000000000000011100110001000101000100101110000101
000000000000000000000000000000000000000000000000000000000000110110110110000000101111111010000100
000000000000000000000000000000000000000000000000000000000000001001100001100011101011111101100110
000000000000000000000000000000000000000000000000000000000000100000001001000101100110010001100101
000000000000000000000000000000000000000000000000000000000000001101101010010000001100101010111001
000000000000000000000000000000000000000000000000000000000000110101111111010010000010000000111010
000000000000000000000000000000000000000000000000000000000000111000111010001011000010001100001001
000000000000000000000000000000000000000000000000000000000000011000010110011010011111001101101011
000000000000000000000000000000000000000000000000000000000000100000010111011101011010100010001100
000000000000000000000000000000000000000000000000000000000000100000110000111101000010101010000000
000000000000000000000000000000000000000000000000000000000000001010010011100000110111000111110000
000000000000000000000000000000000000000000000000000000000000111001011101001111011010110101111100
000000000000000000000000000000000000000000000000000000000000000110010000101000000010000110010010
000000000000000000000000000000000000000000000000000000000000000001100100111001010010011101111011
000000000000000000000000000000000000000000000000000000000000011011101010100000101000110001001101
000000000000000000000000000000000000000000000000000000000000100111001111010101100100001010101010
000000000000000000000000000000000000000000000000000000000000101101011100100011011100011110011010
000000000000000000000000000000000000000000000000000000000000110000100001101100011111011111111001
000000000000000000000000000000000000000000000000000000000000110100100111011011010101000011011011
000000000000000000000000000000000000000000000000000000000000100111001000101000000111110100010001
000000000000000000000000000000000000000000000000000000000000001100110000100010111011111110100111
000000000000000000000000000000000000000000000000000000000000110111111110001100000101000011011011
000000000000000000000000000000000000000000000000000000000000110100110111010100111101011011011111
000000000000000000000000000000000000000000000000000000000000111010111000111011000111011011011000
000000000000000000000000000000000000000000000000000000000000110000110110011010001111111110101111
000000000000000000000000000000000000000000000000000000000000100111111101001000100011100000101011
000000000000000000000000000000000000000000000000000000000000011011110000100001000010101100000101
000000000000000000000000000000000000000000000000000000000000101000110111011111000001010110000100
000000000000000000000000000000000000000000000000000000000000100010001000110101000111001110100000
000000000000000000000000000000000000000000000000000000000000110000100010110101110001110011001111
000000000000000000000000000000000000000000000000000000000000100001010011011011000010011010000110
000000000000000000000000000000000000000000000000000000000000011000110001001100011000111111111001
000000000000000000000000000000000000000000000000000000000000111110000110101001100010100101000011
000000000000000000000000000000000000000000000000000000000000000101000110010010011110010100010010
000000000000000000000000000000000000000000000000000000000000111101001110111110100000101010111011
000000000000000000000000000000000000000000000000000000000000110111111100001110101001100111001100
000000000000000000000000000000000000000000000000000000000000101110111101000111001100100000001101
000000000000000000000000000000000000000000000000000000000000010110010110111001010110010011100100
000000000000000000000000000000000000000000000000000000000000001110000011100010111001011110110101
000000000000000000000000000000000000000000000000000000000000011100000111101010011100101101010000
000000000000000000000000000000000000000000000000000000000000011000101111101100111001111111001010
000000000000000000000000000000000000000000000000000000000000010111001010101011001010110101101100
000000000000000000000000000000000000000000000000000000000000000111101111011110010010001111111001
000000000000000000000000000000000000000000000000000000000000110010011111000111101110010011111011
000000000000000000000000000000000000000000000000000000000000011010000000001000110101011011101110
000000000000000000000000000000000000000000000000000000000000111110010010000000100110100010010111
000000000000000000000000000000000000000000000000000000000000110101000001101000100000101110001010
000000000000000000000000000000000000000000000000000000000000001101100110011110010101100001001111
000000000000000000000000000000000000000000000000000000000000111100110110001110010100101100000010
000000000000000000000000000000000000000000000000000000000000110011001000111001000110010001111101
000000000000000000000000000000000000000000000000000000000000111101000100110110110100000001011101
000000000000000000000000000000000000000000000000000000000000011010101101110100101101111111000111
000000000000000000000000000000000000000000000000000000000000000100010110000001000011001101111110
000000000000000000000000000000000000000000000000000000000000010110101101111000100101101000000100
000000000000000000000000000000000000000000000000000000000000010011001111010100100010100001100111
000000000000000000000000000000000000000000000000000000000000100100000110110100010001110011100010
000000000000000000000000000000000000000000000000000000000000101100010001000010010110010101010100
000000000000000000000000000000000000000000000000000000000000110010100010111110101111011110111000
000000000000000000000000000000000000000000000000000000000000001111101110000101110111110011011101
000000000000000000000000000000000000000000000000000000000000011111001011100100110000100101110001
000000000000000000000000000000000000000000000000000000000000000111100011010011011010001001001101
000000000000000000000000000000000000000000000000000000000000010101011100100011110001000011100110
000000000000000000000000000000000000000000000000000000000000101000101010110110010100110101110000
000000000000000000000000000000000000000000000000000000000000111011100000010111011110001000001001
000000000000000000000000000000000000000000000000000000000000010010011001000111100011101100110110
000000000000000000000000000000000000000000000000000000000000100111001010001011101001100111010101
000000000000000000000000000000000000000000000000000000000000100000010100000011100010101100011010
000000000000000000000000000000000000000000000000000000000000001000110001111011000000011100110001
000000000000000000000000000000000000000000000000000000000000100001010011001001101000000010101101
000000000000000000000000000000000000000000000000000000000000001001101100100010111110110110101011
000000000000000000000000000000000000000000000000000000000000000110100000010110010010000111101011
000000000000000000000000000000000000000000000000000000000000010000111001001001011000100110110101
000000000000000000000000000000000000000000000000000000000000110101000011100001100110100101001101
000000000000000000000000000000000000000000000000000000000000101000011010000011000100000110111101
000000000000000000000000000000000000000000000000000000000000110101010110000110111011000001011011
000000000000000000000000000000000000000000000000000000000000100011111010101110100111001001010111
000000000000000000000000000000000000000000000000000000000000111100010010001000010000011101101101
000000000000000000000000000000000000000000000000000000000000110111000001010001010000110110110110
000000000000000000000000000000000000000000000000000000000000000111100101000000110110010100101101
000000000000000000000000000000000000000000000000000000000000011110111001100011001100010000011101
000000000000000000000000000000000000000000000000000000000000100101100101000110101101100100000000
000000000000000000000000000000000000000000000000000000000000110111100011011100100111111111110000
000000000000000000000000000000000000000000000000000000000000001100001000011000000001000111111110
000000000000000000000000000000000000000000000000000000000000001101010000101000101010111011110111
000000000000000000000000000000000000000000000000000000000000100101010000101110000001110010101000
000000000000000000000000000000000000000000000000000000000000010001010010000100010110011100101011
000000000000000000000000000000000000000000000000000000000000011111000110001010010001111101101100
000000000000000000000000000000000000000000000000000000000000011011001010100110110111010110111110
000000000000000000000000000000000000000000000000000000000000110101100101111111100010001110110001
000000000000000000000000000000000000000000000000000000000000010110111100100110100001110110010010
000000000000000000000000000000000000000000000000000000000000111011111000110011101101111000101110
000000000000000000000000000000000000000000000000000000000000100100100000000100101101101111101001
000000000000000000000000000000000000000000000000000000000000011110000101011110011000111010010010
000000000000000000000000000000000000000000000000000000000000110000010010010010101110011001111100
000000000000000000000000000000000000000000000000000000000000101010011010100000011000000001100010
000000000000000000000000000000000000000000000000000000000000010100000001010010000011101001100111
000000000000000000000000000000000000000000000000000000000000101100101011000110000111011010111010
000000000000000000000000000000000000000000000000000000000000101110010111011010001110110001001101
000000000000000000000000000000000000000000000000000000000000011111000111001100100100100010010100
000000000000000000000000000000000000000000000000000000000000000111111010100000001011010010010010
000000000000000000000000000000000000000000000000000000000000011100011000101001101011100101101111
000000000000000000000000000000000000000000000000000000000000011010001100010001110001010011100111
000000000000000000000000000000000000000000000000000000000000101010011011101110110011010010001101
000000000000000000000000000000000000000000000000000000000000001001111010010000000110010110101101
000000000000000000000000000000000000000000000000000000000000001000111000110011100111010010100101
000000000000000000000000000000000000000000000000000000000000111110111011011100111111011001010111
000000000000000000000000000000000000000000000000000000000000001001110101010011100100100111101110
000000000000000000000000000000000000000000000000000000000000011011111000000011111101101011010111
000000000000000000000000000000000000000000000000000000000000111100111110101110000101001000011000
000000000000000000000000000000000000000000000000000000000000110000110110010011001010010001011001
000000000000000000000000000000000000000000000000000000000000010010100101011011110110000110100101
000000000000000000000000000000000000000000000000000000000000010010001110001011000010110000101111
000000000000000000000000000000000000000000000000000000000000100100001110100101100001000100000011
000000000000000000000000000000000000000000000000000000000000101111011010010010100000011100011011
000000000000000000000000000000000000000000000000000000000000010101001001000010101011001011011101
000000000000000000000000000000000000000000000000000000000000000101110000100010000111001111000010
000000000000000000000000000000000000000000000000000000000000110111101011101010000110000000101000
000000000000000000000000000000000000000000000000000000000000000001110101001011110001001010000000
000000000000000000000000000000000000000000000000000000000000001010111110100001010110010100101000
000000000000000000000000000000000000000000000000000000000000010011011111110011000010101111010000
000000000000000000000000000000000000000000000000000000000000110010110111001111100110100011100100
000000000000000000000000000000000000000000000000000000000000111001010000100000010010101100000011
000000000000000000000000000000000000000000000000000000000000011011111110111001011110100001110000
000000000000000000000000000000000000000000000000000000000000110111010100100101000001000011000000
000000000000000000000000000000000000000000000000000000000000111111011010010010010101101010111101
000000000000000000000000000000000000000000000000000000000000011100101001101100101000011000001111
000000000000000000000000000000000000000000000000000000000000100011001100011011011000110000001111
000000000000000000000000000000000000000000000000000000000000011000100010100001100100010110100000
000000000000000000000000000000000000000000000000000000000000001011000000011000010111011111001101
000000000000000000000000000000000000000000000000000000000000101101100000100110001110111001100111
000000000000000000000000000000000000000000000000000000000000100100110101001111001111000111110001
000000000000000000000000000000000000000000000000000000000000100101011000111101110010100100011000
000000000000000000000000000000000000000000000000000000000000010000011101100010101101011101110011
000000000000000000000000000000000000000000000000000000000000010111001110000111001010110010111101
000000000000000000000000000000000000000000000000000000000000001100001001011010010010000011100000
000000000000000000000000000000000000000000000000000000000000110000110001000010110001110110001001
000000000000000000000000000000000000000000000000000000000000000101001011000001001110011110100000
000000000000000000000000000000000000000000000000000000000000000111000011011010111111101100010001
000000000000000000000000000000000000000000000000000000000000000110101011111000010101010000010100
000000000000000000000000000000000000000000000000000000000000011100001001000001011011111101111000
000000000000000000000000000000000000000000000000000000000000101011011101011110011111011011100000
000000000000000000000000000000000000000000000000000000000000110111101001010001000010111111000110
000000000000000000000000000000000000000000000000000000000000000111011111000011111011110100101110
000000000000000000000000000000000000000000000000000000000000000110010001111010100101000110010101
000000000000000000000000000000000000000000000000000000000000101011110100000111111110000000001101
000000000000000000000000000000000000000000000000000000000000111011010001111000000001111000110001
000000000000000000000000000000000000000000000000000000000000100001010001011011000001101010111111
000000000000000000000000000000000000000000000000000000000000101110101111000101111010010001111111
000000000000000000000000000000000000000000000000000000000000001110111101000111000111010001010111
000000000000000000000000000000000000000000000000000000000000100111101100001110110110000000011001
000000000000000000000000000000000000000000000000000000000000000111011111011110010101101001010001
000000000000000000000000000000000000000000000000000000000000000000010101000111110111000000100111
000000000000000000000000000000000000000000000000000000000000110110110000101001110100000001010110
000000000000000000000000000000000000000000000000000000000000011001010111101101110001001111100010
000000000000000000000000000000000000000000000000000000000000100000110110000111010110000101111101
000000000000000000000000000000000000000000000000000000000000000101001001010110100100000101010100
000000000000000000000000000000000000000000000000000000000000110000111011111101100011000100000011
000000000000000000000000000000000000000000000000000000000000110001010101110111100010110011111110
000000000000000000000000000000000000000000000000000000000000100000001111001001011111011011010101
000000000000000000000000000000000000000000000000000000000000010111000101110110100100010101111110
000000000000000000000000000000000000000000000000000000000000001110110010000110110010000001001100
000000000000000000000000000000000000000000000000000000000000110001101010010111010001001101110101
000000000000000000000000000000000000000000000000000000000000011011100111111001111100110011011100
000000000000000000000000000000000000000000000000000000000000110110011101010100011010001100011100
000000000000000000000000000000000000000000000000000000000000011100010101111001011000001000001001
000000000000000000000000000000000000000000000000000000000000101110011010001010101100001010110100
000000000000000000000000000000000000000000000000000000000000000010110100001110010110011001011011
000000000000000000000000000000000000000000000000000000000000011110101110011101001010011011110001
000000000000000000000000000000000000000000000000000000000000000011111001001001110001100011011111
000000000000000000000000000000000000000000000000000000000000111000000111000111001000011100110110
000000000000000000000000000000000000000000000000000000000000010100010101101001001101110000000111
000000000000000000000000000000000000000000000000000000000000110000111101101100010000101110100100
000000000000000000000000000000000000000000000000000000000000001001111001101100010111101100010010
000000000000000000000000000000000000000000000000000000000000100110110101110110000111100100000100
000000000000000000000000000000000000000000000000000000000000001001101010100111000011111100000010
000000000000000000000000000000000000000000000000000000000000110010111011100101100110000100011011
000000000000000000000000000000000000000000000000000000000000100110101101110110011100010001001110
000000000000000000000000000000000000000000000000000000000000101111111111110011011100000010100100
000000000000000000000000000000000000000000000000000000000000000101010011111010111010110010000101
000000000000000000000000000000000000000000000000000000000000101010110101100001000101100100111011
000000000000000000000000000000000000000000000000000000000000110101101001101001000101100100111110
000000000000000000000000000000000000000000000000000000000000011010000001011000011110001011101001
000000000000000000000000000000000000000000000000000000000000100100011110010010000001011011100001
000000000000000000000000000000000000000000000000000000000000110011101111110101101001011010010000
000000000000000000000000000000000000000000000000000000000000111011000011000010010010111010001000
000000000000000000000000000000000000000000000000000000000000101101111010010010011001010110011011
000000000000000000000000000000000000000000000000000000000000110010000000011010101011010111100100
000000000000000000000000000000000000000000000000000000000000001001011000011010010010011110000100
000000000000000000000000000000000000000000000000000000000000001110111010011010111100011010111000
000000000000000000000000000000000000000000000000000000000000110010110010110111111100011111000101
000000000000000000000000000000000000000000000000000000000000000110001011000001101001110000100011
000000000000000000000000000000000000000000000000000000000000110011001010011010100101110010110000
000000000000000000000000000000000000000000000000000000000000010110011011101000010110011100111001
000000000000000000000000000000000000000000000000000000000000110011011010011110101000110101000100
000000000000000000000000000000000000000000000000000000000000110110000100010111100010110010000100
000000000000000000000000000000000000000000000000000000000000011010011100010101100010110110000001
000000000000000000000000000000000000000000000000000000000000111100001001111000011011100111001110
000000000000000000000000000000000000000000000000000000000000000100100101111100101001100101100101
000000000000000000000000000000000000000000000000000000000000110001111101101111010110011100011011
000000000000000000000000000000000000000000000000000000000000000110101011010011111000011101001011
000000000000000000000000000000000000000000000000000000000000010100100010111010001001100111000001
000000000000000000000000000000000000000000000000000000000000100011111110011011010001100101111111
000000000000000000000000000000000000000000000000000000000000010000000011111011100010111101111110
000000000000000000000000000000000000000000000000000000000000011100001110010000001110111111111101
000000000000000000000000000000000000000000000000000000000000011100111011110111111001110011001000
000000000000000000000000000000000000000000000000000000000000011111110011111010010101000101001100
000000000000000000000000000000000000000000000000000000000000100110110111010000010000001101101001
000000000000000000000000000000000000000000000000000000000000111000110101101001100111111110000010
000000000000000000000000000000000000000000000000000000000000110000110011010001001001101001001011
000000000000000000000000000000000000000000000000000000000000001011101000111000100011011101010111
000000000000000000000000000000000000000000000000000000000000111100010001111111010010010010011100
000000000000000000000000000000000000000000000000000000000000010000010100100101001100110011000011
000000000000000000000000000000000000000000000000000000000000010101100011100011001110110011110101
000000000000000000000000000000000000000000000000000000000000100110000001111010001010111000001001
000000000000000000000000000000000000000000000000000000000000100111100111011101100110011010111011
000000000000000000000000000000000000000000000000000000000000011101100111011101100001110101000001
000000000000000000000000000000000000000000000000000000000000011010010101011100010110000101100010
000000000000000000000000000000000000000000000000000000000000101100110100111101100100000101010010
000000000000000000000000000000000000000000000000000000000000000110001110000100011010011011010001
000000000000000000000000000000000000000000000000000000000000001001000100000000001111000001111000
000000000000000000000000000000000000000000000000000000000000110111000100000011110101010100110100
000000000000000000000000000000000000000000000000000000000000001101100010101001001110000101100010
000000000000000000000000000000000000000000000000000000000000010101101001001001100100100000011101
000000000000000000000000000000000000000000000000000000000000110001100101100010111110001110101011
000000000000000000000000000000000000000000000000000000000000000110000110001000111011011011010001
000000000000000000000000000000000000000000000000000000000000111101010101011110101010011111101100
000000000000000000000000000000000000000000000000000000000000110100010001011111110011010000010111
000000000000000000000000000000000000000000000000000000000000010101101000000110100001001111111001
000000000000000000000000000000000000000000000000000000000000101011101101001011011110110001111101
000000000000000000000000000000000000000000000000000000000000000000111111100000000001000000010010
000000000000000000000000000000000000000000000000000000000000011001110100100010010110110110101011
000000000000000000000000000000000000000000000000000000000000100000100100100101110011101110110000
000000000000000000000000000000000000000000000000000000000000001011010001100110111100101101000001
000000000000000000000000000000000000000000000000000000000000011101000110010000000101110101001000
000000000000000000000000000000000000000000000000000000000000101000001001100101111110011011111101
000000000000000000000000000000000000000000000000000000000000100110011010111110111111011001100101
000000000000000000000000000000000000000000000000000000000000001110101000000111010010010111101010
000000000000000000000000000000000000000000000000000000000000100101100011110010001010110111100100
000000000000000000000000000000000000000000000000000000000000110111011010101111101001110011010101
000000000000000000000000000000000000000000000000000000000000100011010111110111111110110101010001
000000000000000000000000000000000000000000000000000000000000010011100100111101100111100100011000
000000000000000000000000000000000000000000000000000000000000101111111111101111100100100101101101
000000000000000000000000000000000000000000000000000000000000110011100100001001010011010011001100
000000000000000000000000000000000000000000000000000000000000001000101000010010000110111101011111
000000000000000000000000000000000000000000000000000000000000001110111010101001011010110101100001
000000000000000000000000000000000000000000000000000000000000011000001010110101111001000000111011
000000000000000000000000000000000000000000000000000000000000001010110011001000000000001010110110
000000000000000000000000000000000000000000000000000000000000000010110010000111001110101010110110
000000000000000000000000000000000000000000000000000000000000111010010100111010000111110111101001
000000000000000000000000000000000000000000000000000000000000100101100110001000000011011111100001
000000000000000000000000000000000000000000000000000000000000101010100000111011000011011110101000
000000000000000000000000000000000000000000000000000000000000001001000001111111001101000101010000
000000000000000000000000000000000000000000000000000000000000000110100101110001010101011101100111
000000000000000000000000000000000000000000000000000000000000111101010110010011111011111101101010
000000000000000000000000000000000000000000000000000000000000101111101110100101011010010110011101
000000000000000000000000000000000000000000000000000000000000000011000000100110000011010011000100
000000000000000000000000000000000000000000000000000000000000010100011011011011000011101010101101
000000000000000000000000000000000000000000000000000000000000011010100010011001010010010000110001
000000000000000000000000000000000000000000000000000000000000000100000110010100100011011110110111
000000000000000000000000000000000000000000000000000000000000110101110011011000111110110010111110
000000000000000000000000000000000000000000000000000000000000001011111000001010111000110001110000
000000000000000000000000000000000000000000000000000000000000001000111001101101111011100100000100
000000000000000000000000000000000000000000000000000000000000111010100100001000010111111000000101
000000000000000000000000000000000000000000000000000000000000101001110010010001010110111110111011
000000000000000000000000000000000000000000000000000000000000111000110001101011001010010110011100
000000000000000000000000000000000000000000000000000000000000011111010000011110011000000001111010
000000000000000000000000000000000000000000000000000000000000010011100010001010011111010111111111
000000000000000000000000000000000000000000000000000000000000001111010100011000101110111010011000
000000000000000000000000000000000000000000000000000000000000000100000000100010011110000001000010
000000000000000000000000000000000000000000000000000000000000101001011100011000100010101110100101
000000000000000000000000000000000000000000000000000000000000111001110001000000000010000100110001
000000000000000000000000000000000000000000000000000000000000001011110110001001001111010100011001
000000000000000000000000000000000000000000000000000000000000101100110101001000011010111111001011
000000000000000000000000000000000000000000000000000000000000101011001001110001100100001100111101
000000000000000000000000000000000000000000000000000000000000001001101011000100101111011100101000
000000000000000000000000000000000000000000000000000000000000101100111100100111100111110001101001
000000000000000000000000000000000000000000000000000000000000100010010110101010100111001100001001
000000000000000000000000000000000000000000000000000000000000110000110011010000000000001100101011
000000000000000000000000000000000000000000000000000000000000000010100011111000110100011001100110
000000000000000000000000000000000000000000000000000000000000010111101000111010001000101011101010
000000000000000000000000000000000000000000000000000000000000001010110100100110101110100100010111
000000000000000000000000000000000000000000000000000000000000101100110101001001101101100101101111
000000000000000000000000000000000000000000000000000000000000011100111100110010000001101001010001
000000000000000000000000000000000000000000000000000000000000000110001000100101000011001101011011
000000000000000000000000000000000000000000000000000000000000100011010001001000010101100011111100
000000000000000000000000000000000000000000000000000000000000000110100111111000100010100001100001
000000000000000000000000000000000000000000000000000000000000011000011000100000011111001001001011
000000000000000000000000000000000000000000000000000000000000000111101001110111100000000100111000
000000000000000000000000000000000000000000000000000000000000010100011111001100101011010001111011
000000000000000000000000000000000000000000000000000000000000100000011110110001011010011110100111
000000000000000000000000000000000000000000000000000000000000111001110000100100010100111110011010
000000000000000000000000000000000000000000000000000000000000011010101110111100010001001000110000
000000000000000000000000000000000000000000000000000000000000100111011100010011111101110011111111
000000000000000000000000000000000000000000000000000000000000101011100110010111011001100000101000
000000000000000000000000000000000000000000000000000000000000101011100101011001100010101110111101
000000000000000000000000000000000000000000000000000000000000011000111110100100001100110110010010
000000000000000000000000000000000000000000000000000000000000100010000101000011110101001110101000
000000000000000000000000000000000000000000000000000000000000111110011110110101001111010110001101
000000000000000000000000000000000000000000000000000000000000010010011010101100100010011100000110
000000000000000000000000000000000000000000000000000000000000110010001101111100100100001111000010
000000000000000000000000000000000000000000000000000000000000010010000010101110101100010111100101
000000000000000000000000000000000000000000000000000000000000100100011001011100100100001100101000
000000000000000000000000000000000000000000000000000000000000100111111010100010000000100000101001
000000000000000000000000000000000000000000000000000000000000000010001100000000010000011010010011
000000000000000000000000000000000000000000000000000000000000110000010111101110011001100000011011
000000000000000000000000000000000000000000000000000000000000110001101011101011100110100000110100
000000000000000000000000000000000000000000000000000000000000111111000010011100001100010101011010
000000000000000000000000000000000000000000000000000000000000010010111111100100011110010001001111
000000000000000000000000000000000000000000000000000000000000100010011011011001001001001010100110
000000000000000000000000000000000000000000000000000000000000111011001011011010000100001100110101
000000000000000000000000000000000000000000000000000000000000111110011101001011111000011100100001
000000000000000000000000000000000000000000000000000000000000001011101001100011111001111110001110
000000000000000000000000000000000000000000000000000000000000101000010100100000111001001100000101
000000000000000000000000000000000000000000000000000000000000110100000000110101000110011010001100
000000000000000000000000000000000000000000000000000000000000101100011101110000011101000000000110
000000000000000000000000000000000000000000000000000000000000100010111110011000110100110011100101
000000000000000000000000000000000000000000000000000000000000000010100010001100011011111000111111
000000000000000000000000000000000000000000000000000000000000000010110110110011010111100000010100
000000000000000000000000000000000000000000000000000000000000101100101110001100000110110010010000
000000000000000000000000000000000000000000000000000000000000010000011011101011011101000100010101
000000000000000000000000000000000000000000000000000000000000111000001100100000000110101111011110
000000000000000000000000000000000000000000000000000000000000101111100111100010011000101000111100
000000000000000000000000000000000000000000000000000000000000101001000011101011101010010011000110
000000000000000000000000000000000000000000000000000000000000100011101000001001001110111001111011
000000000000000000000000000000000000000000000000000000000000111101000100001100001100101110100100
000000000000000000000000000000000000000000000000000000000000110110110101100111111010110001100101
000000000000000000000000000000000000000000000000000000000000000010101001101110001110000101100001
000000000000000000000000000000000000000000000000000000000000011011110100101011000001101110010110
000000000000000000000000000000000000000000000000000000000000011100100000110010010111100000011100
000000000000000000000000000000000000000000000000000000000000011011110100000101110000110100110111
000000000000000000000000000000000000000000000000000000000000011101101100101111010011011110010010
000000000000000000000000000000000000000000000000000000000000100101001010001001011010101001110101
000000000000000000000000000000000000000000000000000000000000000111111001001001110011100110001011
000000000000000000000000000000000000000000000000000000000000011001011101110100001101111101100101
000000000000000000000000000000000000000000000000000000000000001001110110000010010110001110111001
000000000000000000000000000000000000000000000000000000000000111000111111111010111001101001110111
000000000000000000000000000000000000000000000000000000000000101000111000010010100101111110001100
000000000000000000000000000000000000000000000000000000000000110111111001111100010101100000111000
000000000000000000000000000000000000000000000000000000000000111100110111100001011011101101011100
000000000000000000000000000000000000000000000000000000000000111110001110000000010010111011100001
000000000000000000000000000000000000000000000000000000000000011101100100010001111110001000001010
000000000000000000000000000000000000000000000000000000000000101101101110100001110000011101000010
000000000000000000000000000000000000000000000000000000000000010010110000000010110110100000001111
000000000000000000000000000000000000000000000000000000000000110110111111111011010100011111100100
000000000000000000000000000000000000000000000000000000000000000001110101001011101100111011001001
000000000000000000000000000000000000000000000000000000000000001001001011100001011110011000101000
000000000000000000000000000000000000000000000000000000000000101011000010100111000101001001110000
000000000000000000000000000000000000000000000000000000000000010000000110001101101100110010001110
000000000000000000000000000000000000000000000000000000000000001010110011110100000001111001010001
000000000000000000000000000000000000000000000000000000000000001011111001101100011111101110010110
000000000000000000000000000000000000000000000000000000000000001000110100001000000100100101110011
000000000000000000000000000000000000000000000000000000000000001010000010110000110001110110100111
000000000000000000000000000000000000000000000000000000000000010000100110111011010100110111000000
000000000000000000000000000000000000000000000000000000000000100000001110001011110011101111001010
000000000000000000000000000000000000000000000000000000000000111001001101000110010001110100101100
000000000000000000000000000000000000000000000000000000000000010001000011011010101111011010110100
000000000000000000000000000000000000000000000000000000000000001110011100101011111000110010010000
000000000000000000000000000000000000000000000000000000000000001100111001000010100010011111101011
000000000000000000000000000000000000000000000000000000000000110000100000100100100100111011100100
000000000000000000000000000000000000000000000000000000000000110110001010011100111000000101110100
000000000000000000000000000000000000000000000000000000000000100100010011010011000110010101110000
000000000000000000000000000000000000000000000000000000000000111110000001000111010010101111000000
000000000000000000000000000000000000000000000000000000000000100100101011110011111110001000110011
000000000000000000000000000000000000000000000000000000000000010011101010000100110110111000110110
000000000000000000000000000000000000000000000000000000000000000000010110010110110100000001100111
000000000000000000000000000000000000000000000000000000000000101110110111110010011111011100101100
000000000000000000000000000000000000000000000000000000000000111100010001010110100010001100111101
000000000000000000000000000000000000000000000000000000000000000000100010011001000001111101110001
000000000000000000000000000000000000000000000000000000000000001011100010101101010101001001000101
000000000000000000000000000000000000000000000000000000000000011110100101100110111111111110011010
000000000000000000000000000000000000000000000000000000000000010001101011010010011011001111100110
000000000000000000000000000000000000000000000000000000000000101110000100011111000001100101011000
000000000000000000000000000000000000000000000000000000000000111010001100110110010010101110001110
000000000000000000000000000000000000000000000000000000000000100111100000111101100000000110010111
000000000000000000000000000000000000000000000000000000000000010010111011110010001001011110001001
000000000000000000000000000000000000000000000000000000000000010011101001100010011010111010111110
000000000000000000000000000000000000000000000000000000000000010011110001100111011001000111000111
000000000000000000000000000000000000000000000000000000000000010010001001100101101010000000010101
000000000000000000000000000000000000000000000000000000000000011001100001001001100001010011110000
000000000000000000000000000000000000000000000000000000000000101011101001101011001110101110100101
000000000000000000000000000000000000000000000000000000000000100010111101100011101100101110100111
000000000000000000000000000000000000000000000000000000000000001110111101100010001111110001000011
000000000000000000000000000000000000000000000000000000000000101100011010100011001101110011001010
000000000000000000000000000000000000000000000000000000000000101011100101100000111110100110111011
000000000000000000000000000000000000000000000000000000000000110000010101110101100000110111010111
000000000000000000000000000000000000000000000000000000000000000100111100100000010111101001111010
000000000000000000000000000000000000000000000000000000000000100100011100100011110010000001001001
000000000000000000000000000000000000000000000000000000000000001100111110111001001000001110110101
000000000000000000000000000000000000000000000000000000000000010100000111100010000000000011000001
000000000000000000000000000000000000000000000000000000000000010000101000001101101010001001110110
000000000000000000000000000000000000000000000000000000000000101111100110001111011100111011110000
000000000000000000000000000000000000000000000000000000000000000000001100010010010101111100001001
000000000000000000000000000000000000000000000000000000000000001101000010001110111110101001001101
000000000000000000000000000000000000000000000000000000000000110111101011101011101111011111001100
000000000000000000000000000000000000000000000000000000000000101111111000110010101001011100001001
000000000000000000000000000000000000000000000000000000000000101001100111011011110111111000011101
000000000000000000000000000000000000000000000000000000000000000101111010000111110111101100011001
000000000000000000000000000000000000000000000000000000000000110110110010000001000111000100000101
000000000000000000000000000000000000000000000000000000000000101010000001111101011010001101110011
000000000000000000000000000000000000000000000000000000000000000011011100101100011101111100011011
000000000000000000000000000000000000000000000000000000000000101011011101001011001110001111011101
000000000000000000000000000000000000000000000000000000000000001101000011111100011101001110110010
000000000000000000000000000000000000000000000000000000000000000000100110000000001000100101100111
000000000000000000000000000000000000000000000000000000000000101110000011011111100001000001110100
000000000000000000000000000000000000000000000000000000000000010110101111100011111111011011100111
000000000000000000000000000000000000000000000000000000000000011110000000010010101110011110100110
000000000000000000000000000000000000000000000000000000000000101101100001101010011110001010001001
000000000000000000000000000000000000000000000000000000000000000110100010111110111101000011000111
000000000000000000000000000000000000000000000000000000000000000001100111110100010111000101000011
000000000000000000000000000000000000000000000000000000000000000101001111111001100001001001100101
000000000000000000000000000000000000000000000000000000000000110101110110000001111110010110011111
000000000000000000000000000000000000000000000000000000000000000001011010001100010010001100001100
000000000000000000000000000000000000000000000000000000000000000101111101111011011110011000111110
000000000000000000000000000000000000000000000000000000000000111101110000101111100110010101010010
000000000000000000000000000000000000000000000000000000000000000110111010011110110101010110101001
000000000000000000000000000000000000000000000000000000000000110111011001000101111011011010000000
000000000000000000000000000000000000000000000000000000000000110010101101101100001000010100100010
000000000000000000000000000000000000000000000000000000000000001001111000110011101101100110101011
000000000000000000000000000000000000000000000000000000000000101110010111011100000001011011011101
000000000000000000000000000000000000000000000000000000000000011001010000011001000110010001011000
000000000000000000000000000000000000000000000000000000000000010111101011001101110011000100101101
000000000000000000000000000000000000000000000000000000000000011110111111110111000011101111111010
000000000000000000000000000000000000000000000000000000000000111100100000101101000110000010000101
000000000000000000000000000000000000000000000000000000000000101011000001011011101010110110111010
000000000000000000000000000000000000000000000000000000000000000111011110100101010000000110100001
000000000000000000000000000000000000000000000000000000000000111110010100100000100100111010100110
000000000000000000000000000000000000000000000000000000000000011111000110110010011101010011011110
000000000000000000000000000000000000000000000000000000000000111110100110001010110110100001111101
000000000000000000000000000000000000000000000000000000000000101110011110011101110010110010110011
000000000000000000000000000000000000000000000000000000000000001001000000001111110010110110110001
000000000000000000000000000000000000000000000000000000000000101100001010011101100010111100011010
000000000000000000000000000000000000000000000000000000000000011110111000100001110000100100110010
000000000000000000000000000000000000000000000000000000000000011110011110111010001001000000010000
000000000000000000000000000000000000000000000000000000000000010111111110101111011100100000101110
000000000000000000000000000000000000000000000000000000000000101000011001001000110010001111110000
000000000000000000000000000000000000000000000000000000000000010110001000110101100111010011100000
000000000000000000000000000000000000000000000000000000000000010001010010001111110001100101001001
000000000000000000000000000000000000000000000000000000000000011011010100000100000100111000001000
000000000000000000000000000000000000000000000000000000000000111001010111001001110011100111111011
000000000000000000000000000000000000000000000000000000000000101001101100011010101100011001001100
000000000000000000000000000000000000000000000000000000000000000110000001011001010001011100000110
000000000000000000000000000000000000000000000000000000000000101101011000110110001101100001000010
000000000000000000000000000000000000000000000000000000000000010110000000111110010010000011011010
000000000000000000000000000000000000000000000000000000000000011000101100011101001010110111011111
000000000000000000000000000000000000000000000000000000000000010001001100101011100111011111100001
000000000000000000000000000000000000000000000000000000000000001010111101001001001110100001011001
000000000000000000000000000000000000000000000000000000000000110010000111010011110001000010010001
000000000000000000000000000000000000000000000000000000000000010001100001000110100111110100001111
000000000000000000000000000000000000000000000000000000000000100101111111011110101100100001000011
000000000000000000000000000000000000000000000000000000000000010100111011010000100011000010111001
000000000000000000000000000000000000000000000000000000000000110110001010001111010100100110001001
000000000000000000000000000000000000000000000000000000000000110010001100000101100010111100000110
000000000000000000000000000000000000000000000000000000000000000011000011100010000011101100110101
000000000000000000000000000000000000000000000000000000000000110010000110100001011110000110101101
000000000000000000000000000000000000000000000000000000000000100010100010100101100101100110111100
000000000000000000000000000000000000000000000000000000000000010000110110000101000001001010111001
000000000000000000000000000000000000000000000000000000000000011100100100100110101000000101101110
000000000000000000000000000000000000000000000000000000000000001010110110110100101011101111001110
000000000000000000000000000000000000000000000000000000000000111110001100010100110010101110111100
000000000000000000000000000000000000000000000000000000000000100101110001111000000010111001111110
000000000000000000000000000000000000000000000000000000000000001010111000010101000001010011001001
000000000000000000000000000000000000000000000000000000000000011011100011001011001010110100110011
000000000000000000000000000000000000000000000000000000000000101101011011101101101111100010110110
000000000000000000000000000000000000000000000000000000000000111100101001110010110111101110110110
000000000000000000000000000000000000000000000000000000000000011101101000010100010100000010101000
000000000000000000000000000000000000000000000000000000000000011111010000100111001101100000111101
000000000000000000000000000000000000000000000000000000000000111110011011100110100110111000010000
000000000000000000000000000000000000000000000000000000000000001100100011101111100001110000011001
000000000000000000000000000000000000000000000000000000000000101101101100110100000011111110101000
000000000000000000000000000000000000000000000000000000000000010001011000110001011001110010011110
000000000000000000000000000000000000000000000000000000000000111000100100100010000000011001001101
000000000000000000000000000000000000000000000000000000000000101001111101100101001110101101100010
000000000000000000000000000000000000000000000000000000000000001011110001000101010001000111000111
000000000000000000000000000000000000000000000000000000000000011100001101111100101010110111110001
000000000000000000000000000000000000000000000000000000000000101101110010110110111001010111111010
000000000000000000000000000000000000000000000000000000000000000101100000000001010100110010110110
000000000000000000000000000000000000000000000000000000000000000010100101100010011101000010011000
000000000000000000000000000000000000000000000000000000000000000001101100110000100011100010100000
000000000000000000000000000000000000000000000000000000000000011011001110011101011011011110100110
000000000000000000000000000000000000000000000000000000000000111111010110000001011010101100011000
000000000000000000000000000000000000000000000000000000000000011000111111000000111001101100101101
000000000000000000000000000000000000000000000000000000000000111101110011110001111110111101110100
000000000000000000000000000000000000000000000000000000000000110011111111001000100010010011100010
000000000000000000000000000000000000000000000000000000000000111101011000011000000010000010101011
000000000000000000000000000000000000000000000000000000000000000110011011101101110100100100010110
000000000000000000000000000000000000000000000000000000000000010000010001100100000011100101000110
000000000000000000000000000000000000000000000000000000000000101000110111000010111101100100010111
000000000000000000000000000000000000000000000000000000000000011110100011101101001111001011010000
000000000000000000000000000000000000000000000000000000000000000101011000101101000001000011000100
000000000000000000000000000000000000000000000000000000000000011001000101111010010010010111001000
000000000000000000000000000000000000000000000000000000000000011101101110010110011100001010000010
000000000000000000000000000000000000000000000000000000000000000001000010010000011000000100100111
000000000000000000000000000000000000000000000000000000000000101100010000010100001101010011110000
000000000000000000000000000000000000000000000000000000000000001101011110101010010111111010101000
000000000000000000000000000000000000000000000000000000000000010001010010010110110110110010101010
000000000000000000000000000000000000000000000000000000000000101011000100111101110110000111101100
000000000000000000000000000000000000000000000000000000000000100101011100101010111000001010001101
000000000000000000000000000000000000000000000000000000000000010010101101010011000000100100111111
000000000000000000000000000000000000000000000000000000000000001001001010010110101111001100001110
000000000000000000000000000000000000000000000000000000000000001111101101000101011001011101010110
000000000000000000000000000000000000000000000000000000000000110101101101100010111001001001101111
000000000000000000000000000000000000000000000000000000000000111001111101000001010100011000101101
000000000000000000000000000000000000000000000000000000000000111101101011110100101111001101110101
000000000000000000000000000000000000000000000000000000000000111100110000101101100000110011001111
000000000000000000000000000000000000000000000000000000000000111110101011010100010001011001111111
000000000000000000000000000000000000000000000000000000000000100000111111011001001010001000111001
000000000000000000000000000000000000000000000000000000000000010100011110010001000001010011100010
000000000000000000000000000000000000000000000000000000000000110101010000001011110111100100001011
000000000000000000000000000000000000000000000000000000000000110001110010111011110111010000011110
000000000000000000000000000000000000000000000000000000000000011101011000110001101110101110001011
000000000000000000000000000000000000000000000000000000000000111111011001100011100100000111011000
000000000000000000000000000000000000000000000000000000000000111110001110110000100111001100011010
000000000000000000000000000000000000000000000000000000000000111011010001111000001100010110100010
000000000000000000000000000000000000000000000000000000000000100111000000100011100101001110101111
000000000000000000000000000000000000000000000000000000000000011000100000110100011000110110000110
000000000000000000000000000000000000000000000000000000000000101011011110001101000000011010010011
000000000000000000000000000000000000000000000000000000000000001000110100100101010001100011110000
000000000000000000000000000000000000000000000000000000000000111010111011010001000011000101001011
000000000000000000000000000000000000000000000000000000000000110101000011100011101011000010010100
000000000000000000000000000000000000000000000000000000000000101011010111111101101001100110111010
000000000000000000000000000000000000000000000000000000000000000110111111011110000110111000000100
000000000000000000000000000000000000000000000000000000000000110001100101000001111010000101111101
000000000000000000000000000000000000000000000000000000000000100010010111000001010111110101101001
000000000000000000000000000000000000000000000000000000000000000010011101101100101111011111101000
000000000000000000000000000000000000000000000000000000000000010101100111011100101011110011101010
000000000000000000000000000000000000000000000000000000000000110001010001101001010010101011010010
000000000000000000000000000000000000000000000000000000000000011011111111110011111000010001110101
000000000000000000000000000000000000000000000000000000000000010101000111011000111011000110101010
000000000000000000000000000000000000000000000000000000000000000100101110110001100111100110111001
000000000000000000000000000000000000000000000000000000000000100100000010000101101001101011101101
000000000000000000000000000000000000000000000000000000000000001101011010100000010000000100011000
000000000000000000000000000000000000000000000000000000000000010100000000000111111100100110100101
000000000000000000000000000000000000000000000000000000000000101110101111000100011110011111101100
000000000000000000000000000000000000000000000000000000000000101000001001111000010111001101101101
000000000000000000000000000000000000000000000000000000000000001110101110110000101101010101011011
000000000000000000000000000000000000000000000000000000000000101111010100110001001100000000100010
000000000000000000000000000000000000000000000000000000000000100011001010100011010110001011101000
000000000000000000000000000000000000000000000000000000000000111010001011010011100011100110000110
000000000000000000000000000000000000000000000000000000000000011110111101010001001011101100111110
000000000000000000000000000000000000000000000000000000000000100011100100110001110000101001010011
000000000000000000000000000000000000000000000000000000000000010001101110000000111110111000001111
000000000000000000000000000000000000000000000000000000000000101101101011110011111100011110111010
000000000000000000000000000000000000000000000000000000000000100101111011000101111111001101010100
000000000000000000000000000000000000000000000000000000000000101101001110101010111011111100001011
000000000000000000000000000000000000000000000000000000000000110010101000100111111000010111101001
000000000000000000000000000000000000000000000000000000000000000101110000100101110000101100001001
000000000000000000000000000000000000000000000000000000000000101010111010110100001100011101111110
000000000000000000000000000000000000000000000000000000000000111001011111010100110110000101000101
000000000000000000000000000000000000000000000000000000000000100111101000000011100100001001111010
000000000000000000000000000000000000000000000000000000000000001111110101000010001011001000110111
000000000000000000000000000000000000000000000000000000000000011010110011111001100101000000001011
000000000000000000000000000000000000000000000000000000000000001111111011100101101111011110110101
000000000000000000000000000000000000000000000000000000000000110111110101011010100010010011011111
000000000000000000000000000000000000000000000000000000000000101001001010100110001010111111011100
000000000000000000000000000000000000000000000000000000000000010011101101010100010001111111111101
000000000000000000000000000000000000000000000000000000000000111001110101010010110111111111101111
000000000000000000000000000000000000000000000000000000000000011101000100001100110010101010011110
000000000000000000000000000000000000000000000000000000000000000010101100010000101101001010011101
000000000000000000000000000000000000000000000000000000000000110001000110111100011001101001001010
000000000000000000000000000000000000000000000000000000000000000110010010110111010111001110101000
000000000000000000000000000000000000000000000000000000000000011100111010101111111110011011001101
000000000000000000000000000000000000000000000000000000000000011000000100101110110101010111101111
000000000000000000000000000000000000000000000000000000000000000001110010000110001110011110000111
000000000000000000000000000000000000000000000000000000000000110111000000111000001001111100010100
000000000000000000000000000000000000000000000000000000000000010000110111001101010010010111110011
000000000000000000000000000000000000000000000000000000000000110010110101101111000011100110000110
000000000000000000000000000000000000000000000000000000000000001000000010111011101011011110001111
000000000000000000000000000000000000000000000000000000000000011101010011010010100010101011100101
000000000000000000000000000000000000000000000000000000000000000011000111001000000101110111001100
000000000000000000000000000000000000000000000000000000000000010111101111101111101000011011000001
000000000000000000000000000000000000000000000000000000000000001011000110010000001101111100110010
000000000000000000000000000000000000000000000000000000000000111110011001011000010111101101110111
000000000000000000000000000000000000000000000000000000000000111001001101011001100110101011101101
000000000000000000000000000000000000000000000000000000000000100001010011110000011101111101010010
000000000000000000000000000000000000000000000000000000000000100110000010111100101010000100001111
000000000000000000000000000000000000000000000000000000000000111101100101000101000110110110000011
000000000000000000000000000000000000000000000000000000000000011010111010000111010110000100100000
000000000000000000000000000000000000000000000000000000000000001000111101100101101001100100001110
000000000000000000000000000000000000000000000000000000000000110100100111111100111110110110001001
000000000000000000000000000000000000000000000000000000000000101010011110000010100011010011111011
000000000000000000000000000000000000000000000000000000000000110000101111000110001111100110101011
000000000000000000000000000000000000000000000000000000000000011010111101111001000000001100001111
000000000000000000000000000000000000000000000000000000000000101101000000101101110001000010101101
000000000000000000000000000000000000000000000000000000000000111110100001001110110101100001010100
000000000000000000000000000000000000000000000000000000000000110100001110110011101101101000000100
000000000000000000000000000000000000000000000000000000000000101010001000011100011011001001111010
000000000000000000000000000000000000000000000000000000000000011111110010010101001010000011000100
000000000000000000000000000000000000000000000000000000000000111111001111110011000100001001001110
000000000000000000000000000000000000000000000000000000000000000100100010001001101110011101110000
000000000000000000000000000000000000000000000000000000000000010111111000110010011111011010000010
000000000000000000000000000000000000000000000000000000000000100100101001010111100000010111111100
000000000000000000000000000000000000000000000000000000000000000101011011010011111000110110111111
000000000000000000000000000000000000000000000000000000000000101011011010101101101010110110101000
000000000000000000000000000000000000000000000000000000000000100101100110100010101001101110011000
000000000000000000000000000000000000000000000000000000000000001101101000000111001001011101000001
000000000000000000000000000000000000000000000000000000000000100000100000010011010001111000101101
000000000000000000000000000000000000000000000000000000000000110011000101000001001100111011011101
000000000000000000000000000000000000000000000000000000000000100010110101100010010000001110111110
000000000000000000000000000000000000000000000000000000000000110011001110000100010111010001001000
000000000000000000000000000000000000000000000000000000000000001100100010110111001110010011100010
000000000000000000000000000000000000000000000000000000000000001111000011001110100011011000111001
000000000000000000000000000000000000000000000000000000000000100110010011011010100110110001000111
000000000000000000000000000000000000000000000000000000000000011000100000100000010101110111001111
000000000000000000000000000000000000000000000000000000000000000111010110111110101101000000110100
000000000000000000000000000000000000000000000000000000000000011000011001100000101111001111010000
000000000000000000000000000000000000000000000000000000000000001101111000111000011010000100110000
000000000000000000000000000000000000000000000000000000000000101000111101010111001001001111011011
000000000000000000000000000000000000000000000000000000000000001111101001110100110111010110111000
000000000000000000000000000000000000000000000000000000000000111111010111111101100100110010000111
000000000000000000000000000000000000000000000000000000000000100110000000011101110010100110000100
000000000000000000000000000000000000000000000000000000000000001111110001011011110110101000011110
000000000000000000000000000000000000000000000000000000000000010010000101111101000011010000001010
000000000000000000000000000000000000000000000000000000000000101110010011011100101110100101011001
000000000000000000000000000000000000000000000000000000000000011010111111000110010100010110110111
000000000000000000000000000000000000000000000000000000000000100010000100001000000111011110001010
000000000000000000000000000000000000000000000000000000000000100101000110001111010010001000011010
000000000000000000000000000000000000000000000000000000000000100100000001010001011000000111000001
000000000000000000000000000000000000000000000000000000000000001111010110011111111100000100000101
000000000000000000000000000000000000000000000000000000000000001111100001110010011111010101010111
000000000000000000000000000000000000000000000000000000000000101000111000100110100011111101000011
000000000000000000000000000000000000000000000000000000000000100000000010100010000000110001101000
000000000000000000000000000000000000000000000000000000000000000000101010011101010110000101011010
000000000000000000000000000000000000000000000000000000000000101110111110111101010011010111100000
000000000000000000000000000000000000000000000000000000000000100010111000101001110111100110110100
000000000000000000000000000000000000000000000000000000000000011001111111011001000100000000000110
000000000000000000000000000000000000000000000000000000000000001000000100000010101001101110000110
000000000000000000000000000000000000000000000000000000000000100011101111111101101010001011111111
000000000000000000000000000000000000000000000000000000000000111011111000011110001011111110110011
000000000000000000000000000000000000000000000000000000000000001100101001010000010110001100100011
000000000000000000000000000000000000000000000000000000000000101100100010111111110101000011001001
000000000000000000000000000000000000000000000000000000000000100010011111000011001101111011011101
000000000000000000000000000000000000000000000000000000000000110010001000010011001100110110111100
000000000000000000000000000000000000000000000000000000000000100110011001110001001111000000010001
000000000000000000000000000000000000000000000000000000000000010110111111101110110011110011010100
000000000000000000000000000000000000000000000000000000000000100000010010000110001110011000011101
000000000000000000000000000000000000000000000000000000000000000110010110110011011001101110110000
000000000000000000000000000000000000000000000000000000000000000101101110000100101011110100000011
000000000000000000000000000000000000000000000000000000000000011010101010110110101100101001100101
000000000000000000000000000000000000000000000000000000000000011101110010010101111110100111011001
000000000000000000000000000000000000000000000000000000000000101011110011010110111001111110011110
000000000000000000000000000000000000000000000000000000000000011111101110110110110001100110110110
000000000000000000000000000000000000000000000000000000000000110000110111001110011110001110111011
000000000000000000000000000000000000000000000000000000000000010100011101101111010010100011101010
000000000000000000000000000000000000000000000000000000000000000001011101010000100101111000101111
000000000000000000000000000000000000000000000000000000000000000001010110111110011010101110001100
000000000000000000000000000000000000000000000000000000000000101111111001100100101000110110100011
000000000000000000000000000000000000000000000000000000000000110100110101011101010011110000000101
000000000000000000000000000000000000000000000000000000000000100011101011010011011001000111100100
000000000000000000000000000000000000000000000000000000000000110010011010111001110000001010111000
000000000000000000000000000000000000000000000000000000000000101001101100100001001101001100101101
000000000000000000000000000000000000000000000000000000000000001100110111010110101000011011110011
000000000000000000000000000000000000000000000000000000000000110101001001111101001000001010000011
000000000000000000000000000000000000000000000000000000000000011001011000001010100100110101010110
000000000000000000000000000000000000000000000000000000000000100000000001100110001001111000101000
000000000000000000000000000000000000000000000000000000000000001110001010110100000011000110111010
000000000000000000000000000000000000000000000000000000000000100101111011000011111110000100101110
000000000000000000000000000000000000000000000000000000000000011101010110100100010000101011011001
000000000000000000000000000000000000000000000000000000000000010001101110001000011100010110111011
000000000000000000000000000000000000000000000000000000000000001100000001110000011100011100000000
000000000000000000000000000000000000000000000000000000000000010010110010000111000001010111000101
000000000000000000000000000000000000000000000000000000000000010000010111010000110000111001010100
000000000000000000000000000000000000000000000000000000000000101101111110000011011111101100100011
000000000000000000000000000000000000000000000000000000000000001100011100110110000011100001001010
000000000000000000000000000000000000000000000000000000000000101111000001100011100101011001111100
000000000000000000000000000000000000000000000000000000000000101000110011111011010100001111111110
000000000000000000000000000000000000000000000000000000000000111000000000001000110101000110101110
000000000000000000000000000000000000000000000000000000000000010001110011000001101000101111010001
000000000000000000000000000000000000000000000000000000000000001111011101001111100111000111010011
000000000000000000000000000000000000000000000000000000000000111110000100101111110011110101010000
000000000000000000000000000000000000000000000000000000000000001111010010001111011000100101001100
000000000000000000000000000000000000000000000000000000000000010110010011011100101101111000100010
000000000000000000000000000000000000000000000000000000000000111111110010011110100011100100110111
000000000000000000000000000000000000000000000000000000000000010000000101111000101100101000101000
000000000000000000000000000000000000000000000000000000000000100100010111010111000110011000010111
000000000000000000000000000000000000000000000000000000000000100100010000001001101001011111001100
000000000000000000000000000000000000000000000000000000000000110000001011100000011011100011100011
000000000000000000000000000000000000000000000000000000000000001000000001000110010000010011011000
000000000000000000000000000000000000000000000000000000000000001101001100101011111101110100010111
000000000000000000000000000000000000000000000000000000000000011110000011000000110111100110001100
000000000000000000000000000000000000000000000000000000000000010011010001001010100010110001010000
000000000000000000000000000000000000000000000000000000000000010011010111111110110111100110100011
000000000000000000000000000000000000000000000000000000000000101111100000010000010110101010001000
000000000000000000000000000000000000000000000000000000000000110000001100010001011101010001111001
000000000000000000000000000000000000000000000000000000000000110010011001000101010010000011000010
000000000000000000000000000000000000000000000000000000000000110000100111111001001000000001010100
000000000000000000000000000000000000000000000000000000000000001010110001110001101001011110001110
000000000000000000000000000000000000000000000000000000000000101100111111000011111011101010100010
000000000000000000000000000000000000000000000000000000000000100001101000100011101011111011111110
000000000000000000000000000000000000000000000000000000000000010111011011101001001000101011010011
000000000000000000000000000000000000000000000000000000000000111001010101110100101010010001011011
000000000000000000000000000000000000000000000000000000000000000101100011011011001111001001011011
000000000000000000000000000000000000000000000000000000000000010101001011111110111000101101010111
000000000000000000000000000000000000000000000000000000000000001111111001011000110110001110100101
000000000000000000000000000000000000000000000000000000000000010100000110110010110101111110101100
000000000000000000000000000000000000000000000000000000000000010100100110111001001011011010111110
000000000000000000000000000000000000000000000000000000000000110101010111101001010111111010000000
000000000000000000000000000000000000000000000000000000000000010010000010110001001101101001101011
000000000000000000000000000000000000000000000000000000000000010011100101011100000001110110101000
000000000000000000000000000000000000000000000000000000000000111000001011100110111111010001011110
000000000000000000000000000000000000000000000000000000000000110111011101101100100001001000001001
000000000000000000000000000000000000000000000000000000000000100111100101101111101111100111101000
000000000000000000000000000000000000000000000000000000000000001001100000000010111011101001101010
000000000000000000000000000000000000000000000000000000000000101101111010010000000001001010110110
