000000000000000000000000000000000000000000000000000000000000010110000010001011111100001110011100
000000000000000000000000000000000000000000000000000000000000101100010110110011100111101110010101
000000000000000000000000000000000000000000000000000000000000101011010110000110011000110111110011
000000000000000000000000000000000000000000000000000000000000011101100101010101000011101100000100
000000000000000000000000000000000000000000000000000000000000111010100001100101110111010110000100
000000000000000000000000000000000000000000000000000000000000101100110100100000101100101110110011
000000000000000000000000000000000000000000000000000000000000011111101110000001101100100011101000
000000000000000000000000000000000000000000000000000000000000011110010010010010011111010111111011
000000000000000000000000000000000000000000000000000000000000001000111111010100001110110000011000
000000000000000000000000000000000000000000000000000000000000101001010111001111111010001111110000
000000000000000000000000000000000000000000000000000000000000011001100111000000111111010010111001
000000000000000000000000000000000000000000000000000000000000110000011100000001101111100111010000
000000000000000000000000000000000000000000000000000000000000010101000111001110000110101100010000
000000000000000000000000000000000000000000000000000000000000011011111011011001111111100000000110
000000000000000000000000000000000000000000000000000000000000011001101011000100010010000111010001
000000000000000000000000000000000000000000000000000000000000100101101101011000000001001000101101
000000000000000000000000000000000000000000000000000000000000011100011011100111100000001100011101
000000000000000000000000000000000000000000000000000000000000100101111100101011100011011001010000
000000000000000000000000000000000000000000000000000000000000000001010111110100001000100100010011
000000000000000000000000000000000000000000000000000000000000110101110011011111010010011111000110
000000000000000000000000000000000000000000000000000000000000100011101110110101011101001010111111
000000000000000000000000000000000000000000000000000000000000001011101110001000001000101000100000
000000000000000000000000000000000000000000000000000000000000100111011110110100000101111011101110
000000000000000000000000000000000000000000000000000000000000111001000111010001010000011111110101
000000000000000000000000000000000000000000000000000000000000000011001010111001011110001010101000
000000000000000000000000000000000000000000000000000000000000110011101001110000110110111010110111
000000000000000000000000000000000000000000000000000000000000000000001100011110101001000101011001
000000000000000000000000000000000000000000000000000000000000101110100000101000101010111101110101
000000000000000000000000000000000000000000000000000000000000111101100100101011100000010111010010
000000000000000000000000000000000000000000000000000000000000110000000011001010100000010110011010
000000000000000000000000000000000000000000000000000000000000001001000001001100011001010110011001
000000000000000000000000000000000000000000000000000000000000011001111100110110010100100000110111
000000000000000000000000000000000000000000000000000000000000111111000010110010110100100110111111
000000000000000000000000000000000000000000000000000000000000111101011111101101111110100001110101
000000000000000000000000000000000000000000000000000000000000000000100111111111000010111101110010
000000000000000000000000000000000000000000000000000000000000000110001010100001100000111100010000
000000000000000000000000000000000000000000000000000000000000000111110010001001001001001010101111
000000000000000000000000000000000000000000000000000000000000001011101110000111100011101010000101
000000000000000000000000000000000000000000000000000000000000011110011000100000100000110001011110
000000000000000000000000000000000000000000000000000000000000001010111100100001001110011010011110
000000000000000000000000000000000000000000000000000000000000101010111001001011011110101010000101
000000000000000000000000000000000000000000000000000000000000000000011111000000110010110000000111
000000000000000000000000000000000000000000000000000000000000011101010101111100001010110110001100
000000000000000000000000000000000000000000000000000000000000011111001011000011011100001010000100
000000000000000000000000000000000000000000000000000000000000101010101001110101011010111101011111
000000000000000000000000000000000000000000000000000000000000110010100111101001100001110111101110
000000000000000000000000000000000000000000000000000000000000000110010010110001111111100111011111
000000000000000000000000000000000000000000000000000000000000010001110000101011000111000000000001
000000000000000000000000000000000000000000000000000000000000010101111001100000100111101111110010
000000000000000000000000000000000000000000000000000000000000010101000111101100000011001101010100
000000000000000000000000000000000000000000000000000000000000011100000001111000110011001001011100
000000000000000000000000000000000000000000000000000000000000101100000101110000010100001101010001
000000000000000000000000000000000000000000000000000000000000000001111000100010010100010110111101
000000000000000000000000000000000000000000000000000000000000010111100000100100110101011000010110
000000000000000000000000000000000000000000000000000000000000000100001101011010011111011001011110
000000000000000000000000000000000000000000000000000000000000000111001110011101010100010101000011
000000000000000000000000000000000000000000000000000000000000101011110100100001010100000111010110
000000000000000000000000000000000000000000000000000000000000011110001011001111010111000001100000
000000000000000000000000000000000000000000000000000000000000000011010001110000101111100111010010
000000000000000000000000000000000000000000000000000000000000011011110110001101110011110101110000
000000000000000000000000000000000000000000000000000000000000011111000101000111000011010111101011
000000000000000000000000000000000000000000000000000000000000111111100111011001010101100001100111
000000000000000000000000000000000000000000000000000000000000101111000000001111001011010011010011
000000000000000000000000000000000000000000000000000000000000110101110001010100010011010010001110
000000000000000000000000000000000000000000000000000000000000010111011110001110000110001001000101
000000000000000000000000000000000000000000000000000000000000000011000110100111110010101010001000
000000000000000000000000000000000000000000000000000000000000010111111101001001011111001001111100
000000000000000000000000000000000000000000000000000000000000001001000101111110101011111010100100
000000000000000000000000000000000000000000000000000000000000001110110100011111000111001110011110
000000000000000000000000000000000000000000000000000000000000000001001000000110000100001010101101
000000000000000000000000000000000000000000000000000000000000001011110000110101101111100110001110
000000000000000000000000000000000000000000000000000000000000011010001101001111110110111011001011
000000000000000000000000000000000000000000000000000000000000110000110110001000010010011110101010
000000000000000000000000000000000000000000000000000000000000100110101011111000001011100110100110
000000000000000000000000000000000000000000000000000000000000001001110011011000110101100011100010
000000000000000000000000000000000000000000000000000000000000001011011000011111110100111100011110
000000000000000000000000000000000000000000000000000000000000010100110010111010100010111010110110
000000000000000000000000000000000000000000000000000000000000011101011100010010111000001111100100
000000000000000000000000000000000000000000000000000000000000001010000111010100001010100111110111
000000000000000000000000000000000000000000000000000000000000000000101111001000000100001100001101
000000000000000000000000000000000000000000000000000000000000001111111000000101100110110001110101
000000000000000000000000000000000000000000000000000000000000101100000111110110010001100100111010
000000000000000000000000000000000000000000000000000000000000001111001010100010101000000000010101
000000000000000000000000000000000000000000000000000000000000000011100011110100111010100100100000
000000000000000000000000000000000000000000000000000000000000111000100001010011001010100001011101
000000000000000000000000000000000000000000000000000000000000000001111110101011110111010100010000
000000000000000000000000000000000000000000000000000000000000111010011000100110101010111101011111
000000000000000000000000000000000000000000000000000000000000110010010001000101000101011101000001
000000000000000000000000000000000000000000000000000000000000011010101100000101100111000101000001
000000000000000000000000000000000000000000000000000000000000000001011000110000100001111001100001
000000000000000000000000000000000000000000000000000000000000110110010110000101100100000110110010
000000000000000000000000000000000000000000000000000000000000111101100011100111101110111110100010
000000000000000000000000000000000000000000000000000000000000001001100101000000100010001011110100
000000000000000000000000000000000000000000000000000000000000010100011011000101011011011011110011
000000000000000000000000000000000000000000000000000000000000110010100010100000110110110110100100
000000000000000000000000000000000000000000000000000000000000001100010100000010111111000100111010
000000000000000000000000000000000000000000000000000000000000010001000001000101000100110100111010
000000000000000000000000000000000000000000000000000000000000101010101001100011011100110001100101
000000000000000000000000000000000000000000000000000000000000100011010000001101001001101101000000
000000000000000000000000000000000000000000000000000000000000000010001100111101100001101110101111
000000000000000000000000000000000000000000000000000000000000110100001100111110010000010000000001
000000000000000000000000000000000000000000000000000000000000101010010111100100000001101111010000
000000000000000000000000000000000000000000000000000000000000000011110111011001001011101010110111
000000000000000000000000000000000000000000000000000000000000110111011110000100010010101011010110
000000000000000000000000000000000000000000000000000000000000101010011101001000111111101001010100
000000000000000000000000000000000000000000000000000000000000111110011111110111011011101011101010
000000000000000000000000000000000000000000000000000000000000110110000100001100010111101110110110
000000000000000000000000000000000000000000000000000000000000011010111000100101110011000100001110
000000000000000000000000000000000000000000000000000000000000111010111110001011110001101001010001
000000000000000000000000000000000000000000000000000000000000010001011001110011100110110000010000
000000000000000000000000000000000000000000000000000000000000110101110111100010011100011110010010
000000000000000000000000000000000000000000000000000000000000000010011110111100110111110111101010
000000000000000000000000000000000000000000000000000000000000001110000010111010100001101101011011
000000000000000000000000000000000000000000000000000000000000110000011000000101001010001010000001
000000000000000000000000000000000000000000000000000000000000100111110100010000111011000111001000
000000000000000000000000000000000000000000000000000000000000100101110110111100000110011000001000
000000000000000000000000000000000000000000000000000000000000100000010001001001110111011110000001
000000000000000000000000000000000000000000000000000000000000101101000101100101000001001100000011
000000000000000000000000000000000000000000000000000000000000011111000101010111111011111010011101
000000000000000000000000000000000000000000000000000000000000010011011000101000010000111011011100
000000000000000000000000000000000000000000000000000000000000111100010110011100000001000011110011
000000000000000000000000000000000000000000000000000000000000010011110001011101000000011100010000
000000000000000000000000000000000000000000000000000000000000111000100111100110110101100001111011
000000000000000000000000000000000000000000000000000000000000100001110010101001011100110001010011
000000000000000000000000000000000000000000000000000000000000001111010011110101011001010101101000
000000000000000000000000000000000000000000000000000000000000110111011011001100000100000001100000
000000000000000000000000000000000000000000000000000000000000101111100100001101011111100010110011
000000000000000000000000000000000000000000000000000000000000101000101111011110001001100110001100
000000000000000000000000000000000000000000000000000000000000101111010000101000011001001000110010
000000000000000000000000000000000000000000000000000000000000011111001100001010001110011110111110
000000000000000000000000000000000000000000000000000000000000001000100011010100010110000111110100
000000000000000000000000000000000000000000000000000000000000010010010001001001011011101001111100
000000000000000000000000000000000000000000000000000000000000110111000100000110000011100010111111
000000000000000000000000000000000000000000000000000000000000001001111110101110101011110001000100
000000000000000000000000000000000000000000000000000000000000000011110000010110100010111111101001
000000000000000000000000000000000000000000000000000000000000101011001100111011001010111101100110
000000000000000000000000000000000000000000000000000000000000011110011111100101011111111000110101
000000000000000000000000000000000000000000000000000000000000100010101011110010111001111001001011
000000000000000000000000000000000000000000000000000000000000000010000111101110010101111100000000
000000000000000000000000000000000000000000000000000000000000011111101001001110010010110101010101
000000000000000000000000000000000000000000000000000000000000111101110110010011101001010001010101
000000000000000000000000000000000000000000000000000000000000100101011011001111110101111011010010
000000000000000000000000000000000000000000000000000000000000100111101111000100000100010101000011
000000000000000000000000000000000000000000000000000000000000010100011111111010001111001101110000
000000000000000000000000000000000000000000000000000000000000100110101111100001000100000110011101
000000000000000000000000000000000000000000000000000000000000011010111001011101011101011011010101
000000000000000000000000000000000000000000000000000000000000001100011011000100101010011111110100
000000000000000000000000000000000000000000000000000000000000101100101001000001101010111000100100
000000000000000000000000000000000000000000000000000000000000111001111101001111011011100111101110
000000000000000000000000000000000000000000000000000000000000111111001100111110111000111110000010
000000000000000000000000000000000000000000000000000000000000011100001011000110011101100010100100
000000000000000000000000000000000000000000000000000000000000001100101110011110101101011010101100
000000000000000000000000000000000000000000000000000000000000101101011100001100101000000010110001
000000000000000000000000000000000000000000000000000000000000100010000111001011011001001100100001
000000000000000000000000000000000000000000000000000000000000011010010011100000010100010111011000
000000000000000000000000000000000000000000000000000000000000011101110101001101111001110000100010
000000000000000000000000000000000000000000000000000000000000110111001010100101100001001001110111
000000000000000000000000000000000000000000000000000000000000010010110100100101111011011101100101
000000000000000000000000000000000000000000000000000000000000111010010101110101111010111100111000
000000000000000000000000000000000000000000000000000000000000000110011011001010101111010011101000
000000000000000000000000000000000000000000000000000000000000110101011010001000001101101010110111
000000000000000000000000000000000000000000000000000000000000000101001011001001011111010010001011
000000000000000000000000000000000000000000000000000000000000011111111010100011000010111000011111
000000000000000000000000000000000000000000000000000000000000000110010001111000100111111000110100
000000000000000000000000000000000000000000000000000000000000101100101101000100101001000111010010
000000000000000000000000000000000000000000000000000000000000101110111010100000111010001000001111
000000000000000000000000000000000000000000000000000000000000000000110001110100000010100111111001
000000000000000000000000000000000000000000000000000000000000111000110000111000110101011100000101
000000000000000000000000000000000000000000000000000000000000111010001111000011100001110111011010
000000000000000000000000000000000000000000000000000000000000100110001100000101000001011111000100
000000000000000000000000000000000000000000000000000000000000101101011101100111000110001010010001
000000000000000000000000000000000000000000000000000000000000100101110010111111010110100010100100
000000000000000000000000000000000000000000000000000000000000010010110111111110011000000100100101
000000000000000000000000000000000000000000000000000000000000010001100100001000011110100101010110
000000000000000000000000000000000000000000000000000000000000001001011010010000111011111101101111
000000000000000000000000000000000000000000000000000000000000001000011110101011111000101111011010
000000000000000000000000000000000000000000000000000000000000110110100100101001001000000100100001
000000000000000000000000000000000000000000000000000000000000101100110111000011001110000100111001
000000000000000000000000000000000000000000000000000000000000100000000101011011100000001111101010
000000000000000000000000000000000000000000000000000000000000110011110001001000001101010111001110
000000000000000000000000000000000000000000000000000000000000111100000110110001001111010010011110
000000000000000000000000000000000000000000000000000000000000010101110101110111111000001000101111
000000000000000000000000000000000000000000000000000000000000011010100011000110101101100111110011
000000000000000000000000000000000000000000000000000000000000001111010111100101000101110000001101
000000000000000000000000000000000000000000000000000000000000100010101110010001101011001010011110
000000000000000000000000000000000000000000000000000000000000011101111100101001011000011110111010
000000000000000000000000000000000000000000000000000000000000001101011111100001001001110010011010
000000000000000000000000000000000000000000000000000000000000011101010011001101101001000101010000
000000000000000000000000000000000000000000000000000000000000111111110110010011110111101101000111
000000000000000000000000000000000000000000000000000000000000110110101110110001000110111001100001
000000000000000000000000000000000000000000000000000000000000010101011000100110001100000100011101
000000000000000000000000000000000000000000000000000000000000001011011101001011101000101001100011
000000000000000000000000000000000000000000000000000000000000000001001101101001010001100111000101
000000000000000000000000000000000000000000000000000000000000110000010010001111101111000101110111
000000000000000000000000000000000000000000000000000000000000100101011101000001100100001111000101
000000000000000000000000000000000000000000000000000000000000111101100111001010101100100101011101
000000000000000000000000000000000000000000000000000000000000100111101100110110111011001010101110
000000000000000000000000000000000000000000000000000000000000001101010111111001110110010010011110
000000000000000000000000000000000000000000000000000000000000110101010111111011100000110100011110
000000000000000000000000000000000000000000000000000000000000110001100000110111111000110110110011
000000000000000000000000000000000000000000000000000000000000010101011110111110011000001101100001
000000000000000000000000000000000000000000000000000000000000111110111101011000101001011111001100
000000000000000000000000000000000000000000000000000000000000111010001100001011111001011101111011
000000000000000000000000000000000000000000000000000000000000101110000001111001101010100111111011
000000000000000000000000000000000000000000000000000000000000111111110011010100100011000111010101
000000000000000000000000000000000000000000000000000000000000101111001101111111110001001000111011
000000000000000000000000000000000000000000000000000000000000100001010101001100000010001001110100
000000000000000000000000000000000000000000000000000000000000100101100111101011011011111100000110
000000000000000000000000000000000000000000000000000000000000011110111001001100111110110110011100
000000000000000000000000000000000000000000000000000000000000100010100100010011100110011000111101
000000000000000000000000000000000000000000000000000000000000001101100111011011111010000010101000
000000000000000000000000000000000000000000000000000000000000000001000011101011101101101000101001
000000000000000000000000000000000000000000000000000000000000100110111110000101010011001100000001
000000000000000000000000000000000000000000000000000000000000010011110001010011110001111110111111
000000000000000000000000000000000000000000000000000000000000100111100100001101101100110000110101
000000000000000000000000000000000000000000000000000000000000011000110011010110101011110101011011
000000000000000000000000000000000000000000000000000000000000001010110000010000010110101001000111
000000000000000000000000000000000000000000000000000000000000011110100101110111100100101000110110
000000000000000000000000000000000000000000000000000000000000010000101011000010110110101110100010
000000000000000000000000000000000000000000000000000000000000111110101010111111100111010011011101
000000000000000000000000000000000000000000000000000000000000011101000000011010111000010111100000
000000000000000000000000000000000000000000000000000000000000110100011011010100111001101000001011
000000000000000000000000000000000000000000000000000000000000111001001101110101101001100101011100
000000000000000000000000000000000000000000000000000000000000000101100110000101111110000001101000
000000000000000000000000000000000000000000000000000000000000101010011110100001100100000001110001
000000000000000000000000000000000000000000000000000000000000100000000001001000111111010011111001
000000000000000000000000000000000000000000000000000000000000111011111100010100110011100101101011
000000000000000000000000000000000000000000000000000000000000100010101010011110001001101101110000
000000000000000000000000000000000000000000000000000000000000010010100101001011110000011101101101
000000000000000000000000000000000000000000000000000000000000001000111100111011111111101111010010
000000000000000000000000000000000000000000000000000000000000011001001010000111000100010001100111
000000000000000000000000000000000000000000000000000000000000101000111011110101101010000000001101
000000000000000000000000000000000000000000000000000000000000110010111101000010000001001000110110
000000000000000000000000000000000000000000000000000000000000101000101001010110100111101011010110
000000000000000000000000000000000000000000000000000000000000001100110001100110111011011101100011
000000000000000000000000000000000000000000000000000000000000000011001101000100001101110000100111
000000000000000000000000000000000000000000000000000000000000111010101101111011100110011001010010
000000000000000000000000000000000000000000000000000000000000000001111000111111010100000101111001
000000000000000000000000000000000000000000000000000000000000100100100011101110000100000110011001
000000000000000000000000000000000000000000000000000000000000001110000110011101101010011101011011
000000000000000000000000000000000000000000000000000000000000111000010111111000000011001110100101
000000000000000000000000000000000000000000000000000000000000101110000010000100001000111011110111
000000000000000000000000000000000000000000000000000000000000100001110010110001010000111001001101
000000000000000000000000000000000000000000000000000000000000110011001100110101110111110010101101
000000000000000000000000000000000000000000000000000000000000010001001000111101111101101101010010
000000000000000000000000000000000000000000000000000000000000010011001000111101101101110100110111
000000000000000000000000000000000000000000000000000000000000011000110001110110100011001001010110
000000000000000000000000000000000000000000000000000000000000111111011001101000100001000010010010
000000000000000000000000000000000000000000000000000000000000011101010000100010010001101000011001
000000000000000000000000000000000000000000000000000000000000111101111101001100010001101011011111
000000000000000000000000000000000000000000000000000000000000000110101000101000011010000000010110
000000000000000000000000000000000000000000000000000000000000100001011010001101000001001011010011
000000000000000000000000000000000000000000000000000000000000111101011100011010001111110011101000
000000000000000000000000000000000000000000000000000000000000101101010001101101101010100111010101
000000000000000000000000000000000000000000000000000000000000010000001100001011011010010001101010
000000000000000000000000000000000000000000000000000000000000001001101011110001010101000101111101
000000000000000000000000000000000000000000000000000000000000000110010010110000010101111100111101
000000000000000000000000000000000000000000000000000000000000011001111111000110001110110010101001
000000000000000000000000000000000000000000000000000000000000010101010111011110010101101011111001
000000000000000000000000000000000000000000000000000000000000011100101101010110110111100000101110
000000000000000000000000000000000000000000000000000000000000110111011111000000000011111000110110
000000000000000000000000000000000000000000000000000000000000100100111110101000101001101101111111
000000000000000000000000000000000000000000000000000000000000111100011100001001101001101100000011
000000000000000000000000000000000000000000000000000000000000101110001100101110000011011011001011
000000000000000000000000000000000000000000000000000000000000010100101101101101101000011011001001
000000000000000000000000000000000000000000000000000000000000001000100000100010011000011100000111
000000000000000000000000000000000000000000000000000000000000010011000100111111100001011110010100
000000000000000000000000000000000000000000000000000000000000000110011011000101011111101011110000
000000000000000000000000000000000000000000000000000000000000100010110111100100000101101101001110
000000000000000000000000000000000000000000000000000000000000010000011011010111110010011011010011
000000000000000000000000000000000000000000000000000000000000101111000101000011101000100011001001
000000000000000000000000000000000000000000000000000000000000111001110111111010110111000101010001
000000000000000000000000000000000000000000000000000000000000011001001001010010101100011100101000
000000000000000000000000000000000000000000000000000000000000011111011101101011001000111111110101
000000000000000000000000000000000000000000000000000000000000110011100101101011111110101110110000
000000000000000000000000000000000000000000000000000000000000010111101110000100000001011011010101
000000000000000000000000000000000000000000000000000000000000100110000110111001111001010001101101
000000000000000000000000000000000000000000000000000000000000111110010001110010100111011011001011
000000000000000000000000000000000000000000000000000000000000111111011001100001111000011110011010
000000000000000000000000000000000000000000000000000000000000010111110010111110110001100010111111
000000000000000000000000000000000000000000000000000000000000110101011110110111111001000000000110
000000000000000000000000000000000000000000000000000000000000011000001010010000101011010101110100
000000000000000000000000000000000000000000000000000000000000001111110010111100101111010001010000
000000000000000000000000000000000000000000000000000000000000011101000000100111101011010100010001
000000000000000000000000000000000000000000000000000000000000000001111101010111110000111110101000
000000000000000000000000000000000000000000000000000000000000110010111101110000110001111111000001
000000000000000000000000000000000000000000000000000000000000011111000011011110110111000110111001
000000000000000000000000000000000000000000000000000000000000000011000101111101100111001111001110
000000000000000000000000000000000000000000000000000000000000101001100001110000001000010010110111
000000000000000000000000000000000000000000000000000000000000101011011110001010001001100001010101
000000000000000000000000000000000000000000000000000000000000010000101101101111100111100101000101
000000000000000000000000000000000000000000000000000000000000010111001110100011001110110000000000
000000000000000000000000000000000000000000000000000000000000100000110110000010101000001100011100
000000000000000000000000000000000000000000000000000000000000001101111111100011010110011011100001
000000000000000000000000000000000000000000000000000000000000111000001111111100010101110100001011
000000000000000000000000000000000000000000000000000000000000001000000001101010101110011110010001
000000000000000000000000000000000000000000000000000000000000111101011110100000100111110110000011
000000000000000000000000000000000000000000000000000000000000011100011101100010000110010111010100
000000000000000000000000000000000000000000000000000000000000100011101110010101100001101110000111
000000000000000000000000000000000000000000000000000000000000001001111101011000001101001011001001
000000000000000000000000000000000000000000000000000000000000111110010101110000001010111001011110
000000000000000000000000000000000000000000000000000000000000101001010011110000101000101001010100
000000000000000000000000000000000000000000000000000000000000110001011101010010101110001001001100
000000000000000000000000000000000000000000000000000000000000111110110110001111001111010011101111
000000000000000000000000000000000000000000000000000000000000000100010110011110100101111000111100
000000000000000000000000000000000000000000000000000000000000010101100000011111001001011111110100
000000000000000000000000000000000000000000000000000000000000001001000010001110100011011001001111
000000000000000000000000000000000000000000000000000000000000101000100001001000110111101001101001
000000000000000000000000000000000000000000000000000000000000011111000010000101101001001011110100
000000000000000000000000000000000000000000000000000000000000110000100010000111100110111001010000
000000000000000000000000000000000000000000000000000000000000110110110100111100010000111000101100
000000000000000000000000000000000000000000000000000000000000110001000010001001110001101011101110
000000000000000000000000000000000000000000000000000000000000001111111010111000001101000001001110
000000000000000000000000000000000000000000000000000000000000111001110111101001011000101100101101
000000000000000000000000000000000000000000000000000000000000110110001001001011101010110111000010
000000000000000000000000000000000000000000000000000000000000110001010001000010010011000101100001
000000000000000000000000000000000000000000000000000000000000111011001101001100100110000100111010
000000000000000000000000000000000000000000000000000000000000111011111000100100111011100100100110
000000000000000000000000000000000000000000000000000000000000011010110101000111100101100110000000
000000000000000000000000000000000000000000000000000000000000011111111110101000111111111101001010
000000000000000000000000000000000000000000000000000000000000101110010101101110000000100011100111
000000000000000000000000000000000000000000000000000000000000010110100000001010101111110010000010
000000000000000000000000000000000000000000000000000000000000110001111001000011111110111101110111
000000000000000000000000000000000000000000000000000000000000000011000100111100101001001001011100
000000000000000000000000000000000000000000000000000000000000111100011101110010110001011011101110
000000000000000000000000000000000000000000000000000000000000011110010011001101100110010101101101
000000000000000000000000000000000000000000000000000000000000111000101111011100100110111000110001
000000000000000000000000000000000000000000000000000000000000011010100010010011010010110110000001
000000000000000000000000000000000000000000000000000000000000111101100001011101011010100011111100
000000000000000000000000000000000000000000000000000000000000101010001010010110101001100110010101
000000000000000000000000000000000000000000000000000000000000010100010111111001010011001010000001
000000000000000000000000000000000000000000000000000000000000101110010110110111011010110101100111
000000000000000000000000000000000000000000000000000000000000011101011011111110000011011000000110
000000000000000000000000000000000000000000000000000000000000110001011011001111100100001101000110
000000000000000000000000000000000000000000000000000000000000001101011101110101010010111000010011
000000000000000000000000000000000000000000000000000000000000100010110010100111010000010001001101
000000000000000000000000000000000000000000000000000000000000101101011011001111010010000011110100
000000000000000000000000000000000000000000000000000000000000111100011000011111010111110111110101
000000000000000000000000000000000000000000000000000000000000101111010101100010100001101001110100
000000000000000000000000000000000000000000000000000000000000110101011110010100101100000001111111
000000000000000000000000000000000000000000000000000000000000110001111000110111001101010000001001
000000000000000000000000000000000000000000000000000000000000111100000110001110000111011101010000
000000000000000000000000000000000000000000000000000000000000001011000100100010100100111011101101
000000000000000000000000000000000000000000000000000000000000110001101100000001110110111100110000
000000000000000000000000000000000000000000000000000000000000101100100100100000100101101011100110
000000000000000000000000000000000000000000000000000000000000010001000000110011001101010101111101
000000000000000000000000000000000000000000000000000000000000001011100101111101110010001011100110
000000000000000000000000000000000000000000000000000000000000000111001111111001101010001000010100
000000000000000000000000000000000000000000000000000000000000000011100101110101010101010010011011
000000000000000000000000000000000000000000000000000000000000111100011101101011100011110111110001
000000000000000000000000000000000000000000000000000000000000100001111111011000010101110111011111
000000000000000000000000000000000000000000000000000000000000111111010011101000000001000000001111
000000000000000000000000000000000000000000000000000000000000000100100110001101111001000000010011
000000000000000000000000000000000000000000000000000000000000101101011111100010100110111101011000
000000000000000000000000000000000000000000000000000000000000101000100100100101010101101011111001
000000000000000000000000000000000000000000000000000000000000000100001101011000001111001010110110
000000000000000000000000000000000000000000000000000000000000011000111101011011001100010000111111
000000000000000000000000000000000000000000000000000000000000101101111011110111100000100011010101
000000000000000000000000000000000000000000000000000000000000001111101101010100100001100000100111
000000000000000000000000000000000000000000000000000000000000111101111100010101100001100011100111
000000000000000000000000000000000000000000000000000000000000001011101001100001000011101110001000
000000000000000000000000000000000000000000000000000000000000101010101000011101011110111000101010
000000000000000000000000000000000000000000000000000000000000100101010101111001111111110100100011
000000000000000000000000000000000000000000000000000000000000111011111010111111111100101110011111
000000000000000000000000000000000000000000000000000000000000100000111100110111100001000001010001
000000000000000000000000000000000000000000000000000000000000001101000101011010001100111100011110
000000000000000000000000000000000000000000000000000000000000010111111101111000001111100101111001
000000000000000000000000000000000000000000000000000000000000101000100010100001101000011110100110
000000000000000000000000000000000000000000000000000000000000101000000011011001111010111011010010
000000000000000000000000000000000000000000000000000000000000111111100100001010011011001110110111
000000000000000000000000000000000000000000000000000000000000001100001111000011010110000010011001
000000000000000000000000000000000000000000000000000000000000110100100101011110110010011111111100
000000000000000000000000000000000000000000000000000000000000100111011100110111110011010100001101
000000000000000000000000000000000000000000000000000000000000101001101101011001001010001100011001
000000000000000000000000000000000000000000000000000000000000101111000000100111111111110101011010
000000000000000000000000000000000000000000000000000000000000100111001101010010001110010100101111
000000000000000000000000000000000000000000000000000000000000111011001010011100011001001001111001
000000000000000000000000000000000000000000000000000000000000110110110011110110011011001000011010
000000000000000000000000000000000000000000000000000000000000001110100111010000000110000100111010
000000000000000000000000000000000000000000000000000000000000011010001011101001000101111001110010
000000000000000000000000000000000000000000000000000000000000110010111000011101100101000101010101
000000000000000000000000000000000000000000000000000000000000100100000000111011010000111001011001
000000000000000000000000000000000000000000000000000000000000001000010100100111100111000010010101
000000000000000000000000000000000000000000000000000000000000000110010110001110010011101100110000
000000000000000000000000000000000000000000000000000000000000101011010100110100010101000011111001
000000000000000000000000000000000000000000000000000000000000001101110010100100110101000111100101
000000000000000000000000000000000000000000000000000000000000110010011011011110111111000111110101
000000000000000000000000000000000000000000000000000000000000110001100110110011110110110010100110
000000000000000000000000000000000000000000000000000000000000010101001101000110010111011001111010
000000000000000000000000000000000000000000000000000000000000000011001111101011000011010010000010
000000000000000000000000000000000000000000000000000000000000100100101100000111010001010111000110
000000000000000000000000000000000000000000000000000000000000100001011111000010110100000011111111
000000000000000000000000000000000000000000000000000000000000011000111001010001001000000100010100
000000000000000000000000000000000000000000000000000000000000100110111001101100010000110101000110
000000000000000000000000000000000000000000000000000000000000110001100110001111100111001010100101
000000000000000000000000000000000000000000000000000000000000010000101001101010111001001111001111
000000000000000000000000000000000000000000000000000000000000101001100011000110010101000010101100
000000000000000000000000000000000000000000000000000000000000101000000111010000100000110111111010
000000000000000000000000000000000000000000000000000000000000000100111011111001000101100100010001
000000000000000000000000000000000000000000000000000000000000100011111010110101010000001011010011
000000000000000000000000000000000000000000000000000000000000111000110010101001000110000000101101
000000000000000000000000000000000000000000000000000000000000111100111110000100001011100101000010
000000000000000000000000000000000000000000000000000000000000110111010110000110000010010101111001
000000000000000000000000000000000000000000000000000000000000000010000010011001011000010101111011
000000000000000000000000000000000000000000000000000000000000110001111001011010000011111001111101
000000000000000000000000000000000000000000000000000000000000001000000000000110100010000110011100
000000000000000000000000000000000000000000000000000000000000111101011110011100100000101101011011
000000000000000000000000000000000000000000000000000000000000101001001110000101110110011111100100
000000000000000000000000000000000000000000000000000000000000111001100101001010110101100001011001
000000000000000000000000000000000000000000000000000000000000011000010001111000001000001010011110
000000000000000000000000000000000000000000000000000000000000010001101001111100101100101000010001
000000000000000000000000000000000000000000000000000000000000110101001110111101100011010101101111
000000000000000000000000000000000000000000000000000000000000101100111100101111010001011111101010
000000000000000000000000000000000000000000000000000000000000100111101010011100111010010000001110
000000000000000000000000000000000000000000000000000000000000001101010011000111100110010010011100
000000000000000000000000000000000000000000000000000000000000000000001111101110111100111011010000
000000000000000000000000000000000000000000000000000000000000110101101000011010101101011011110101
000000000000000000000000000000000000000000000000000000000000000110110000100110100011111111011011
000000000000000000000000000000000000000000000000000000000000011100101000100000001010010110001100
000000000000000000000000000000000000000000000000000000000000101101010001010101110011101101111100
000000000000000000000000000000000000000000000000000000000000100110101111010011011000110011100001
000000000000000000000000000000000000000000000000000000000000010010001101011000000100100011111001
000000000000000000000000000000000000000000000000000000000000111110000011101011101010111000000101
000000000000000000000000000000000000000000000000000000000000001101001100010101001010110110011101
000000000000000000000000000000000000000000000000000000000000110001010010010101100110100110010111
000000000000000000000000000000000000000000000000000000000000011000010101111001000000011111110010
000000000000000000000000000000000000000000000000000000000000101100101001000010000100010111110100
000000000000000000000000000000000000000000000000000000000000000111110000001101010110011111111011
000000000000000000000000000000000000000000000000000000000000011101110011100101101000011010101110
000000000000000000000000000000000000000000000000000000000000111100100001111001100100010000010110
000000000000000000000000000000000000000000000000000000000000000111000110001001100111101011010011
000000000000000000000000000000000000000000000000000000000000111110010100101010011110010111100100
000000000000000000000000000000000000000000000000000000000000100001000110000111111011101001010101
000000000000000000000000000000000000000000000000000000000000110111110111110110100010110010100100
000000000000000000000000000000000000000000000000000000000000111101001100101101101011101111011001
000000000000000000000000000000000000000000000000000000000000010100011101001010010100010100000100
000000000000000000000000000000000000000000000000000000000000001011101111110010111100110110000010
000000000000000000000000000000000000000000000000000000000000111100100011110100101110010101110101
000000000000000000000000000000000000000000000000000000000000100000100000110101101101010110011011
000000000000000000000000000000000000000000000000000000000000011011001010001011110110111001000011
000000000000000000000000000000000000000000000000000000000000010011110111000111111101101000101110
000000000000000000000000000000000000000000000000000000000000000111110110000110011010010001110111
000000000000000000000000000000000000000000000000000000000000011101010011000100100001010010111010
000000000000000000000000000000000000000000000000000000000000011001001001110001001101001000000010
000000000000000000000000000000000000000000000000000000000000010100011100001100001011001100111011
000000000000000000000000000000000000000000000000000000000000110101101110000000010000000101111111
000000000000000000000000000000000000000000000000000000000000010010101001010100101000101000101011
000000000000000000000000000000000000000000000000000000000000101001000111111011001010000011011100
000000000000000000000000000000000000000000000000000000000000101111010000111100011010011111010100
000000000000000000000000000000000000000000000000000000000000011010100000101100100100011000110110
000000000000000000000000000000000000000000000000000000000000111110110000011100100001010011010111
000000000000000000000000000000000000000000000000000000000000011111000000010100001000000011100111
000000000000000000000000000000000000000000000000000000000000000110010000100111101100000010111110
000000000000000000000000000000000000000000000000000000000000010011101010001010011110011011000011
000000000000000000000000000000000000000000000000000000000000101111101100101100101011101100010000
000000000000000000000000000000000000000000000000000000000000001111110001110111000011100011011111
000000000000000000000000000000000000000000000000000000000000100011100011101001011000001101100001
000000000000000000000000000000000000000000000000000000000000001100101011110011010011001010011110
000000000000000000000000000000000000000000000000000000000000010001111000100010001111101101010111
000000000000000000000000000000000000000000000000000000000000100101001000000101011000010111000100
000000000000000000000000000000000000000000000000000000000000000100100101001110010111010010111110
000000000000000000000000000000000000000000000000000000000000110010011001111010110000111010000110
000000000000000000000000000000000000000000000000000000000000110001110100001110000010101101111000
000000000000000000000000000000000000000000000000000000000000100010110000110011110011111100100001
000000000000000000000000000000000000000000000000000000000000110110011010101110100011010010101000
000000000000000000000000000000000000000000000000000000000000011111100101111001101000111011100000
000000000000000000000000000000000000000000000000000000000000110100111100000100000111011101010010
000000000000000000000000000000000000000000000000000000000000110010110011000101100111111010101000
000000000000000000000000000000000000000000000000000000000000010101011101010110101101100110101000
000000000000000000000000000000000000000000000000000000000000100001010111100101110001010010101101
000000000000000000000000000000000000000000000000000000000000101100111001100011010010010011110010
000000000000000000000000000000000000000000000000000000000000111110110111100000011110100001011110
000000000000000000000000000000000000000000000000000000000000001010111111000000011001100100100111
000000000000000000000000000000000000000000000000000000000000001000011001111100110001111111111000
000000000000000000000000000000000000000000000000000000000000010110101000111010111110011011110011
000000000000000000000000000000000000000000000000000000000000110111001111001001101101010110010110
000000000000000000000000000000000000000000000000000000000000000110000011011100111101010110010001
000000000000000000000000000000000000000000000000000000000000110011110101101110101110100111001101
000000000000000000000000000000000000000000000000000000000000010000110101101110000001011000101011
000000000000000000000000000000000000000000000000000000000000101010001101111110010101111011001001
000000000000000000000000000000000000000000000000000000000000001111100111111001010011010001010100
000000000000000000000000000000000000000000000000000000000000100101000011010010000001011111111010
000000000000000000000000000000000000000000000000000000000000100001011011001010010011000101001000
000000000000000000000000000000000000000000000000000000000000000011011101010111100100000100011001
000000000000000000000000000000000000000000000000000000000000110101000101011010001111000000000110
000000000000000000000000000000000000000000000000000000000000101000011011110101110111011101001010
000000000000000000000000000000000000000000000000000000000000111111001001010110101101111111010111
000000000000000000000000000000000000000000000000000000000000000101111000010100010011111100110111
000000000000000000000000000000000000000000000000000000000000111111101111101000100110101011001010
000000000000000000000000000000000000000000000000000000000000100000001011000101000100010010100000
000000000000000000000000000000000000000000000000000000000000111101011011111110110100011100110000
000000000000000000000000000000000000000000000000000000000000001001010001010101010111001100100001
000000000000000000000000000000000000000000000000000000000000010010000010110110001000011011101100
000000000000000000000000000000000000000000000000000000000000100000010010011011010001001011111101
000000000000000000000000000000000000000000000000000000000000110100011100100011111110010110100100
000000000000000000000000000000000000000000000000000000000000100001111101010000101001011000000000
000000000000000000000000000000000000000000000000000000000000010000101100000101111111000011000001
000000000000000000000000000000000000000000000000000000000000111110101010111101100000001111000011
000000000000000000000000000000000000000000000000000000000000100011010100111101011011001110000110
000000000000000000000000000000000000000000000000000000000000001111000101100011111111100001101011
000000000000000000000000000000000000000000000000000000000000010011100100011000001000110011110111
000000000000000000000000000000000000000000000000000000000000011101111001000100000000010110011110
000000000000000000000000000000000000000000000000000000000000001100000111011010100001101100011010
000000000000000000000000000000000000000000000000000000000000111011000100101100011010010110101100
000000000000000000000000000000000000000000000000000000000000101001001000000010111001010000111100
000000000000000000000000000000000000000000000000000000000000010111000110101101000110100000001110
000000000000000000000000000000000000000000000000000000000000000000100111110011010111000111010001
000000000000000000000000000000000000000000000000000000000000010001001101011010110110011000011101
000000000000000000000000000000000000000000000000000000000000101000111100101110010100000101001111
000000000000000000000000000000000000000000000000000000000000111101100001011110101001101100001110
000000000000000000000000000000000000000000000000000000000000001000000110100110011010011101000100
000000000000000000000000000000000000000000000000000000000000101010011000101001100010111110001001
000000000000000000000000000000000000000000000000000000000000011010110101011110100101110000110010
000000000000000000000000000000000000000000000000000000000000010011001010000111000101011110110001
000000000000000000000000000000000000000000000000000000000000011010011000011001101110110001111100
000000000000000000000000000000000000000000000000000000000000100111100001111011011010100101010000
000000000000000000000000000000000000000000000000000000000000010011000100100011101010000110001000
000000000000000000000000000000000000000000000000000000000000000101010001010011111010111101110000
000000000000000000000000000000000000000000000000000000000000011100000001010100001100111010110100
000000000000000000000000000000000000000000000000000000000000010111011111000000100100001001100110
000000000000000000000000000000000000000000000000000000000000111011010011001100011101000000011100
000000000000000000000000000000000000000000000000000000000000111011001100001100100000001011001010
000000000000000000000000000000000000000000000000000000000000000110000100001010000011001000100110
000000000000000000000000000000000000000000000000000000000000001111011100000001111001010111100000
000000000000000000000000000000000000000000000000000000000000111011110011111000100100101100111100
000000000000000000000000000000000000000000000000000000000000000111001110001000000101111101001100
000000000000000000000000000000000000000000000000000000000000110101001100011000111010101101001110
000000000000000000000000000000000000000000000000000000000000001100110011101110101111000011111110
000000000000000000000000000000000000000000000000000000000000101101100011111001101010011100011101
000000000000000000000000000000000000000000000000000000000000010011001110100101011000001101111111
000000000000000000000000000000000000000000000000000000000000101010100111111111011110100011100011
000000000000000000000000000000000000000000000000000000000000110110100001101111010111110101011111
000000000000000000000000000000000000000000000000000000000000000101100101111101001101111001110110
000000000000000000000000000000000000000000000000000000000000101011111001101100111010010111111001
000000000000000000000000000000000000000000000000000000000000011001011111011100000100100100000010
000000000000000000000000000000000000000000000000000000000000110000110010111111010100111100100000
000000000000000000000000000000000000000000000000000000000000010101100110111111101100110010101000
000000000000000000000000000000000000000000000000000000000000101100001101100100001111011001101010
000000000000000000000000000000000000000000000000000000000000010000101011100110101111000000111111
000000000000000000000000000000000000000000000000000000000000000011011001101010110010110101101101
000000000000000000000000000000000000000000000000000000000000110101101101110100010100100100011110
000000000000000000000000000000000000000000000000000000000000101001101010100111010110010100101100
000000000000000000000000000000000000000000000000000000000000010101101100100100111110101000101000
000000000000000000000000000000000000000000000000000000000000111111000101000111000111001111101000
000000000000000000000000000000000000000000000000000000000000000101101011111101110101001101101101
000000000000000000000000000000000000000000000000000000000000010000001000111101001100111110010001
000000000000000000000000000000000000000000000000000000000000100000110010111001101110110011110100
000000000000000000000000000000000000000000000000000000000000011111111011011110101001101100111011
000000000000000000000000000000000000000000000000000000000000100010101011100011110100110010111101
000000000000000000000000000000000000000000000000000000000000100011000100100000001011001010101100
000000000000000000000000000000000000000000000000000000000000001111111001011010110100001111111111
000000000000000000000000000000000000000000000000000000000000101100001111010011010000011000101110
000000000000000000000000000000000000000000000000000000000000110011011011110000011001000000110000
000000000000000000000000000000000000000000000000000000000000010100100100100101001010100100100010
000000000000000000000000000000000000000000000000000000000000000100011001001111011001010100010101
000000000000000000000000000000000000000000000000000000000000111100010101011101011001111110100001
000000000000000000000000000000000000000000000000000000000000111100111001110000111111100011101001
000000000000000000000000000000000000000000000000000000000000111110000011010101111111001100010101
000000000000000000000000000000000000000000000000000000000000010010111101000000100000110000000100
000000000000000000000000000000000000000000000000000000000000011010110111000111000001001110101110
000000000000000000000000000000000000000000000000000000000000000101001010000000001100000100000011
000000000000000000000000000000000000000000000000000000000000110110001111100100011101100010110110
000000000000000000000000000000000000000000000000000000000000001100101001100001011111110110001111
000000000000000000000000000000000000000000000000000000000000111101100100010111110101001101101001
000000000000000000000000000000000000000000000000000000000000101101001110101100101101001000000101
000000000000000000000000000000000000000000000000000000000000110000000000101000001100101010111100
000000000000000000000000000000000000000000000000000000000000101001101011111111010001110111010110
000000000000000000000000000000000000000000000000000000000000011001110111100000001110101110111101
000000000000000000000000000000000000000000000000000000000000000111010100110010111100111101111101
000000000000000000000000000000000000000000000000000000000000010111100100101000001010110100100000
000000000000000000000000000000000000000000000000000000000000001110100001000111101101100011111100
000000000000000000000000000000000000000000000000000000000000001000101011011001101110101100001110
000000000000000000000000000000000000000000000000000000000000100001010010110111000100111100000110
000000000000000000000000000000000000000000000000000000000000011110100111111101111001111101011101
000000000000000000000000000000000000000000000000000000000000101110101011010011011011011001110010
000000000000000000000000000000000000000000000000000000000000000111000110100001111100101010100110
000000000000000000000000000000000000000000000000000000000000110101010110000001010010010101101011
000000000000000000000000000000000000000000000000000000000000011111010111101111011110000001000110
000000000000000000000000000000000000000000000000000000000000101001010110101010100111101001011011
000000000000000000000000000000000000000000000000000000000000001001100100111110001100000000001000
000000000000000000000000000000000000000000000000000000000000011101111110101101000010111001100110
000000000000000000000000000000000000000000000000000000000000011000000000101111111110110010011000
000000000000000000000000000000000000000000000000000000000000011111100000100000001110110001111100
000000000000000000000000000000000000000000000000000000000000001111110000001110101000110111010100
000000000000000000000000000000000000000000000000000000000000011000000111010100011110100001110110
000000000000000000000000000000000000000000000000000000000000001011011000110111001001011011100111
000000000000000000000000000000000000000000000000000000000000101010100010000101011110110011101000
000000000000000000000000000000000000000000000000000000000000000110101001100011111011001111011011
000000000000000000000000000000000000000000000000000000000000110111111010101010000110000110000101
000000000000000000000000000000000000000000000000000000000000100000010100100000010011110100010010
000000000000000000000000000000000000000000000000000000000000011010111011111010010011010100100000
000000000000000000000000000000000000000000000000000000000000100101011000010010110010101100011011
000000000000000000000000000000000000000000000000000000000000011000010101001111011110000111010000
000000000000000000000000000000000000000000000000000000000000100101110100010011001110110101101101
000000000000000000000000000000000000000000000000000000000000000011100101110011110000110010001000
000000000000000000000000000000000000000000000000000000000000111011011100101111001010010000000111
000000000000000000000000000000000000000000000000000000000000010011001001000110111110100100011100
000000000000000000000000000000000000000000000000000000000000111101101001001100001100000000101110
000000000000000000000000000000000000000000000000000000000000010110100010000000010011100111001110
000000000000000000000000000000000000000000000000000000000000111110111011011010100010101110111001
000000000000000000000000000000000000000000000000000000000000100011101011000111110110011101010100
000000000000000000000000000000000000000000000000000000000000001001100001001100101100111110110101
000000000000000000000000000000000000000000000000000000000000010111111111110110000010111110000100
000000000000000000000000000000000000000000000000000000000000000001001101010011111111111110001110
000000000000000000000000000000000000000000000000000000000000010110110101010011110100111000111111
000000000000000000000000000000000000000000000000000000000000000110111001010001000000010100000001
000000000000000000000000000000000000000000000000000000000000010110110000111011000010111111011111
000000000000000000000000000000000000000000000000000000000000001110010100100100011011101101000010
000000000000000000000000000000000000000000000000000000000000010011011101101111000101101101110011
000000000000000000000000000000000000000000000000000000000000000100001111101110101000111100100001
000000000000000000000000000000000000000000000000000000000000001000010101100101010001001100010000
000000000000000000000000000000000000000000000000000000000000011110101101100000110100101010000000
000000000000000000000000000000000000000000000000000000000000010000000010011100000001111010101010
000000000000000000000000000000000000000000000000000000000000001010011101001111101010111001100100
000000000000000000000000000000000000000000000000000000000000010110100110011010111100011011100010
000000000000000000000000000000000000000000000000000000000000101111001110001100011000100110101110
000000000000000000000000000000000000000000000000000000000000100011101001100111011010011111111101
000000000000000000000000000000000000000000000000000000000000111011001000101000110000011001111111
000000000000000000000000000000000000000000000000000000000000001101110000001110101011111101111011
000000000000000000000000000000000000000000000000000000000000100101100101010100111111110000100000
000000000000000000000000000000000000000000000000000000000000101011110101101111110010001111011001
000000000000000000000000000000000000000000000000000000000000000001001100101011010101100011110010
000000000000000000000000000000000000000000000000000000000000110010101000001111110001001110111001
000000000000000000000000000000000000000000000000000000000000110010101001110010100101011110101110
000000000000000000000000000000000000000000000000000000000000001110110011010000110101110100111100
000000000000000000000000000000000000000000000000000000000000011101010010011010101000000110011001
000000000000000000000000000000000000000000000000000000000000100111100101100011100010001000100101
000000000000000000000000000000000000000000000000000000000000011110001000001001010100110001011110
000000000000000000000000000000000000000000000000000000000000001110110110100101101000000000101011
000000000000000000000000000000000000000000000000000000000000000100011101001001010001110111110111
000000000000000000000000000000000000000000000000000000000000010011001111001110100000010010011111
000000000000000000000000000000000000000000000000000000000000001010100110101010011000111011010111
000000000000000000000000000000000000000000000000000000000000011010111111000011110000111010010101
000000000000000000000000000000000000000000000000000000000000010010000001001100010000100101011100
000000000000000000000000000000000000000000000000000000000000100110001000100111101001001100010000
000000000000000000000000000000000000000000000000000000000000001110100111110011000011011011000100
000000000000000000000000000000000000000000000000000000000000011101011111010110010111101011010100
000000000000000000000000000000000000000000000000000000000000100011010111100001000011011101010010
000000000000000000000000000000000000000000000000000000000000010000000010001010110011000011110001
000000000000000000000000000000000000000000000000000000000000101101110100010111010101010100100100
000000000000000000000000000000000000000000000000000000000000000110111110110011111000011100000101
000000000000000000000000000000000000000000000000000000000000101100111100110010001000010001110101
000000000000000000000000000000000000000000000000000000000000110000000101001001101001101000101011
000000000000000000000000000000000000000000000000000000000000111110100011000011001010111110011010
000000000000000000000000000000000000000000000000000000000000010100001010000010001001001100100101
000000000000000000000000000000000000000000000000000000000000100000110000100001010101110101110111
000000000000000000000000000000000000000000000000000000000000000110100000111001000100011110101111
000000000000000000000000000000000000000000000000000000000000110000011101011100001000111100100111
000000000000000000000000000000000000000000000000000000000000010010000100100001100111010000100011
000000000000000000000000000000000000000000000000000000000000111111000111010100111110011111111111
000000000000000000000000000000000000000000000000000000000000010100011111100101111101011000111101
000000000000000000000000000000000000000000000000000000000000101010101010110011011101101001101011
000000000000000000000000000000000000000000000000000000000000100110011100011110010101110111101111
000000000000000000000000000000000000000000000000000000000000001001100111011000101111000100111110
000000000000000000000000000000000000000000000000000000000000111101011011101011100001100011011011
000000000000000000000000000000000000000000000000000000000000011010101101011101000101000001110001
000000000000000000000000000000000000000000000000000000000000100011111001100110010000011101101010
000000000000000000000000000000000000000000000000000000000000101000011010111000111000101011101101
000000000000000000000000000000000000000000000000000000000000111110001011110001100111101001110111
000000000000000000000000000000000000000000000000000000000000001001111100101111000110101110111001
000000000000000000000000000000000000000000000000000000000000111110111100110110010100111110001110
000000000000000000000000000000000000000000000000000000000000000010100101010000110110011100010100
000000000000000000000000000000000000000000000000000000000000110111001111100000011010000011011010
000000000000000000000000000000000000000000000000000000000000101011000101011010001000011010001011
000000000000000000000000000000000000000000000000000000000000111001110000110000110100111011101011
000000000000000000000000000000000000000000000000000000000000011111111111010001110100111011000100
000000000000000000000000000000000000000000000000000000000000010100100000100011010110101111110110
000000000000000000000000000000000000000000000000000000000000000000111111100100010100111011001001
000000000000000000000000000000000000000000000000000000000000111011101110000011101111110011010111
000000000000000000000000000000000000000000000000000000000000010000100000000111100001000001001011
000000000000000000000000000000000000000000000000000000000000101111111000100010001001100110100000
000000000000000000000000000000000000000000000000000000000000101000111001111000111111011100011010
000000000000000000000000000000000000000000000000000000000000011001110101000011101000100000001100
000000000000000000000000000000000000000000000000000000000000101100110111001110110110001010111000
000000000000000000000000000000000000000000000000000000000000001100101001001101110001100100000010
000000000000000000000000000000000000000000000000000000000000010010100001011100110101001100101101
000000000000000000000000000000000000000000000000000000000000010011101111000010100101000110011011
000000000000000000000000000000000000000000000000000000000000101101100010010101100010110000000010
000000000000000000000000000000000000000000000000000000000000000011100000001110011011101101110011
000000000000000000000000000000000000000000000000000000000000110110000001011001101011000010100110
000000000000000000000000000000000000000000000000000000000000101011100101110001001101101110011001
000000000000000000000000000000000000000000000000000000000000001110010100010001001100100011101001
000000000000000000000000000000000000000000000000000000000000011000101010010100111111110000001111
000000000000000000000000000000000000000000000000000000000000010000011100011101100010010010001111
000000000000000000000000000000000000000000000000000000000000101110100100000010101000100100001111
000000000000000000000000000000000000000000000000000000000000100010101101011110110010100100111010
000000000000000000000000000000000000000000000000000000000000010110011111100101000000110000100000
000000000000000000000000000000000000000000000000000000000000111001001111100010110111001000000011
000000000000000000000000000000000000000000000000000000000000000001001001100111110011100111000011
000000000000000000000000000000000000000000000000000000000000001001001010001111101101010111010100
000000000000000000000000000000000000000000000000000000000000111010010101001100011010100100101001
000000000000000000000000000000000000000000000000000000000000011111101010000111101110100111110110
000000000000000000000000000000000000000000000000000000000000011000110000110111011001100111101001
000000000000000000000000000000000000000000000000000000000000011000001011000100000000100000001100
000000000000000000000000000000000000000000000000000000000000001101001110100101010010010100001111
000000000000000000000000000000000000000000000000000000000000101010111100101110001001110001000100
000000000000000000000000000000000000000000000000000000000000000010011110010101010010100100001100
000000000000000000000000000000000000000000000000000000000000000001100101001101001001011001101011
000000000000000000000000000000000000000000000000000000000000010100111110011000001101110110111100
000000000000000000000000000000000000000000000000000000000000010101101101000110010111001101001110
000000000000000000000000000000000000000000000000000000000000111111111100100011100111101001111010
000000000000000000000000000000000000000000000000000000000000000011010111001000111111111001101100
000000000000000000000000000000000000000000000000000000000000110000000100001110000110010111101111
000000000000000000000000000000000000000000000000000000000000001010101000101111100111001011011000
000000000000000000000000000000000000000000000000000000000000110011011001101001000001011111111111
000000000000000000000000000000000000000000000000000000000000010111111001101111000000101111010101
000000000000000000000000000000000000000000000000000000000000100001000101011011011100011101000000
000000000000000000000000000000000000000000000000000000000000111110000000111111101001100100010000
000000000000000000000000000000000000000000000000000000000000110111100010000110001011010000101111
000000000000000000000000000000000000000000000000000000000000111011001110011110101101011101110110
000000000000000000000000000000000000000000000000000000000000111100100000111000010000011100110110
000000000000000000000000000000000000000000000000000000000000011000010101111000111111100100010110
000000000000000000000000000000000000000000000000000000000000011101100010001000001101100010100110
000000000000000000000000000000000000000000000000000000000000010111110011010010010111000100010110
000000000000000000000000000000000000000000000000000000000000011011000000101001010110001000101110
000000000000000000000000000000000000000000000000000000000000100011010000010001010101010101111010
000000000000000000000000000000000000000000000000000000000000111110011001001011100001110101110001
000000000000000000000000000000000000000000000000000000000000001011110111000001000101000011011110
000000000000000000000000000000000000000000000000000000000000110111101010100110110010011000100010
000000000000000000000000000000000000000000000000000000000000001100100010110101000010011001010001
000000000000000000000000000000000000000000000000000000000000001110101110010001100100000110110001
000000000000000000000000000000000000000000000000000000000000111101011100001100101001011100001111
000000000000000000000000000000000000000000000000000000000000000011000011000110001100001000111111
000000000000000000000000000000000000000000000000000000000000011111100000011111011100011111010000
000000000000000000000000000000000000000000000000000000000000011011111100011010011001110001101001
000000000000000000000000000000000000000000000000000000000000111100100111001101100001010100010111
000000000000000000000000000000000000000000000000000000000000101101011111011011111010011111111100
000000000000000000000000000000000000000000000000000000000000010101001011100111111000011000110011
000000000000000000000000000000000000000000000000000000000000000110010111001100111000100000011101
000000000000000000000000000000000000000000000000000000000000100111100011000100101110001101010111
000000000000000000000000000000000000000000000000000000000000101000101110100100011000100010111100
000000000000000000000000000000000000000000000000000000000000100001110010010110110101000010011111
000000000000000000000000000000000000000000000000000000000000100110000010000000001010111010110000
000000000000000000000000000000000000000000000000000000000000010001001000001000010010101111100011
000000000000000000000000000000000000000000000000000000000000000101000110100101110001110000011011
000000000000000000000000000000000000000000000000000000000000000100000100100011100001101111011100
000000000000000000000000000000000000000000000000000000000000010111101111000000111000110001111010
000000000000000000000000000000000000000000000000000000000000010110101000011110101111100010001101
000000000000000000000000000000000000000000000000000000000000111101000100100110101001111100100000
000000000000000000000000000000000000000000000000000000000000101111101001101100000111100011001100
000000000000000000000000000000000000000000000000000000000000100010111000100111111000111000100011
000000000000000000000000000000000000000000000000000000000000011101001110110001101111010010000011
000000000000000000000000000000000000000000000000000000000000101011011001011100011101111000111010
000000000000000000000000000000000000000000000000000000000000010000011101101010011010111001110010
000000000000000000000000000000000000000000000000000000000000001111000010110010100110100101011011
000000000000000000000000000000000000000000000000000000000000101110010101011000100011100111100111
000000000000000000000000000000000000000000000000000000000000001001010111101000011111000110111101
000000000000000000000000000000000000000000000000000000000000000111000101110111110001001100001100
000000000000000000000000000000000000000000000000000000000000010011010010011111000000101111100101
000000000000000000000000000000000000000000000000000000000000001000000000001111001011111110000100
000000000000000000000000000000000000000000000000000000000000111100000010100011001110000000101110
000000000000000000000000000000000000000000000000000000000000110001111101010001101010010100111100
000000000000000000000000000000000000000000000000000000000000100111010000000010001010110011011100
000000000000000000000000000000000000000000000000000000000000101010010111111101001110000110101001
000000000000000000000000000000000000000000000000000000000000101110110100110011011010000111001100
000000000000000000000000000000000000000000000000000000000000001100111100011011010100100110110101
000000000000000000000000000000000000000000000000000000000000110000100001110111100010101111100110
000000000000000000000000000000000000000000000000000000000000000010101100101010100101100101100111
000000000000000000000000000000000000000000000000000000000000000111000001110111010001110111010100
000000000000000000000000000000000000000000000000000000000000100110110111011011101100011011111010
000000000000000000000000000000000000000000000000000000000000000001010001001100110011001000010011
000000000000000000000000000000000000000000000000000000000000100010011110001001010101110000111101
000000000000000000000000000000000000000000000000000000000000111110100001100011011110001100001100
000000000000000000000000000000000000000000000000000000000000111111111100000011011011101010111000
000000000000000000000000000000000000000000000000000000000000101001010011101100001010100101001011
000000000000000000000000000000000000000000000000000000000000011000010100001110110101100110010101
000000000000000000000000000000000000000000000000000000000000011101000010100000111101000000101001
000000000000000000000000000000000000000000000000000000000000110000000110100111011010111001101000
000000000000000000000000000000000000000000000000000000000000001011011000000100000011011000101111
000000000000000000000000000000000000000000000000000000000000101111110100010000111100101000110011
000000000000000000000000000000000000000000000000000000000000100100100001100111011100110010001011
000000000000000000000000000000000000000000000000000000000000110100111100110001110001010011000001
000000000000000000000000000000000000000000000000000000000000011111101100010100110100001011011001
000000000000000000000000000000000000000000000000000000000000010000001111000001111110000000110000
000000000000000000000000000000000000000000000000000000000000100001111000001000101010110100100111
000000000000000000000000000000000000000000000000000000000000110011111100011101100100010001011110
000000000000000000000000000000000000000000000000000000000000011111001011010000001010111111110110
000000000000000000000000000000000000000000000000000000000000001100011101101001101001001110001101
000000000000000000000000000000000000000000000000000000000000100010111001000011000010101001110010
000000000000000000000000000000000000000000000000000000000000010011010100101000111101100011110110
000000000000000000000000000000000000000000000000000000000000001100101000100100111001011000111000
000000000000000000000000000000000000000000000000000000000000101001110000001111101010100111010100
000000000000000000000000000000000000000000000000000000000000101001010010001011000000111000110000
000000000000000000000000000000000000000000000000000000000000100101011111010010111001100010101011
000000000000000000000000000000000000000000000000000000000000101100001011011010100100100100100000
000000000000000000000000000000000000000000000000000000000000110111011000111001011100111110111100
000000000000000000000000000000000000000000000000000000000000100111010101110110101000110111100001
000000000000000000000000000000000000000000000000000000000000111100110101000011101101000100010001
000000000000000000000000000000000000000000000000000000000000000111001000111011001110011010100010
000000000000000000000000000000000000000000000000000000000000101101100000000100001100110111100001
000000000000000000000000000000000000000000000000000000000000110100000101101011001111101110110000
000000000000000000000000000000000000000000000000000000000000001011011010001111010111101111000010
000000000000000000000000000000000000000000000000000000000000010000100101010101110110000000101111
000000000000000000000000000000000000000000000000000000000000010101111101101001110000000100000111
000000000000000000000000000000000000000000000000000000000000000110010101011010111110110001110101
000000000000000000000000000000000000000000000000000000000000000101110001000011101101111010111011
000000000000000000000000000000000000000000000000000000000000110111111000101101001010010111010100
000000000000000000000000000000000000000000000000000000000000001101001011000111000010011101111111
000000000000000000000000000000000000000000000000000000000000101110001010010000100111110000100101
000000000000000000000000000000000000000000000000000000000000011001010110110111000101001101001011
