000000000000000000000000000000000000000000000000000000000000111001000111010010111000011100010001
000000000000000000000000000000000000000000000000000000000000100111011001100001100001101011101011
000000000000000000000000000000000000000000000000000000000000001111101101011011110011010000100110
000000000000000000000000000000000000000000000000000000000000011011110010101111000010001110010101
000000000000000000000000000000000000000000000000000000000000110101101101001111100011101110111100
000000000000000000000000000000000000000000000000000000000000110111000010111011000001001011010010
000000000000000000000000000000000000000000000000000000000000010101001000111011011110101111100100
000000000000000000000000000000000000000000000000000000000000110110111111100001111011111011011010
000000000000000000000000000000000000000000000000000000000000101001101001011010000000000011111001
000000000000000000000000000000000000000000000000000000000000111001111011110110101110000011101000
000000000000000000000000000000000000000000000000000000000000110110100010001111110010100100010101
000000000000000000000000000000000000000000000000000000000000111000101000110001001001001011101000
000000000000000000000000000000000000000000000000000000000000111101001111001101010100110011000010
000000000000000000000000000000000000000000000000000000000000101100111000110111011110111100011100
000000000000000000000000000000000000000000000000000000000000001000101000111110111110110001101110
000000000000000000000000000000000000000000000000000000000000011111101011100111001111110011001100
000000000000000000000000000000000000000000000000000000000000110101101000100010011111001011101011
000000000000000000000000000000000000000000000000000000000000110011110111111101001110100001001101
000000000000000000000000000000000000000000000000000000000000100000011010001000000010101111000000
000000000000000000000000000000000000000000000000000000000000111111101010010111010101101000111001
000000000000000000000000000000000000000000000000000000000000101100110010011011100010110001110101
000000000000000000000000000000000000000000000000000000000000000001011010001110011000000001000000
000000000000000000000000000000000000000000000000000000000000101110000010101110110100001001011110
000000000000000000000000000000000000000000000000000000000000001000010000101101011101110101011001
000000000000000000000000000000000000000000000000000000000000010111010111000000011100111001001011
000000000000000000000000000000000000000000000000000000000000111100011111100000111110010110100110
000000000000000000000000000000000000000000000000000000000000110110011100011011011100000101001010
000000000000000000000000000000000000000000000000000000000000100101010110000100100000111100100110
000000000000000000000000000000000000000000000000000000000000110111010111101010001100011101110101
000000000000000000000000000000000000000000000000000000000000110101001111110111001111000011110110
000000000000000000000000000000000000000000000000000000000000001000010001011001111110001111010001
000000000000000000000000000000000000000000000000000000000000101000111101110101011010101001011000
000000000000000000000000000000000000000000000000000000000000100001111000011001001111010111001000
000000000000000000000000000000000000000000000000000000000000111000101100000110111010011111001010
000000000000000000000000000000000000000000000000000000000000110010100000100000011100010101011110
000000000000000000000000000000000000000000000000000000000000110001001110101001011101000010011011
000000000000000000000000000000000000000000000000000000000000110100110011111011110100100111011000
000000000000000000000000000000000000000000000000000000000000111011001111110000111111110011000101
000000000000000000000000000000000000000000000000000000000000010011011011010100010101101001101100
000000000000000000000000000000000000000000000000000000000000111101010001110000011010000101010000
000000000000000000000000000000000000000000000000000000000000000100010110000010100111101111111001
000000000000000000000000000000000000000000000000000000000000010000011001100111100011010001010111
000000000000000000000000000000000000000000000000000000000000111000100100011111101100111001100110
000000000000000000000000000000000000000000000000000000000000011100110001010110100000010110010000
000000000000000000000000000000000000000000000000000000000000101001011100101100110110111000010100
000000000000000000000000000000000000000000000000000000000000000010011100110101001100100111100011
000000000000000000000000000000000000000000000000000000000000111010101111100100101011011010010010
000000000000000000000000000000000000000000000000000000000000000100110110110101101010100010101110
000000000000000000000000000000000000000000000000000000000000011000100000000110011111110010101111
000000000000000000000000000000000000000000000000000000000000000101010111010010100000100111111111
000000000000000000000000000000000000000000000000000000000000111001011001100011100011101001111011
000000000000000000000000000000000000000000000000000000000000111110010010110010001100100010011101
000000000000000000000000000000000000000000000000000000000000111111100011100010100111110111011001
000000000000000000000000000000000000000000000000000000000000110010011101011101010111011001101010
000000000000000000000000000000000000000000000000000000000000001000100011101010000110101010001011
000000000000000000000000000000000000000000000000000000000000011100101110110111101111010000011010
000000000000000000000000000000000000000000000000000000000000100000111011000010000111110101011001
000000000000000000000000000000000000000000000000000000000000010001011100111000101010001111010001
000000000000000000000000000000000000000000000000000000000000101000000100000001001100001011011011
000000000000000000000000000000000000000000000000000000000000000100010111010010000011101111100010
000000000000000000000000000000000000000000000000000000000000100001000100011101100000011100111001
000000000000000000000000000000000000000000000000000000000000101101100000000111010001010101100111
000000000000000000000000000000000000000000000000000000000000001101001100001001011000001001100101
000000000000000000000000000000000000000000000000000000000000000111110101101001011010100101000101
000000000000000000000000000000000000000000000000000000000000001011011000001000111111101101000011
000000000000000000000000000000000000000000000000000000000000111000110001101101000001110111010010
000000000000000000000000000000000000000000000000000000000000111111101010001101010000000001010001
000000000000000000000000000000000000000000000000000000000000001110101011000101100001101001011011
000000000000000000000000000000000000000000000000000000000000010000110101001111100100000010110011
000000000000000000000000000000000000000000000000000000000000110011010011000000000101011000110100
000000000000000000000000000000000000000000000000000000000000001110111010110011110111001110111101
000000000000000000000000000000000000000000000000000000000000100001011100110001010110101001000001
000000000000000000000000000000000000000000000000000000000000111110111110111101000101010110011110
000000000000000000000000000000000000000000000000000000000000111010100111100100110110111100101011
000000000000000000000000000000000000000000000000000000000000010101110110101000001110010100110010
000000000000000000000000000000000000000000000000000000000000001000100001100100111011110111100011
000000000000000000000000000000000000000000000000000000000000111110110011111000111110010111100110
000000000000000000000000000000000000000000000000000000000000011010000010001110011101101000110100
000000000000000000000000000000000000000000000000000000000000011110110001100110100101000011001100
000000000000000000000000000000000000000000000000000000000000011000000101011011000100011111111001
000000000000000000000000000000000000000000000000000000000000100001100001111110010101100010111100
000000000000000000000000000000000000000000000000000000000000000110010010111000001000011111011000
000000000000000000000000000000000000000000000000000000000000011101011010000101010010100011101110
000000000000000000000000000000000000000000000000000000000000110001001011010011011010011111101010
000000000000000000000000000000000000000000000000000000000000011011100110011110111110100101110110
000000000000000000000000000000000000000000000000000000000000001001010010010101100110101010010000
000000000000000000000000000000000000000000000000000000000000110010110000000011010011100010101110
000000000000000000000000000000000000000000000000000000000000100000011100010101001101010001001111
000000000000000000000000000000000000000000000000000000000000111110101000000011101010011110000110
000000000000000000000000000000000000000000000000000000000000011000100010111110001011011011010110
000000000000000000000000000000000000000000000000000000000000001100011001010000100010011100110000
000000000000000000000000000000000000000000000000000000000000111100000110000011001000001110010001
000000000000000000000000000000000000000000000000000000000000100111101101011010010101110000000100
000000000000000000000000000000000000000000000000000000000000000110010001111110100110100100000110
000000000000000000000000000000000000000000000000000000000000100110000111111000001100010001100011
000000000000000000000000000000000000000000000000000000000000001001111101101011011110011010110110
000000000000000000000000000000000000000000000000000000000000101100111001111111010000001000101111
000000000000000000000000000000000000000000000000000000000000100011011100010011011000010110100110
000000000000000000000000000000000000000000000000000000000000011001000100000111000100101111011010
000000000000000000000000000000000000000000000000000000000000110100001011010111100101011101000100
000000000000000000000000000000000000000000000000000000000000010001110101101010001100100101110101
000000000000000000000000000000000000000000000000000000000000000000011011101011011011100111111110
000000000000000000000000000000000000000000000000000000000000010100110110000000111110100100010110
000000000000000000000000000000000000000000000000000000000000110111111101000011010011011010011110
000000000000000000000000000000000000000000000000000000000000001110111010001100010001111101000111
000000000000000000000000000000000000000000000000000000000000001001010001100001110010011101110111
000000000000000000000000000000000000000000000000000000000000011110101101010010001010101001001111
000000000000000000000000000000000000000000000000000000000000010110011000011101010010011011111110
000000000000000000000000000000000000000000000000000000000000001100110111010101111010001101010000
000000000000000000000000000000000000000000000000000000000000100001100100110101100101000100110110
000000000000000000000000000000000000000000000000000000000000110110000111010101000001110111010010
000000000000000000000000000000000000000000000000000000000000110011111111110101000011011101000000
000000000000000000000000000000000000000000000000000000000000010011101100100111110101101010101011
000000000000000000000000000000000000000000000000000000000000110101001010001011100010011000101110
000000000000000000000000000000000000000000000000000000000000000001011110011010101001000000010001
000000000000000000000000000000000000000000000000000000000000101111110001111101000010001110011100
000000000000000000000000000000000000000000000000000000000000010011001100011000101010010001011111
000000000000000000000000000000000000000000000000000000000000011000001110100101111011100011001111
000000000000000000000000000000000000000000000000000000000000101000011011101111101001101110111101
000000000000000000000000000000000000000000000000000000000000010111101111100010110001110011001101
000000000000000000000000000000000000000000000000000000000000110111101001011010100011100111111011
000000000000000000000000000000000000000000000000000000000000010110001001010001000011011010101111
000000000000000000000000000000000000000000000000000000000000101110110010111100010001011001010011
000000000000000000000000000000000000000000000000000000000000010111000000011000110101100101000010
000000000000000000000000000000000000000000000000000000000000110010010111111101110111101100000100
000000000000000000000000000000000000000000000000000000000000001101110110010101011000101010001100
000000000000000000000000000000000000000000000000000000000000100001111101100011000001011101010010
000000000000000000000000000000000000000000000000000000000000100001101110101111110000010001001001
000000000000000000000000000000000000000000000000000000000000100101010110010100101111111010101111
000000000000000000000000000000000000000000000000000000000000101010000100001010000010001000101011
000000000000000000000000000000000000000000000000000000000000101100111111000110111000101111111111
000000000000000000000000000000000000000000000000000000000000001100000101101110010101001010100011
000000000000000000000000000000000000000000000000000000000000100101000101011001100011110011000011
000000000000000000000000000000000000000000000000000000000000111000000010011000000010001101110010
000000000000000000000000000000000000000000000000000000000000011110110010001101101000100101011101
000000000000000000000000000000000000000000000000000000000000111010011000100110100111101001101100
000000000000000000000000000000000000000000000000000000000000001110100111101011000110101001000110
000000000000000000000000000000000000000000000000000000000000111110010000111010010011101110100001
000000000000000000000000000000000000000000000000000000000000110001111101101010110101011010010110
000000000000000000000000000000000000000000000000000000000000100010101011100000001110101100110101
000000000000000000000000000000000000000000000000000000000000001100010101111101000110001111010001
000000000000000000000000000000000000000000000000000000000000010101111101001100000001000101111011
000000000000000000000000000000000000000000000000000000000000101001010000010111000000100010000111
000000000000000000000000000000000000000000000000000000000000111000100110011011001111111011000111
000000000000000000000000000000000000000000000000000000000000000000111111001011010111101111111001
000000000000000000000000000000000000000000000000000000000000110000000000010011011100011110000100
000000000000000000000000000000000000000000000000000000000000100010001011101001010110100110001001
000000000000000000000000000000000000000000000000000000000000000011111001001111011111111100000000
000000000000000000000000000000000000000000000000000000000000110101001011000110110000001100101101
000000000000000000000000000000000000000000000000000000000000100100101011110000000100010100110010
000000000000000000000000000000000000000000000000000000000000110010101000110111110000100000100011
000000000000000000000000000000000000000000000000000000000000111000000101010011011000011010100100
000000000000000000000000000000000000000000000000000000000000101001000001010000100001011101010001
000000000000000000000000000000000000000000000000000000000000011111110111101000010101010000010001
000000000000000000000000000000000000000000000000000000000000001101111010100101011010001011010001
000000000000000000000000000000000000000000000000000000000000001111101001001100001110011000111011
000000000000000000000000000000000000000000000000000000000000111101011111011011001000100110011001
000000000000000000000000000000000000000000000000000000000000010010011010010000101000010001001000
000000000000000000000000000000000000000000000000000000000000110000010110110111111110011010100000
000000000000000000000000000000000000000000000000000000000000010011100010111110000100010010111001
000000000000000000000000000000000000000000000000000000000000100011001100001010001000011011000101
000000000000000000000000000000000000000000000000000000000000010011001011101110110101011101100010
000000000000000000000000000000000000000000000000000000000000000011110010010010110001111110011010
000000000000000000000000000000000000000000000000000000000000101100110111010101010000111011001101
000000000000000000000000000000000000000000000000000000000000010001110001001001101001110110011100
000000000000000000000000000000000000000000000000000000000000111111100110011010100101010111100011
000000000000000000000000000000000000000000000000000000000000101101010010011011101100000011010110
000000000000000000000000000000000000000000000000000000000000101110111111110000111101111000000111
000000000000000000000000000000000000000000000000000000000000011101110111011101101101100010000101
000000000000000000000000000000000000000000000000000000000000110001000110000110101100111111110001
000000000000000000000000000000000000000000000000000000000000111111000110010011101001101110100111
000000000000000000000000000000000000000000000000000000000000011011110001100000100000011101110001
000000000000000000000000000000000000000000000000000000000000111000011101100100001111100010000101
000000000000000000000000000000000000000000000000000000000000001101110000011000001010000111010001
000000000000000000000000000000000000000000000000000000000000000100010000101010100010100001001101
000000000000000000000000000000000000000000000000000000000000001011111001110000101011111001101010
000000000000000000000000000000000000000000000000000000000000000000001110110000100010101001010101
000000000000000000000000000000000000000000000000000000000000000101101110011111111101111110110110
000000000000000000000000000000000000000000000000000000000000010110000010000011101010111011101010
000000000000000000000000000000000000000000000000000000000000001110100101010011001111111010001111
000000000000000000000000000000000000000000000000000000000000010000110001011111100100110110111110
000000000000000000000000000000000000000000000000000000000000111010111111110111001010101101101001
000000000000000000000000000000000000000000000000000000000000100110100100101011000110010111101010
000000000000000000000000000000000000000000000000000000000000011010100000101100000111011001010101
000000000000000000000000000000000000000000000000000000000000101000000010100001100111110000111111
000000000000000000000000000000000000000000000000000000000000100000110011111010011100001101000110
000000000000000000000000000000000000000000000000000000000000011101110100111111010110001000010101
000000000000000000000000000000000000000000000000000000000000111000110101110111000000010010010110
000000000000000000000000000000000000000000000000000000000000111001001111010111001001111000111000
000000000000000000000000000000000000000000000000000000000000000110110010100100011100001010011111
000000000000000000000000000000000000000000000000000000000000001100001110111000101001111110000001
000000000000000000000000000000000000000000000000000000000000111101101100100010001000101011110011
000000000000000000000000000000000000000000000000000000000000010001100111101100011110001110001011
000000000000000000000000000000000000000000000000000000000000111000011011011000000101010101100110
000000000000000000000000000000000000000000000000000000000000100111111100111001110010000010110111
000000000000000000000000000000000000000000000000000000000000111111110101111100110110101111011001
000000000000000000000000000000000000000000000000000000000000100010111000001101000110011100010110
000000000000000000000000000000000000000000000000000000000000100000111100101101101110111010100111
000000000000000000000000000000000000000000000000000000000000101000100010000001101100110011000011
000000000000000000000000000000000000000000000000000000000000001110000101110010001000111011110011
000000000000000000000000000000000000000000000000000000000000101101101001011100101010001101010110
000000000000000000000000000000000000000000000000000000000000011100110010000100111001010011101001
000000000000000000000000000000000000000000000000000000000000110101011101011011001101111101100000
000000000000000000000000000000000000000000000000000000000000011100000011110111111001010001001110
000000000000000000000000000000000000000000000000000000000000001001001110100100011001010011000100
000000000000000000000000000000000000000000000000000000000000001010010110001100000101101100100001
000000000000000000000000000000000000000000000000000000000000110100001101000011011011001010101111
000000000000000000000000000000000000000000000000000000000000011110010000110101011110001011000011
000000000000000000000000000000000000000000000000000000000000110101110110010011101010001010001000
000000000000000000000000000000000000000000000000000000000000100010100110000000000101110011000011
000000000000000000000000000000000000000000000000000000000000010000011011111010100001000110101111
000000000000000000000000000000000000000000000000000000000000100100100110111011110000111100111101
000000000000000000000000000000000000000000000000000000000000110111001111010111110111100001011101
000000000000000000000000000000000000000000000000000000000000000110000100000111010011010000111000
000000000000000000000000000000000000000000000000000000000000000010010110000100101011011111010010
000000000000000000000000000000000000000000000000000000000000000011011000100001000010110010000010
000000000000000000000000000000000000000000000000000000000000111011111101001000111011111000011000
000000000000000000000000000000000000000000000000000000000000000011101001100000000100010111010110
000000000000000000000000000000000000000000000000000000000000000101101110100110100011001000010001
000000000000000000000000000000000000000000000000000000000000010000011100011000110111111001110011
000000000000000000000000000000000000000000000000000000000000110011011001010001111110001001011011
000000000000000000000000000000000000000000000000000000000000001110111011000000001010010010110100
000000000000000000000000000000000000000000000000000000000000000110101110100110011111110100011100
000000000000000000000000000000000000000000000000000000000000001010001111101010110110011000000000
000000000000000000000000000000000000000000000000000000000000000010000000000111000111001010101011
000000000000000000000000000000000000000000000000000000000000100011100000100010000011001110011111
000000000000000000000000000000000000000000000000000000000000101001011010010100100011101000101011
000000000000000000000000000000000000000000000000000000000000101110100100011001010000010110011001
000000000000000000000000000000000000000000000000000000000000100100001011110111100111010110001001
000000000000000000000000000000000000000000000000000000000000011100001000000111110010101001110100
000000000000000000000000000000000000000000000000000000000000000010100101011100110011001101100000
000000000000000000000000000000000000000000000000000000000000111101111000011111000011111010101000
000000000000000000000000000000000000000000000000000000000000110000100010011111100001100001100010
000000000000000000000000000000000000000000000000000000000000000000111001101100100000110110101100
000000000000000000000000000000000000000000000000000000000000101111010000101001010011111000100110
000000000000000000000000000000000000000000000000000000000000011010010010011111101011000111111010
000000000000000000000000000000000000000000000000000000000000111010011100010000101001000000011111
000000000000000000000000000000000000000000000000000000000000100010110011010110110000001011111101
000000000000000000000000000000000000000000000000000000000000111010110010011110010000001010100100
000000000000000000000000000000000000000000000000000000000000001001010110000110100011100100100101
000000000000000000000000000000000000000000000000000000000000101011101110110011000011001111101001
000000000000000000000000000000000000000000000000000000000000011100010100101111001111110110010110
000000000000000000000000000000000000000000000000000000000000101111100110101101111100101110111100
000000000000000000000000000000000000000000000000000000000000010011111000010011011011100011110001
000000000000000000000000000000000000000000000000000000000000011011110000011011000101010000100110
000000000000000000000000000000000000000000000000000000000000000010111100100010101001100110010011
000000000000000000000000000000000000000000000000000000000000001100100100001011110010110000101010
000000000000000000000000000000000000000000000000000000000000101111111110101100010110000011111110
000000000000000000000000000000000000000000000000000000000000010011100010000001000101010100101110
000000000000000000000000000000000000000000000000000000000000010010001111000111011000011111010010
000000000000000000000000000000000000000000000000000000000000011000010011100100000001001001011111
000000000000000000000000000000000000000000000000000000000000111000000110001010011111010010111111
000000000000000000000000000000000000000000000000000000000000101111111011001111011110111111000111
000000000000000000000000000000000000000000000000000000000000011010000111101110110110011111011000
000000000000000000000000000000000000000000000000000000000000111001001110110111010101001111100011
000000000000000000000000000000000000000000000000000000000000000001101011100000100100010010100110
000000000000000000000000000000000000000000000000000000000000001110011111100010011101110010011110
000000000000000000000000000000000000000000000000000000000000101100011111000100010010110000110010
000000000000000000000000000000000000000000000000000000000000000110111111110110001101011001111100
000000000000000000000000000000000000000000000000000000000000001101110010100100110000110101111011
000000000000000000000000000000000000000000000000000000000000100000110101100001111111110011101001
000000000000000000000000000000000000000000000000000000000000001101101000011001011110100011100101
000000000000000000000000000000000000000000000000000000000000101110111010010001010001111001011110
000000000000000000000000000000000000000000000000000000000000011010110110110101110110110010101110
000000000000000000000000000000000000000000000000000000000000111110011100111101001010100110011011
000000000000000000000000000000000000000000000000000000000000001100100011111011001101101110101010
000000000000000000000000000000000000000000000000000000000000101010110111010011100000111001111010
000000000000000000000000000000000000000000000000000000000000111011111010110111001001110010000011
000000000000000000000000000000000000000000000000000000000000100011011001101000101100000011001100
000000000000000000000000000000000000000000000000000000000000010010110110101111110110110000101110
000000000000000000000000000000000000000000000000000000000000001101010110000100100111111101000100
000000000000000000000000000000000000000000000000000000000000011110011001010011001000111100010111
000000000000000000000000000000000000000000000000000000000000011101101100010110000110000101011011
000000000000000000000000000000000000000000000000000000000000110011001011010011101100011100100001
000000000000000000000000000000000000000000000000000000000000010001001100110001100101100010110000
000000000000000000000000000000000000000000000000000000000000110000011001001101011010000101111010
000000000000000000000000000000000000000000000000000000000000011010011110110000010000101000111111
000000000000000000000000000000000000000000000000000000000000001011111100100110111011010011000100
000000000000000000000000000000000000000000000000000000000000110110100010100100001100111101011010
000000000000000000000000000000000000000000000000000000000000110110100000111001000110111101010110
000000000000000000000000000000000000000000000000000000000000100111100110100100000011111110001100
000000000000000000000000000000000000000000000000000000000000011110100110100101100100001001001100
000000000000000000000000000000000000000000000000000000000000110101110100000111011110110111001000
000000000000000000000000000000000000000000000000000000000000001110110010111110101000111001001100
000000000000000000000000000000000000000000000000000000000000110111010011011010111101111101000101
000000000000000000000000000000000000000000000000000000000000100100110110011100101000101000111000
000000000000000000000000000000000000000000000000000000000000001111101000010111100100100110000000
000000000000000000000000000000000000000000000000000000000000111100000001000011001011000011000101
000000000000000000000000000000000000000000000000000000000000000111100100111001000010100011101100
000000000000000000000000000000000000000000000000000000000000101011101110010010110001111111101001
000000000000000000000000000000000000000000000000000000000000110110101000001111110000110110010001
000000000000000000000000000000000000000000000000000000000000011000010101001110110010100101001110
000000000000000000000000000000000000000000000000000000000000011000001101101001011011010000111101
000000000000000000000000000000000000000000000000000000000000000011100110010101011000011001000000
000000000000000000000000000000000000000000000000000000000000010110100110001001111010101010110100
000000000000000000000000000000000000000000000000000000000000111011010010001111100101000011111001
000000000000000000000000000000000000000000000000000000000000010010010110101111110110100111010111
000000000000000000000000000000000000000000000000000000000000101100100010111111111101110110111001
000000000000000000000000000000000000000000000000000000000000000000100011000001010100011110100111
000000000000000000000000000000000000000000000000000000000000011011001111000101001100000111011000
000000000000000000000000000000000000000000000000000000000000101011101000010000101101010100100110
000000000000000000000000000000000000000000000000000000000000000011010110100111101000001001010001
000000000000000000000000000000000000000000000000000000000000001011100100001011010001110011001110
000000000000000000000000000000000000000000000000000000000000101010111001100010100010111101111011
000000000000000000000000000000000000000000000000000000000000001100010010110111011011010000000010
000000000000000000000000000000000000000000000000000000000000010110001101010001100110010101011010
000000000000000000000000000000000000000000000000000000000000110111110010100110011001101001010011
000000000000000000000000000000000000000000000000000000000000010111101110111110101000111001111100
000000000000000000000000000000000000000000000000000000000000111010000001010011111110000001000001
000000000000000000000000000000000000000000000000000000000000111111011111100011100011001000101101
000000000000000000000000000000000000000000000000000000000000101111110001011100001111011001001111
000000000000000000000000000000000000000000000000000000000000000111110010110011001101101111101100
000000000000000000000000000000000000000000000000000000000000100111000110010110100100000110100001
000000000000000000000000000000000000000000000000000000000000000110001000101100100001101101010101
000000000000000000000000000000000000000000000000000000000000101110111111110100010100001010111100
000000000000000000000000000000000000000000000000000000000000101110000110111001111100100110101000
000000000000000000000000000000000000000000000000000000000000111001111000010001110100111010011000
000000000000000000000000000000000000000000000000000000000000010101111010111100101000000011000000
000000000000000000000000000000000000000000000000000000000000101010110101000100100111010000110100
000000000000000000000000000000000000000000000000000000000000011110111010010001111101100010111100
000000000000000000000000000000000000000000000000000000000000101000000111100011101001001100110111
000000000000000000000000000000000000000000000000000000000000001111000000101010100110100000011100
000000000000000000000000000000000000000000000000000000000000111011110101000011101111010110101111
000000000000000000000000000000000000000000000000000000000000111010001010100110001000101111010010
000000000000000000000000000000000000000000000000000000000000010110001001100110011110010111111011
000000000000000000000000000000000000000000000000000000000000101010100010101100111101001011000011
000000000000000000000000000000000000000000000000000000000000111100000000111000110000000000001100
000000000000000000000000000000000000000000000000000000000000100111111011110100110010011010011000
000000000000000000000000000000000000000000000000000000000000111011110011111101010111100011101010
000000000000000000000000000000000000000000000000000000000000011001011111101110011000111100101100
000000000000000000000000000000000000000000000000000000000000000100010001001100110101100101101011
000000000000000000000000000000000000000000000000000000000000100111111010111100100000100111100001
000000000000000000000000000000000000000000000000000000000000100011011010001100100000110101100100
000000000000000000000000000000000000000000000000000000000000011000000101001011101000101111000001
000000000000000000000000000000000000000000000000000000000000101111110110111010011101111000101001
000000000000000000000000000000000000000000000000000000000000010100101000000000101011001010101101
000000000000000000000000000000000000000000000000000000000000100111101000111110000001000111011101
000000000000000000000000000000000000000000000000000000000000011111011111010100011111000000100010
000000000000000000000000000000000000000000000000000000000000011101010101111111011000101000100110
000000000000000000000000000000000000000000000000000000000000001010110000001001000111101001001001
000000000000000000000000000000000000000000000000000000000000100111111010011110010101011110011000
000000000000000000000000000000000000000000000000000000000000011101010000101111110100101011000010
000000000000000000000000000000000000000000000000000000000000100000100111001000111000011101011000
000000000000000000000000000000000000000000000000000000000000110111010111001100001101000011111001
000000000000000000000000000000000000000000000000000000000000011100010111100110111111111110110100
000000000000000000000000000000000000000000000000000000000000101010000010011011100011001001000010
000000000000000000000000000000000000000000000000000000000000000010001011110100001100011101110110
000000000000000000000000000000000000000000000000000000000000010101011001011010111101010011100010
000000000000000000000000000000000000000000000000000000000000100110110111110100101000001101100100
000000000000000000000000000000000000000000000000000000000000011110101011101100111000111111100010
000000000000000000000000000000000000000000000000000000000000100100000100110001101001101101001101
000000000000000000000000000000000000000000000000000000000000101100010010101110000101101100010110
000000000000000000000000000000000000000000000000000000000000100111001001001101111101001111001110
000000000000000000000000000000000000000000000000000000000000101011100010101111001010111101010110
000000000000000000000000000000000000000000000000000000000000000000111100000010100001110101000101
000000000000000000000000000000000000000000000000000000000000000010100010010100101100101111011011
000000000000000000000000000000000000000000000000000000000000111110101000000101101010110011011110
000000000000000000000000000000000000000000000000000000000000111011000100100110001100101110001110
000000000000000000000000000000000000000000000000000000000000011001110000001111000011011110111111
000000000000000000000000000000000000000000000000000000000000010101011100011111100011111000110000
000000000000000000000000000000000000000000000000000000000000100010100001000011000010000011000111
000000000000000000000000000000000000000000000000000000000000110010110111001110010101010111011101
000000000000000000000000000000000000000000000000000000000000101001101101011110010001110110110011
000000000000000000000000000000000000000000000000000000000000101011101010001111000111111111011000
000000000000000000000000000000000000000000000000000000000000111000011001111100011111100110101000
000000000000000000000000000000000000000000000000000000000000111011000001111011100111100000001110
000000000000000000000000000000000000000000000000000000000000000110100101011000110011001111011010
000000000000000000000000000000000000000000000000000000000000000110001101111110001101110111010010
000000000000000000000000000000000000000000000000000000000000001110101110011000001100011100101010
000000000000000000000000000000000000000000000000000000000000111101000011001010101110111110111001
000000000000000000000000000000000000000000000000000000000000101101110101101111000011011000011011
000000000000000000000000000000000000000000000000000000000000010111100011000011000100000100011011
000000000000000000000000000000000000000000000000000000000000110011010000011000101110011110101000
000000000000000000000000000000000000000000000000000000000000101100001000011011011000010101101010
000000000000000000000000000000000000000000000000000000000000101101100001101001110100010001000010
000000000000000000000000000000000000000000000000000000000000110111111100010001000101100001111111
000000000000000000000000000000000000000000000000000000000000000000001100100001110110111011010100
000000000000000000000000000000000000000000000000000000000000111101000110000101011101011011000010
000000000000000000000000000000000000000000000000000000000000000010101010011111111001111011100100
000000000000000000000000000000000000000000000000000000000000100010101110100010110110000010111100
000000000000000000000000000000000000000000000000000000000000000100101001001110110010100101110010
000000000000000000000000000000000000000000000000000000000000110110100011010010011101010000111011
000000000000000000000000000000000000000000000000000000000000100010111101100000110100111010011011
000000000000000000000000000000000000000000000000000000000000100000001110111101111010110100101101
000000000000000000000000000000000000000000000000000000000000000001011101111000101101011010010011
000000000000000000000000000000000000000000000000000000000000100010110010101111011111011111111100
000000000000000000000000000000000000000000000000000000000000010111001110011101101111110011101010
000000000000000000000000000000000000000000000000000000000000110110110110010010110001011001100100
000000000000000000000000000000000000000000000000000000000000110011000010111001110001100111101111
000000000000000000000000000000000000000000000000000000000000010111001001001010001000111011110101
000000000000000000000000000000000000000000000000000000000000111010100111000010101000100010010111
000000000000000000000000000000000000000000000000000000000000110000001001010100011000110101101001
000000000000000000000000000000000000000000000000000000000000000110001010111111100100000001001011
000000000000000000000000000000000000000000000000000000000000100100001001100001101101011010110100
000000000000000000000000000000000000000000000000000000000000000000111101101111010111001101101100
000000000000000000000000000000000000000000000000000000000000001111100101101110111001101101011011
000000000000000000000000000000000000000000000000000000000000010011100000010101111100111110011100
000000000000000000000000000000000000000000000000000000000000001001010111100110110001111010101101
000000000000000000000000000000000000000000000000000000000000010001100101001001110100111001001001
000000000000000000000000000000000000000000000000000000000000010101110110000110110111011101010101
000000000000000000000000000000000000000000000000000000000000100111001011100111110100100001000110
000000000000000000000000000000000000000000000000000000000000101110100001000001001001110010100110
000000000000000000000000000000000000000000000000000000000000011011111010000101001100110011100101
000000000000000000000000000000000000000000000000000000000000011000011100010011110011011011110110
000000000000000000000000000000000000000000000000000000000000110100010111001010010000111101010100
000000000000000000000000000000000000000000000000000000000000110011111100111101101010011011100101
000000000000000000000000000000000000000000000000000000000000001000101110001111110101010010101001
000000000000000000000000000000000000000000000000000000000000010000100110001110100001001000111010
000000000000000000000000000000000000000000000000000000000000010100110100111110000011001101011001
000000000000000000000000000000000000000000000000000000000000001000001101110111011101101111110111
000000000000000000000000000000000000000000000000000000000000100001111100101100100101101010110010
000000000000000000000000000000000000000000000000000000000000110010111100011101010000101100101000
000000000000000000000000000000000000000000000000000000000000110001000000110111101110000000001110
000000000000000000000000000000000000000000000000000000000000000010010010001101111100110100100101
000000000000000000000000000000000000000000000000000000000000111010000110110101000011111001000100
000000000000000000000000000000000000000000000000000000000000101000000010000001001010001000111110
000000000000000000000000000000000000000000000000000000000000010000011000000011010001011101100010
000000000000000000000000000000000000000000000000000000000000111111000111111010001001001111101110
000000000000000000000000000000000000000000000000000000000000111001101111101101011001010100010110
000000000000000000000000000000000000000000000000000000000000011110111100100111101111010011110100
000000000000000000000000000000000000000000000000000000000000010010010000000100011111101011001010
000000000000000000000000000000000000000000000000000000000000010001101111100001010010110000001000
000000000000000000000000000000000000000000000000000000000000111101110000100001111100100111100001
000000000000000000000000000000000000000000000000000000000000000010011010001100011011010000101110
000000000000000000000000000000000000000000000000000000000000100001011011011101001110011100110000
000000000000000000000000000000000000000000000000000000000000000100110111001110100011001000101010
000000000000000000000000000000000000000000000000000000000000100101101111100001111000110110001101
000000000000000000000000000000000000000000000000000000000000111110001001011110110000110010010100
000000000000000000000000000000000000000000000000000000000000011000110001100001001011011000010110
000000000000000000000000000000000000000000000000000000000000111011010011000110110000001000000101
000000000000000000000000000000000000000000000000000000000000111111011100101001000100100101000011
000000000000000000000000000000000000000000000000000000000000101001100100000100000110001100100000
000000000000000000000000000000000000000000000000000000000000100010100100011100101101111011011101
000000000000000000000000000000000000000000000000000000000000011010010000000010010000010111000011
000000000000000000000000000000000000000000000000000000000000010101100101110011111111000001110000
000000000000000000000000000000000000000000000000000000000000001110000010101001001101101010100011
000000000000000000000000000000000000000000000000000000000000101100001010001010001010111001010100
000000000000000000000000000000000000000000000000000000000000111010001000011010010010010001100001
000000000000000000000000000000000000000000000000000000000000001011010000110000111011110011010110
000000000000000000000000000000000000000000000000000000000000111111000111111011110111011010011001
000000000000000000000000000000000000000000000000000000000000000101111011000110101101111000101111
000000000000000000000000000000000000000000000000000000000000101101000000010001000001010000001100
000000000000000000000000000000000000000000000000000000000000010010111010001101000001100010110110
000000000000000000000000000000000000000000000000000000000000100001110111111101110010001010100100
000000000000000000000000000000000000000000000000000000000000101100100101000101000100000011111011
000000000000000000000000000000000000000000000000000000000000110101111100111111100011100010110011
000000000000000000000000000000000000000000000000000000000000001010110010111000001011101111101011
000000000000000000000000000000000000000000000000000000000000011001100001001001010010110001000011
000000000000000000000000000000000000000000000000000000000000001001111111010001110001011101010000
000000000000000000000000000000000000000000000000000000000000101001010110000100100001110111000000
000000000000000000000000000000000000000000000000000000000000010010010010101110010100110111111101
000000000000000000000000000000000000000000000000000000000000101111000000111011011100011101010100
000000000000000000000000000000000000000000000000000000000000111101101101010011011010110000010001
000000000000000000000000000000000000000000000000000000000000100111010110011101101101100111011010
000000000000000000000000000000000000000000000000000000000000011101000100011000111110100100101001
000000000000000000000000000000000000000000000000000000000000001111011100010101010110000111011111
000000000000000000000000000000000000000000000000000000000000011011010001011001000100011110111110
000000000000000000000000000000000000000000000000000000000000000000001010010010100000110111010000
000000000000000000000000000000000000000000000000000000000000110100011111111111001010110010101110
000000000000000000000000000000000000000000000000000000000000011101110001100101101001001110110111
000000000000000000000000000000000000000000000000000000000000001000100101110101101010000111110011
000000000000000000000000000000000000000000000000000000000000110000011110000011010011101000010101
000000000000000000000000000000000000000000000000000000000000100011001001100111101000110001110000
000000000000000000000000000000000000000000000000000000000000001111001101001111111101011101001100
000000000000000000000000000000000000000000000000000000000000101001001101101100110000101111111110
000000000000000000000000000000000000000000000000000000000000001000100100101110010100110010110011
000000000000000000000000000000000000000000000000000000000000010010011101101010101111110011100110
000000000000000000000000000000000000000000000000000000000000110010110010110010011101111110101001
000000000000000000000000000000000000000000000000000000000000000111000111100100101101111011011111
000000000000000000000000000000000000000000000000000000000000011011000011111010011010010111110011
000000000000000000000000000000000000000000000000000000000000001001010111011010101111100110110110
000000000000000000000000000000000000000000000000000000000000011111101000101111100111100000110101
000000000000000000000000000000000000000000000000000000000000000101010011101011101000011101111010
000000000000000000000000000000000000000000000000000000000000010010101000001111111000011000001000
000000000000000000000000000000000000000000000000000000000000001000100010110100101001101111111011
000000000000000000000000000000000000000000000000000000000000001011100111001111110000101111011011
000000000000000000000000000000000000000000000000000000000000000000000010000000010110110101001101
000000000000000000000000000000000000000000000000000000000000010101100000101011000000100111111001
000000000000000000000000000000000000000000000000000000000000001111110000001011011010010110010100
000000000000000000000000000000000000000000000000000000000000111110110011010001101010110110111010
000000000000000000000000000000000000000000000000000000000000100000110110001001011000011010111010
000000000000000000000000000000000000000000000000000000000000110011010011111010011011010101111001
000000000000000000000000000000000000000000000000000000000000000101100100101111010001111101101111
000000000000000000000000000000000000000000000000000000000000010011100101111100001001011011011110
000000000000000000000000000000000000000000000000000000000000111001110000011111100100101011000001
000000000000000000000000000000000000000000000000000000000000101011010111001000101010100101010011
000000000000000000000000000000000000000000000000000000000000010100110000111111111000100010001101
000000000000000000000000000000000000000000000000000000000000010010110000001100000010111010110000
000000000000000000000000000000000000000000000000000000000000101111111100001001110111010110110010
000000000000000000000000000000000000000000000000000000000000000111001011110001011100110010101100
000000000000000000000000000000000000000000000000000000000000000001111000001010111101101011010000
000000000000000000000000000000000000000000000000000000000000110110001101000011010100000000110100
000000000000000000000000000000000000000000000000000000000000000101010110111110111110110010001100
000000000000000000000000000000000000000000000000000000000000111011100011000101111101100011100010
000000000000000000000000000000000000000000000000000000000000000010011000110111111101100110111111
000000000000000000000000000000000000000000000000000000000000101101101010100000001001111010101110
000000000000000000000000000000000000000000000000000000000000001000110011100100101101011111101001
000000000000000000000000000000000000000000000000000000000000111111111111001111000111110010111110
000000000000000000000000000000000000000000000000000000000000010000001110000001010010110010010101
000000000000000000000000000000000000000000000000000000000000110001011110010101101011111010000100
000000000000000000000000000000000000000000000000000000000000110100111100111000000101101111110011
000000000000000000000000000000000000000000000000000000000000110110011011011111000111000000100100
000000000000000000000000000000000000000000000000000000000000010101011010101110110010100000101111
000000000000000000000000000000000000000000000000000000000000000010000011100101010101101111110111
000000000000000000000000000000000000000000000000000000000000010100111111001111110100010010010110
000000000000000000000000000000000000000000000000000000000000011011010110101110111101001111001010
000000000000000000000000000000000000000000000000000000000000110011100000100010111110101001010010
000000000000000000000000000000000000000000000000000000000000001110110110100001001011001100110111
000000000000000000000000000000000000000000000000000000000000100010000101110101000001100101101000
000000000000000000000000000000000000000000000000000000000000000001001100111110101011110101101011
000000000000000000000000000000000000000000000000000000000000011101000010000010010011111110110001
000000000000000000000000000000000000000000000000000000000000011010000010000001110011111010101010
000000000000000000000000000000000000000000000000000000000000010011010110100011010111111011011110
000000000000000000000000000000000000000000000000000000000000000101010001011100001010000010011010
000000000000000000000000000000000000000000000000000000000000001001111110000110111001001101101100
000000000000000000000000000000000000000000000000000000000000001011100010101011001110101100110000
000000000000000000000000000000000000000000000000000000000000010101101000011110101011111000011001
000000000000000000000000000000000000000000000000000000000000100110011111100011111011111011010000
000000000000000000000000000000000000000000000000000000000000001010001010110001101101001111010010
000000000000000000000000000000000000000000000000000000000000101100101010100001001110011110100011
000000000000000000000000000000000000000000000000000000000000100100000101100011000101001111111000
000000000000000000000000000000000000000000000000000000000000101101000101100010111001100100110000
000000000000000000000000000000000000000000000000000000000000000100000111011101010110100011101001
000000000000000000000000000000000000000000000000000000000000010011111010010100100101111100010110
000000000000000000000000000000000000000000000000000000000000000101010111000011001011010100001000
000000000000000000000000000000000000000000000000000000000000111011111010010101110110111111100011
000000000000000000000000000000000000000000000000000000000000010011011100001010011001010000011100
000000000000000000000000000000000000000000000000000000000000110100011000011110101011101110011011
000000000000000000000000000000000000000000000000000000000000100110111111010010010100000010100010
000000000000000000000000000000000000000000000000000000000000101101101000000100010100011101111000
000000000000000000000000000000000000000000000000000000000000010001000101110001110010000100010011
000000000000000000000000000000000000000000000000000000000000111010110100101000011100100111000111
000000000000000000000000000000000000000000000000000000000000010000011001111001000110100000111001
000000000000000000000000000000000000000000000000000000000000111111100000111110000000000110010101
000000000000000000000000000000000000000000000000000000000000110010010101110111101101100001001110
000000000000000000000000000000000000000000000000000000000000110001010100001011011101111000011000
000000000000000000000000000000000000000000000000000000000000100100001001001111111000011110001011
000000000000000000000000000000000000000000000000000000000000100110110101001011111000111100100001
000000000000000000000000000000000000000000000000000000000000110111010101011001100100101000011001
000000000000000000000000000000000000000000000000000000000000100011001100101011001100000010111111
000000000000000000000000000000000000000000000000000000000000001001011110110111110001000000110010
000000000000000000000000000000000000000000000000000000000000111111110010110101110001110011000001
000000000000000000000000000000000000000000000000000000000000000110100010011010011111011010101111
000000000000000000000000000000000000000000000000000000000000000101011100001000011111011101010100
000000000000000000000000000000000000000000000000000000000000111001111001011101010010001011101100
000000000000000000000000000000000000000000000000000000000000010101000000101100100000111010100000
000000000000000000000000000000000000000000000000000000000000110010000100000001100011001100101010
000000000000000000000000000000000000000000000000000000000000001010000101100010100110101110111010
000000000000000000000000000000000000000000000000000000000000010101000010011111011100110110110001
000000000000000000000000000000000000000000000000000000000000110011001100010001101101010101001110
000000000000000000000000000000000000000000000000000000000000100011110011010111000011000110001110
000000000000000000000000000000000000000000000000000000000000001000111111010000010101110111011011
000000000000000000000000000000000000000000000000000000000000111010100000001110111010000001100011
000000000000000000000000000000000000000000000000000000000000101111101010000010100000001000111001
000000000000000000000000000000000000000000000000000000000000001110101011110100000101110101110100
000000000000000000000000000000000000000000000000000000000000110000100000001000111100101010011111
000000000000000000000000000000000000000000000000000000000000001110001110010111011101111000010011
000000000000000000000000000000000000000000000000000000000000101110010000000001110111001011011011
000000000000000000000000000000000000000000000000000000000000001011010000111000011000100100000101
000000000000000000000000000000000000000000000000000000000000110110110101001011011000001100010010
000000000000000000000000000000000000000000000000000000000000000010001101100101111010110100000101
000000000000000000000000000000000000000000000000000000000000101111000111001011000100011010000100
000000000000000000000000000000000000000000000000000000000000011101101000101010100111010010000011
000000000000000000000000000000000000000000000000000000000000110011011110001010000100010001110001
000000000000000000000000000000000000000000000000000000000000000111000101110100111011011000011101
000000000000000000000000000000000000000000000000000000000000010101000101111001110000000010010011
000000000000000000000000000000000000000000000000000000000000011100110111100010100010100000011100
000000000000000000000000000000000000000000000000000000000000000101010100010111010001111000110110
000000000000000000000000000000000000000000000000000000000000100100110000001000101010100010100110
000000000000000000000000000000000000000000000000000000000000111010001001000100001111000001010011
000000000000000000000000000000000000000000000000000000000000001010010100000111000101101000111100
000000000000000000000000000000000000000000000000000000000000010111010011110100000100001110010110
000000000000000000000000000000000000000000000000000000000000011000001101110010101010001100111100
000000000000000000000000000000000000000000000000000000000000101010111100111011101110010101110100
000000000000000000000000000000000000000000000000000000000000101111001010100110110000110101010011
000000000000000000000000000000000000000000000000000000000000011100100100101101111010001110111000
000000000000000000000000000000000000000000000000000000000000101101001001100000000101110011111001
000000000000000000000000000000000000000000000000000000000000011111011100010010001101100100100001
000000000000000000000000000000000000000000000000000000000000110100000011000101010011110001110110
000000000000000000000000000000000000000000000000000000000000001101100011111111000101000001011111
000000000000000000000000000000000000000000000000000000000000000101011011101111110011010100101001
000000000000000000000000000000000000000000000000000000000000111011010110011010010111010000111010
000000000000000000000000000000000000000000000000000000000000010101101000100111000000110010010100
000000000000000000000000000000000000000000000000000000000000100101101110000100100111000010111011
000000000000000000000000000000000000000000000000000000000000111011100000010100001100101101010011
000000000000000000000000000000000000000000000000000000000000101101010100100110000100011011110001
000000000000000000000000000000000000000000000000000000000000100010111100100011000011000100011110
000000000000000000000000000000000000000000000000000000000000000101111001101011100010010111111000
000000000000000000000000000000000000000000000000000000000000101010100110110101010001011011100000
000000000000000000000000000000000000000000000000000000000000101011000001011001000100111100100001
000000000000000000000000000000000000000000000000000000000000000000001000100000100000111010110111
000000000000000000000000000000000000000000000000000000000000110100001010110011101110101111000110
000000000000000000000000000000000000000000000000000000000000110010011011011101110010001001101010
000000000000000000000000000000000000000000000000000000000000111010001100001000100101100000100110
000000000000000000000000000000000000000000000000000000000000000100011000111101000011111010001001
000000000000000000000000000000000000000000000000000000000000110001000001000100111110011110100010
000000000000000000000000000000000000000000000000000000000000100000111010110101101001111101110010
000000000000000000000000000000000000000000000000000000000000001111010101011000110000111101011001
000000000000000000000000000000000000000000000000000000000000010100000100101111001000101001001110
000000000000000000000000000000000000000000000000000000000000011110111010011110001100100000001111
000000000000000000000000000000000000000000000000000000000000001100100101010100001011011100000001
000000000000000000000000000000000000000000000000000000000000111111010001111000111111110110000100
000000000000000000000000000000000000000000000000000000000000100101111010111111011110000101011010
000000000000000000000000000000000000000000000000000000000000111010100100101011111101010000101101
000000000000000000000000000000000000000000000000000000000000111110110100100001100111101011110011
000000000000000000000000000000000000000000000000000000000000010111100100001111011011011000001100
000000000000000000000000000000000000000000000000000000000000100100011011000110110001101101100000
000000000000000000000000000000000000000000000000000000000000001101011000001111011010110101010101
000000000000000000000000000000000000000000000000000000000000001111110100110111001100000110000110
000000000000000000000000000000000000000000000000000000000000000110001111101010010010100100100011
000000000000000000000000000000000000000000000000000000000000101101111111101100000000110100000111
000000000000000000000000000000000000000000000000000000000000111010010111111011000001101010100111
000000000000000000000000000000000000000000000000000000000000000111100101110110100011110110011110
000000000000000000000000000000000000000000000000000000000000111010101010001011010111001100100100
000000000000000000000000000000000000000000000000000000000000110010101011110000111100101101010010
000000000000000000000000000000000000000000000000000000000000111011111111000101111111101001001011
000000000000000000000000000000000000000000000000000000000000110000111100000110101110101111100001
000000000000000000000000000000000000000000000000000000000000101101100011001110111010110111011111
000000000000000000000000000000000000000000000000000000000000011011110010111111111111101001101101
000000000000000000000000000000000000000000000000000000000000010011001101110001010100000000000011
000000000000000000000000000000000000000000000000000000000000110010010011111001110000000101011011
000000000000000000000000000000000000000000000000000000000000101110010100100011101111010001100011
000000000000000000000000000000000000000000000000000000000000101001001000111010011011001101100111
000000000000000000000000000000000000000000000000000000000000001010000101100000010010111100001010
000000000000000000000000000000000000000000000000000000000000101010111011010000111011100000000111
000000000000000000000000000000000000000000000000000000000000000100111100110100101110010011110000
000000000000000000000000000000000000000000000000000000000000011011010001100100101011101110111100
000000000000000000000000000000000000000000000000000000000000011100011001110010100110101000110001
000000000000000000000000000000000000000000000000000000000000111110111000000001100101010011001101
000000000000000000000000000000000000000000000000000000000000100101000010000000010011111011011100
000000000000000000000000000000000000000000000000000000000000100001011111111001110101000001011000
000000000000000000000000000000000000000000000000000000000000101101100011011001010100101001101111
000000000000000000000000000000000000000000000000000000000000101001100001101110100110010000010100
000000000000000000000000000000000000000000000000000000000000110011000000100101000111111101001111
000000000000000000000000000000000000000000000000000000000000010011010110100100100010011011010100
000000000000000000000000000000000000000000000000000000000000100011101111101011011110111110101100
000000000000000000000000000000000000000000000000000000000000110000011010001101011011011011110100
000000000000000000000000000000000000000000000000000000000000001011111000111000100010010111111110
000000000000000000000000000000000000000000000000000000000000110000110011110111100011101000101010
000000000000000000000000000000000000000000000000000000000000000001111101001011111100100100111111
000000000000000000000000000000000000000000000000000000000000010010001111000011001011011010101001
000000000000000000000000000000000000000000000000000000000000001010001111111101100110110000011001
000000000000000000000000000000000000000000000000000000000000011111010001111010000001001010110101
000000000000000000000000000000000000000000000000000000000000010010010110110101011000101000111100
000000000000000000000000000000000000000000000000000000000000001010100001000010001100000110110010
000000000000000000000000000000000000000000000000000000000000110111000110100010001011000011000000
000000000000000000000000000000000000000000000000000000000000000110111000111000100111011010101110
000000000000000000000000000000000000000000000000000000000000100110111010101011100101000010111100
000000000000000000000000000000000000000000000000000000000000110111101110000000001011111010000010
000000000000000000000000000000000000000000000000000000000000011000101010010101100110010010010111
000000000000000000000000000000000000000000000000000000000000000010100011111101010100101011111101
000000000000000000000000000000000000000000000000000000000000000001000001111100100000010111111111
000000000000000000000000000000000000000000000000000000000000000111111111100001010001011100111110
000000000000000000000000000000000000000000000000000000000000110110111100101101110001101111001100
000000000000000000000000000000000000000000000000000000000000101111010110001001110000011111001011
000000000000000000000000000000000000000000000000000000000000110100000110101000111110010001011100
000000000000000000000000000000000000000000000000000000000000111011111111001001101000011100111010
000000000000000000000000000000000000000000000000000000000000111101011100001000110100000101011010
000000000000000000000000000000000000000000000000000000000000111100110110011000010001001100111001
000000000000000000000000000000000000000000000000000000000000000111001111000010000100100001101110
000000000000000000000000000000000000000000000000000000000000000010001000010011001101011110110000
000000000000000000000000000000000000000000000000000000000000110011111110011011101001001100011110
000000000000000000000000000000000000000000000000000000000000101000000000101001111011100000011110
000000000000000000000000000000000000000000000000000000000000100010010001100111111101010110011001
000000000000000000000000000000000000000000000000000000000000100010110010111100001010111101011001
000000000000000000000000000000000000000000000000000000000000100010101101000110100111100011101001
000000000000000000000000000000000000000000000000000000000000100101100101100011001011010101010101
000000000000000000000000000000000000000000000000000000000000000100100001100101000010110110010100
000000000000000000000000000000000000000000000000000000000000001100100001000001001001100011000001
000000000000000000000000000000000000000000000000000000000000110001100110011110110001101010001101
000000000000000000000000000000000000000000000000000000000000110001100111000011000110011011101010
000000000000000000000000000000000000000000000000000000000000010010000000110100100000111110111100
000000000000000000000000000000000000000000000000000000000000010101110001001001001111100000001101
000000000000000000000000000000000000000000000000000000000000110100011010001111001100011111000010
000000000000000000000000000000000000000000000000000000000000001011111001001111000111010011000101
000000000000000000000000000000000000000000000000000000000000111111010001010011001000001000000111
000000000000000000000000000000000000000000000000000000000000011011011010000000101100000001100000
000000000000000000000000000000000000000000000000000000000000111100011111000100111000110101011101
000000000000000000000000000000000000000000000000000000000000011101111010111101100010101001100010
000000000000000000000000000000000000000000000000000000000000010001010100000111100110111010001011
000000000000000000000000000000000000000000000000000000000000110100111111110011101011001001110111
000000000000000000000000000000000000000000000000000000000000010000010010011000110101001000010100
000000000000000000000000000000000000000000000000000000000000011001110110010110010111100011001100
000000000000000000000000000000000000000000000000000000000000101111111010010000101111011000101110
000000000000000000000000000000000000000000000000000000000000111111011000100110100000100011110001
000000000000000000000000000000000000000000000000000000000000111111001011010001000110001110111110
000000000000000000000000000000000000000000000000000000000000010001100000111011001011010111001100
000000000000000000000000000000000000000000000000000000000000111100010110100110011100110100110000
000000000000000000000000000000000000000000000000000000000000011101001001100000111110000000001111
000000000000000000000000000000000000000000000000000000000000010111101000111001100010100101010110
000000000000000000000000000000000000000000000000000000000000011011001101101010101010011011010010
000000000000000000000000000000000000000000000000000000000000101111000111001011100101001111111001
000000000000000000000000000000000000000000000000000000000000110111010101011111011000001111000001
000000000000000000000000000000000000000000000000000000000000111111111000010111100010100110000011
000000000000000000000000000000000000000000000000000000000000010011100111010001010101101010010110
000000000000000000000000000000000000000000000000000000000000110101001011000111010100011000100111
000000000000000000000000000000000000000000000000000000000000010011101100101011110000111000111101
000000000000000000000000000000000000000000000000000000000000010010011100011000100011000011011101
000000000000000000000000000000000000000000000000000000000000000110010110011100011010010111100111
000000000000000000000000000000000000000000000000000000000000001101101010010011110011101111010011
000000000000000000000000000000000000000000000000000000000000100100000101001010001100100111011010
000000000000000000000000000000000000000000000000000000000000110110001001101111101000011110111110
000000000000000000000000000000000000000000000000000000000000000100101101001100110001010100010000
000000000000000000000000000000000000000000000000000000000000110111010011110011100111101111001101
000000000000000000000000000000000000000000000000000000000000001100111000010111001010000011001010
000000000000000000000000000000000000000000000000000000000000011011011101001000100111101000000011
000000000000000000000000000000000000000000000000000000000000111001111001101011001000101010110001
000000000000000000000000000000000000000000000000000000000000101101111110110010011110110110101100
000000000000000000000000000000000000000000000000000000000000110100001000101110110111010000000000
000000000000000000000000000000000000000000000000000000000000111111011110101111011101010110101110
000000000000000000000000000000000000000000000000000000000000000010100110011001001110000001110000
000000000000000000000000000000000000000000000000000000000000010010111001011001011101110001000010
000000000000000000000000000000000000000000000000000000000000110100101000000110001011110111101010
000000000000000000000000000000000000000000000000000000000000011101010100111011011100100010010011
000000000000000000000000000000000000000000000000000000000000001111100100001110111101010001100010
000000000000000000000000000000000000000000000000000000000000000001011010101011101010110000001111
000000000000000000000000000000000000000000000000000000000000110010100010111100000001110100100010
000000000000000000000000000000000000000000000000000000000000100010111011100100000111000100100101
000000000000000000000000000000000000000000000000000000000000110101001000000010111011000100101100
000000000000000000000000000000000000000000000000000000000000101000010000100011001101101101000001
000000000000000000000000000000000000000000000000000000000000011111111011000011011100111100100010
000000000000000000000000000000000000000000000000000000000000010111001000100011001101001000101110
000000000000000000000000000000000000000000000000000000000000100111010111100100110010101101111100
000000000000000000000000000000000000000000000000000000000000110100100100110001000001100001101011
000000000000000000000000000000000000000000000000000000000000000111001111001100000111011010100000
000000000000000000000000000000000000000000000000000000000000100011010010101111011111010010011000
000000000000000000000000000000000000000000000000000000000000011010010011100000011010111100111001
000000000000000000000000000000000000000000000000000000000000010010110011011111000101000010110110
000000000000000000000000000000000000000000000000000000000000110100110111110110001100011101101110
000000000000000000000000000000000000000000000000000000000000100100011000010111111110001101001011
000000000000000000000000000000000000000000000000000000000000000110100101001111000010111110001110
000000000000000000000000000000000000000000000000000000000000000011000011110110110010010100111110
000000000000000000000000000000000000000000000000000000000000110100010010111110101101100011001100
000000000000000000000000000000000000000000000000000000000000010000101011101011101110111110011011
000000000000000000000000000000000000000000000000000000000000110101001100001101111101000110010101
000000000000000000000000000000000000000000000000000000000000100010001010111111001110101101010110
000000000000000000000000000000000000000000000000000000000000100110001010111100110111111100101111
000000000000000000000000000000000000000000000000000000000000001111000001100011001001110000100101
000000000000000000000000000000000000000000000000000000000000110101011011010011000001010111101101
000000000000000000000000000000000000000000000000000000000000110110011000110110111010000100100100
000000000000000000000000000000000000000000000000000000000000111000100010000110011111100010111100
000000000000000000000000000000000000000000000000000000000000010101101110110100110100111110000101
000000000000000000000000000000000000000000000000000000000000101101011111010100110010000010111010
000000000000000000000000000000000000000000000000000000000000010111100000010000001100001110110111
000000000000000000000000000000000000000000000000000000000000110110001101100000010100000100110101
000000000000000000000000000000000000000000000000000000000000001111111011001010111001100100101101
000000000000000000000000000000000000000000000000000000000000010110100001101111000011111000011110
000000000000000000000000000000000000000000000000000000000000001011010111100001111000111100110001
000000000000000000000000000000000000000000000000000000000000000010100110000100110111110110111010
000000000000000000000000000000000000000000000000000000000000101001010100000100010010010110001011
000000000000000000000000000000000000000000000000000000000000100110011110110100011010111010011100
000000000000000000000000000000000000000000000000000000000000010000010000000001001100010010111011
000000000000000000000000000000000000000000000000000000000000010000111011111011000100101011101010
000000000000000000000000000000000000000000000000000000000000010110111111110001100010000111010000
000000000000000000000000000000000000000000000000000000000000011001000101111010111101011010100111
000000000000000000000000000000000000000000000000000000000000000110011100011111001101010000010011
000000000000000000000000000000000000000000000000000000000000100001111101100111001000101110101010
000000000000000000000000000000000000000000000000000000000000011000110111101100101000110100100110
000000000000000000000000000000000000000000000000000000000000101101001101001101111100100101011010
000000000000000000000000000000000000000000000000000000000000001111110011110000111100001001101010
000000000000000000000000000000000000000000000000000000000000001011010010010001000110000111111001
000000000000000000000000000000000000000000000000000000000000111001000001000101001110101011011001
000000000000000000000000000000000000000000000000000000000000111111110010110110010111111111010011
000000000000000000000000000000000000000000000000000000000000111000100001000010100100010110001110
000000000000000000000000000000000000000000000000000000000000101010000111100001110011111110101110
000000000000000000000000000000000000000000000000000000000000001101000011011100110000111111101000
000000000000000000000000000000000000000000000000000000000000100010001001110011101101011000100101
000000000000000000000000000000000000000000000000000000000000011101010101010000010001010100001100
000000000000000000000000000000000000000000000000000000000000011100110000001100010000010011100010
000000000000000000000000000000000000000000000000000000000000011011001001011101111011010001100010
000000000000000000000000000000000000000000000000000000000000010010110101010001000010110110001000
000000000000000000000000000000000000000000000000000000000000111111001001101100111101010100110101
000000000000000000000000000000000000000000000000000000000000100110000110110100110111010101111101
000000000000000000000000000000000000000000000000000000000000100000111100111111011101111100011001
000000000000000000000000000000000000000000000000000000000000001101001011000011101110100101110010
000000000000000000000000000000000000000000000000000000000000100101100110111101000101111001011101
000000000000000000000000000000000000000000000000000000000000011110111010001100100000001011000001
000000000000000000000000000000000000000000000000000000000000111110001110101101001010100111110001
000000000000000000000000000000000000000000000000000000000000001000100111101001101000010101011010
000000000000000000000000000000000000000000000000000000000000100010101111010110011110010010100011
000000000000000000000000000000000000000000000000000000000000101011101111101001110001010010110011
000000000000000000000000000000000000000000000000000000000000101111111000100011000110011010111110
000000000000000000000000000000000000000000000000000000000000100010000110111000011011100100011000
000000000000000000000000000000000000000000000000000000000000111011111011001010011000111100000011
000000000000000000000000000000000000000000000000000000000000011100011110110101010100010110100010
000000000000000000000000000000000000000000000000000000000000110000110100001000010000010111010011
000000000000000000000000000000000000000000000000000000000000100001100000100111000001010101111000
000000000000000000000000000000000000000000000000000000000000000101111100100011000001101111111000
000000000000000000000000000000000000000000000000000000000000000010110110110100110001110101010101
000000000000000000000000000000000000000000000000000000000000001111101100000111000101001111111100
000000000000000000000000000000000000000000000000000000000000001110000011101100100100100011001101
000000000000000000000000000000000000000000000000000000000000000011000100011011000101001100110001
000000000000000000000000000000000000000000000000000000000000001001001000011111100000111000010100
000000000000000000000000000000000000000000000000000000000000001110010101000100101101101001010111
000000000000000000000000000000000000000000000000000000000000001100000000100100001101001010010011
000000000000000000000000000000000000000000000000000000000000101110000110001101001010000111101101
000000000000000000000000000000000000000000000000000000000000100001110111010010000110100010011010
000000000000000000000000000000000000000000000000000000000000010010110100101011001000101110000110
000000000000000000000000000000000000000000000000000000000000111110101011000110110000010100000110
000000000000000000000000000000000000000000000000000000000000111000011000111100010100010000010000
