000000000000000000000000000000000000000000000000000000000000110101000000111000110110011000110010
000000000000000000000000000000000000000000000000000000000000000000000000000110110111110001100100
000000000000000000000000000000000000000000000000000000000000010110100010100110101111011111001101
000000000000000000000000000000000000000000000000000000000000011110101001101001110100000000011001
000000000000000000000000000000000000000000000000000000000000100000101010101110001010010000101100
000000000000000000000000000000000000000000000000000000000000100100000011111101011100011100000011
000000000000000000000000000000000000000000000000000000000000011110110001101111001011110101101111
000000000000000000000000000000000000000000000000000000000000010100000011011011100100100011110110
000000000000000000000000000000000000000000000000000000000000000111000101000000000010010110110101
000000000000000000000000000000000000000000000000000000000000011010001000111010101110011110001100
000000000000000000000000000000000000000000000000000000000000010101110001010001000010110001010001
000000000000000000000000000000000000000000000000000000000000011010010001011010010011000011000000
000000000000000000000000000000000000000000000000000000000000001011110111010111010000100110110111
000000000000000000000000000000000000000000000000000000000000101010100010010001001011100111000101
000000000000000000000000000000000000000000000000000000000000100011100111110000000001110001110110
000000000000000000000000000000000000000000000000000000000000100101010111011111101001110000110010
000000000000000000000000000000000000000000000000000000000000100011110100110110101101001011011101
000000000000000000000000000000000000000000000000000000000000111111101100010101011111011110100010
000000000000000000000000000000000000000000000000000000000000100011010100011011101100110110000101
000000000000000000000000000000000000000000000000000000000000100111101001100101000010000111010110
000000000000000000000000000000000000000000000000000000000000010110010101010011010001110111011101
000000000000000000000000000000000000000000000000000000000000101011001000011100001000111100001001
000000000000000000000000000000000000000000000000000000000000000101001110110001101001110111000101
000000000000000000000000000000000000000000000000000000000000010011000101011000010111100000001000
000000000000000000000000000000000000000000000000000000000000010101101100101100011111010110101001
000000000000000000000000000000000000000000000000000000000000001000110101110100000111000110011100
000000000000000000000000000000000000000000000000000000000000100001001101011010010000010110100011
000000000000000000000000000000000000000000000000000000000000010110000110100000110000100100110101
000000000000000000000000000000000000000000000000000000000000110110111011000001001101111011100111
000000000000000000000000000000000000000000000000000000000000011000000000110110111001001101111010
000000000000000000000000000000000000000000000000000000000000001100010100000000111000101010011110
000000000000000000000000000000000000000000000000000000000000110100001011000101100010100100100001
000000000000000000000000000000000000000000000000000000000000101100101011011011000001111101101011
000000000000000000000000000000000000000000000000000000000000000101010011011010000011110001010001
000000000000000000000000000000000000000000000000000000000000110000011000011000001011111001000000
000000000000000000000000000000000000000000000000000000000000100101011100011101001111010001100111
000000000000000000000000000000000000000000000000000000000000001011101101010001010001000100001111
000000000000000000000000000000000000000000000000000000000000011100100101111111100001000101111001
000000000000000000000000000000000000000000000000000000000000010111011010000000101100111111011101
000000000000000000000000000000000000000000000000000000000000110001010110011001110111101110111011
000000000000000000000000000000000000000000000000000000000000101110001101110100100010101100010000
000000000000000000000000000000000000000000000000000000000000011000010010100101100000111001111011
000000000000000000000000000000000000000000000000000000000000011001010001101000111110001000011000
000000000000000000000000000000000000000000000000000000000000000110101101001110111000100010101000
000000000000000000000000000000000000000000000000000000000000101111111001110101011011011010100101
000000000000000000000000000000000000000000000000000000000000000101110010111010001010110000110011
000000000000000000000000000000000000000000000000000000000000010100100001110010011000011100100111
000000000000000000000000000000000000000000000000000000000000001010100010110010010111100100111110
000000000000000000000000000000000000000000000000000000000000110101001110101001110100000001110010
000000000000000000000000000000000000000000000000000000000000001001011101000100100100001111100101
000000000000000000000000000000000000000000000000000000000000110011100100010011100011000111100001
000000000000000000000000000000000000000000000000000000000000111111101000111010011101000111111110
000000000000000000000000000000000000000000000000000000000000001000100100000101001010101111101001
000000000000000000000000000000000000000000000000000000000000011100101111100011011100000101000101
000000000000000000000000000000000000000000000000000000000000111101100111000001010001101100111010
000000000000000000000000000000000000000000000000000000000000100101010101111000010010111101101111
000000000000000000000000000000000000000000000000000000000000001010000000101011111010101111010111
000000000000000000000000000000000000000000000000000000000000000010000001011001101000100101001111
000000000000000000000000000000000000000000000000000000000000010000110100001100010111100100010001
000000000000000000000000000000000000000000000000000000000000010111000100100100110110011111001010
000000000000000000000000000000000000000000000000000000000000000000011011100001111101001010000100
000000000000000000000000000000000000000000000000000000000000100010001110010010100010010001110111
000000000000000000000000000000000000000000000000000000000000100110010111000000111001100000101101
000000000000000000000000000000000000000000000000000000000000101110000111110000110100110010011000
000000000000000000000000000000000000000000000000000000000000011010110111101001000011000100110010
000000000000000000000000000000000000000000000000000000000000100111001101000110001101110000001001
000000000000000000000000000000000000000000000000000000000000100000000001000001001111010010000111
000000000000000000000000000000000000000000000000000000000000101110011100110110001100001100000111
000000000000000000000000000000000000000000000000000000000000001110001001000110001100001000100011
000000000000000000000000000000000000000000000000000000000000100001010011010010100100011110010001
000000000000000000000000000000000000000000000000000000000000010001100111000110000111011111010000
000000000000000000000000000000000000000000000000000000000000100110010111010101101011010001000010
000000000000000000000000000000000000000000000000000000000000000110000000111101001101001011101100
000000000000000000000000000000000000000000000000000000000000010110011101111011110000001000010101
000000000000000000000000000000000000000000000000000000000000011001000011101000011101011001100101
000000000000000000000000000000000000000000000000000000000000111010100110011011100000100010000110
000000000000000000000000000000000000000000000000000000000000101100101100100100001010010010000110
000000000000000000000000000000000000000000000000000000000000010000100100110010001001001111000111
000000000000000000000000000000000000000000000000000000000000011110111011111100001111110100101001
000000000000000000000000000000000000000000000000000000000000001100101111011011110010100100101000
000000000000000000000000000000000000000000000000000000000000000001110111101001011000010001111011
000000000000000000000000000000000000000000000000000000000000011010000110100000001111000000110001
000000000000000000000000000000000000000000000000000000000000011101011100101011110101111100101100
000000000000000000000000000000000000000000000000000000000000111101010000001100001001001001000110
000000000000000000000000000000000000000000000000000000000000001101011011111111101100001101011010
000000000000000000000000000000000000000000000000000000000000010011010111100101011110010110111100
000000000000000000000000000000000000000000000000000000000000111000001110100001000000100010101111
000000000000000000000000000000000000000000000000000000000000000111111111000011111100101100101001
000000000000000000000000000000000000000000000000000000000000101001001001111101100001110001001100
000000000000000000000000000000000000000000000000000000000000000000001000100000101011000110101010
000000000000000000000000000000000000000000000000000000000000001100110000101100100101011011010110
000000000000000000000000000000000000000000000000000000000000000000100111100010000010111100011101
000000000000000000000000000000000000000000000000000000000000000011111100010111100111000101011111
000000000000000000000000000000000000000000000000000000000000001011010000110000000101001011111100
000000000000000000000000000000000000000000000000000000000000101111001001101000000001001100010100
000000000000000000000000000000000000000000000000000000000000011000010010011110011011000101010101
000000000000000000000000000000000000000000000000000000000000100001011000100100011001100001011011
000000000000000000000000000000000000000000000000000000000000111011011011110111110111101000111000
000000000000000000000000000000000000000000000000000000000000001000111001100010110101101100010000
000000000000000000000000000000000000000000000000000000000000101011100001010101110010001100000010
000000000000000000000000000000000000000000000000000000000000011011000101010101101001110000010000
000000000000000000000000000000000000000000000000000000000000000001110001101100011101001011101100
000000000000000000000000000000000000000000000000000000000000111111100011110001111111101010110100
000000000000000000000000000000000000000000000000000000000000101001011010010111000000101001011000
000000000000000000000000000000000000000000000000000000000000001110001100100011100011001010100100
000000000000000000000000000000000000000000000000000000000000101001000000001100001000011001110011
000000000000000000000000000000000000000000000000000000000000100011100100010001111010111111010100
000000000000000000000000000000000000000000000000000000000000111011100001001001110011100101100010
000000000000000000000000000000000000000000000000000000000000100101010011001011011101010111111110
000000000000000000000000000000000000000000000000000000000000000011001000011101010001010000111010
000000000000000000000000000000000000000000000000000000000000111001011111010101101111001010010100
000000000000000000000000000000000000000000000000000000000000000010001000110011010010011011000000
000000000000000000000000000000000000000000000000000000000000010000111101001001000100111010001100
000000000000000000000000000000000000000000000000000000000000101001100010111011101011011010101101
000000000000000000000000000000000000000000000000000000000000111000110011111110000010000110001010
000000000000000000000000000000000000000000000000000000000000100100110000111101110111111011101001
000000000000000000000000000000000000000000000000000000000000011100010101110000000010000101100110
000000000000000000000000000000000000000000000000000000000000000110011011011001001000001110110010
000000000000000000000000000000000000000000000000000000000000110000001010110000110111110100100110
000000000000000000000000000000000000000000000000000000000000001101110001001101111000011101111101
000000000000000000000000000000000000000000000000000000000000110001000001100000010111010110000010
000000000000000000000000000000000000000000000000000000000000010011101011111010001011000101111011
000000000000000000000000000000000000000000000000000000000000000011111111110010110001111111100010
000000000000000000000000000000000000000000000000000000000000110011011111010000101000011100010100
000000000000000000000000000000000000000000000000000000000000110101101001100010101010000111110111
000000000000000000000000000000000000000000000000000000000000101001011110100100100101001100110000
000000000000000000000000000000000000000000000000000000000000010101100001110100011010011001011100
000000000000000000000000000000000000000000000000000000000000110000011000110011110001011010010011
000000000000000000000000000000000000000000000000000000000000111100101101001101100010010101101100
000000000000000000000000000000000000000000000000000000000000011101001011001100101000011100000011
000000000000000000000000000000000000000000000000000000000000111100100101111111001101101011000000
000000000000000000000000000000000000000000000000000000000000011111101000001100101111001010110011
000000000000000000000000000000000000000000000000000000000000000110001101101101011000100001001011
000000000000000000000000000000000000000000000000000000000000101101111011011111001011001000001110
000000000000000000000000000000000000000000000000000000000000000100001000001001010001110010101001
000000000000000000000000000000000000000000000000000000000000000101101110011010010001101011110101
000000000000000000000000000000000000000000000000000000000000100101101100011011101001101010000011
000000000000000000000000000000000000000000000000000000000000010100101000100010110001010011101011
000000000000000000000000000000000000000000000000000000000000001110001100001111001001101100010000
000000000000000000000000000000000000000000000000000000000000011111010000001010000000100001100100
000000000000000000000000000000000000000000000000000000000000011101110011001001100001100110101100
000000000000000000000000000000000000000000000000000000000000010100011100111111001101011010101100
000000000000000000000000000000000000000000000000000000000000001011111010010010100111000110010011
000000000000000000000000000000000000000000000000000000000000010010010101110100111111000000000001
000000000000000000000000000000000000000000000000000000000000011110110011011011001110100001001010
000000000000000000000000000000000000000000000000000000000000101011000010111101001000010100110011
000000000000000000000000000000000000000000000000000000000000100110001001011100110111011010011000
000000000000000000000000000000000000000000000000000000000000110010011110100101011100010010010011
000000000000000000000000000000000000000000000000000000000000110010010000110001001111101111110100
000000000000000000000000000000000000000000000000000000000000110010100101000110000000100001001000
000000000000000000000000000000000000000000000000000000000000010001000010111110111110011001111100
000000000000000000000000000000000000000000000000000000000000011001110111111000110100010011100101
000000000000000000000000000000000000000000000000000000000000100111000110000011101001010110111100
000000000000000000000000000000000000000000000000000000000000100001000001001101000101001010000111
000000000000000000000000000000000000000000000000000000000000101001010011101010111011000001000111
000000000000000000000000000000000000000000000000000000000000111011011010000111110001110101000000
000000000000000000000000000000000000000000000000000000000000101100011000011111000101001000000111
000000000000000000000000000000000000000000000000000000000000110101011000001111101001100011100100
000000000000000000000000000000000000000000000000000000000000110001111001101011111010100111111101
000000000000000000000000000000000000000000000000000000000000001101111010001000100110111110011010
000000000000000000000000000000000000000000000000000000000000000111011001100000100110110000001101
000000000000000000000000000000000000000000000000000000000000000100011011010010100110111111010011
000000000000000000000000000000000000000000000000000000000000011011011111100010011100111100001101
000000000000000000000000000000000000000000000000000000000000001000100101011100100011101110011111
000000000000000000000000000000000000000000000000000000000000111111000101111001110111100110000101
000000000000000000000000000000000000000000000000000000000000011101001100111100000111101101001111
000000000000000000000000000000000000000000000000000000000000110001101111101001000000101110010011
000000000000000000000000000000000000000000000000000000000000100010100011000000000101010101011111
000000000000000000000000000000000000000000000000000000000000110011110001100100000101000010000111
000000000000000000000000000000000000000000000000000000000000100100111100100110011100101110010101
000000000000000000000000000000000000000000000000000000000000000000101111001001001111010001110001
000000000000000000000000000000000000000000000000000000000000000111010100100000011000110001000011
000000000000000000000000000000000000000000000000000000000000110000110101111000001010110011100010
000000000000000000000000000000000000000000000000000000000000011000111101111100010000101110001100
000000000000000000000000000000000000000000000000000000000000010011111100000001001010010010101011
000000000000000000000000000000000000000000000000000000000000000000011000101110101001100111001000
000000000000000000000000000000000000000000000000000000000000011101010010101001010011101000010101
000000000000000000000000000000000000000000000000000000000000111111010010000011111011000110100111
000000000000000000000000000000000000000000000000000000000000111000001100000110011101101101110010
000000000000000000000000000000000000000000000000000000000000010110000101101010000000111000011101
000000000000000000000000000000000000000000000000000000000000101100100000100001111100110010000110
000000000000000000000000000000000000000000000000000000000000000101111111001111111101001010100110
000000000000000000000000000000000000000000000000000000000000100000101010110011110010111100000101
000000000000000000000000000000000000000000000000000000000000001101011000011110010001101000101010
000000000000000000000000000000000000000000000000000000000000001100100000100110101001000100101100
000000000000000000000000000000000000000000000000000000000000110101111111100011100000101111001111
000000000000000000000000000000000000000000000000000000000000100000000000000011101000110100010110
000000000000000000000000000000000000000000000000000000000000010000100010101010111011000100010111
000000000000000000000000000000000000000000000000000000000000010010010111111111010101110011000101
000000000000000000000000000000000000000000000000000000000000010011001111100101011000110001111010
000000000000000000000000000000000000000000000000000000000000011110101010101011000101111011000100
000000000000000000000000000000000000000000000000000000000000000000111011001111000011110000100010
000000000000000000000000000000000000000000000000000000000000010110110100100111110101000110010101
000000000000000000000000000000000000000000000000000000000000111001010000011010101001010111101001
000000000000000000000000000000000000000000000000000000000000001100100110101110001011011010001110
000000000000000000000000000000000000000000000000000000000000100001111100101110011010101000101001
000000000000000000000000000000000000000000000000000000000000111000011011001111001000010100111101
000000000000000000000000000000000000000000000000000000000000000101011011110101100010001101000001
000000000000000000000000000000000000000000000000000000000000100011011111001010010111000110000110
000000000000000000000000000000000000000000000000000000000000000010000101010000000100010111010111
000000000000000000000000000000000000000000000000000000000000001111000101111000010010110110111110
000000000000000000000000000000000000000000000000000000000000111111000010101100000011010001110000
000000000000000000000000000000000000000000000000000000000000011000111010011001101101011101011010
000000000000000000000000000000000000000000000000000000000000110000100001100100100011111010000011
000000000000000000000000000000000000000000000000000000000000100101010101000111001111100010001001
000000000000000000000000000000000000000000000000000000000000010101001000101110010101100011110100
000000000000000000000000000000000000000000000000000000000000010000001101101000001110101101110011
000000000000000000000000000000000000000000000000000000000000000011011010000110110001010000010011
000000000000000000000000000000000000000000000000000000000000010001101000110111100100111110001101
000000000000000000000000000000000000000000000000000000000000010011110010000110110010001001101001
000000000000000000000000000000000000000000000000000000000000101110111110001000010101101000111011
000000000000000000000000000000000000000000000000000000000000100011011100001010101101100010101010
000000000000000000000000000000000000000000000000000000000000000110001001001001111001000101111100
000000000000000000000000000000000000000000000000000000000000011001011100110110001101011000101101
000000000000000000000000000000000000000000000000000000000000010111101101000011110010101110011100
000000000000000000000000000000000000000000000000000000000000101111100110000111011010000000011000
000000000000000000000000000000000000000000000000000000000000000000011000100010100011000010110010
000000000000000000000000000000000000000000000000000000000000000101110010000111011011110101101011
000000000000000000000000000000000000000000000000000000000000010000100100110111110101111110001111
000000000000000000000000000000000000000000000000000000000000101010000101100111001101101000001001
000000000000000000000000000000000000000000000000000000000000101010110001000011100101011110110101
000000000000000000000000000000000000000000000000000000000000100001110111010001101001100110000001
000000000000000000000000000000000000000000000000000000000000101000011100000010111101100101000011
000000000000000000000000000000000000000000000000000000000000011000001010100000011001110000110101
000000000000000000000000000000000000000000000000000000000000011011110001111101101011110011110101
000000000000000000000000000000000000000000000000000000000000110110000011111000011100010000101100
000000000000000000000000000000000000000000000000000000000000001100000001010010001110011100010100
000000000000000000000000000000000000000000000000000000000000010110100011010010011010000000110100
000000000000000000000000000000000000000000000000000000000000011010100101000001000010100000110101
000000000000000000000000000000000000000000000000000000000000111001011101000111000000000001000000
000000000000000000000000000000000000000000000000000000000000000101000111111111000010010011111111
000000000000000000000000000000000000000000000000000000000000100100101001110110001110011100100100
000000000000000000000000000000000000000000000000000000000000111100000010010011011000011000111101
000000000000000000000000000000000000000000000000000000000000100011111000101111001101100000110011
000000000000000000000000000000000000000000000000000000000000111010000110010001011010110111101011
000000000000000000000000000000000000000000000000000000000000001001101101000100011101101010110011
000000000000000000000000000000000000000000000000000000000000000101111000101000111110110000000111
000000000000000000000000000000000000000000000000000000000000000001001111100011110010001111001101
000000000000000000000000000000000000000000000000000000000000111111000110110101011110000000100001
000000000000000000000000000000000000000000000000000000000000101001000000011110011101011011101011
000000000000000000000000000000000000000000000000000000000000000011111001111100010010001010100010
000000000000000000000000000000000000000000000000000000000000111111010000110100101011001001001000
000000000000000000000000000000000000000000000000000000000000000101100100000000110011001100011000
000000000000000000000000000000000000000000000000000000000000111100100111100000010110111011011010
000000000000000000000000000000000000000000000000000000000000111110111011110010101110011101010101
000000000000000000000000000000000000000000000000000000000000111011011111011011011110001010000110
000000000000000000000000000000000000000000000000000000000000111010100110011100110010011110010110
000000000000000000000000000000000000000000000000000000000000101100000110111010101111110100001010
000000000000000000000000000000000000000000000000000000000000000110100001100001011001100101101100
000000000000000000000000000000000000000000000000000000000000011100001001100001100110100010111001
000000000000000000000000000000000000000000000000000000000000110100100001011101110001000011010111
000000000000000000000000000000000000000000000000000000000000000111001011011001011000111100011111
000000000000000000000000000000000000000000000000000000000000001101011011110010110101001101000010
000000000000000000000000000000000000000000000000000000000000010000111110100010101000110101100010
000000000000000000000000000000000000000000000000000000000000110000101110000101110000010000100001
000000000000000000000000000000000000000000000000000000000000111011101110101110101100100111111110
000000000000000000000000000000000000000000000000000000000000111100100101110111111001001010011111
000000000000000000000000000000000000000000000000000000000000000011110111100110110000111110101000
000000000000000000000000000000000000000000000000000000000000011010010001100001011111010111111101
000000000000000000000000000000000000000000000000000000000000001110111011000011101011001010110110
000000000000000000000000000000000000000000000000000000000000100001000101000110010010011000100000
000000000000000000000000000000000000000000000000000000000000010011110100110010010111001011101110
000000000000000000000000000000000000000000000000000000000000100110101110011100011000100011001001
000000000000000000000000000000000000000000000000000000000000110110100000110111111000001100010110
000000000000000000000000000000000000000000000000000000000000011111010011001110100011100100000110
000000000000000000000000000000000000000000000000000000000000100000101001001101101011101101111010
000000000000000000000000000000000000000000000000000000000000001000111111010000101011001110001011
000000000000000000000000000000000000000000000000000000000000011101100110001111100010000011110001
000000000000000000000000000000000000000000000000000000000000100101011110111011100100011001010011
000000000000000000000000000000000000000000000000000000000000010100001100001000011100001110001100
000000000000000000000000000000000000000000000000000000000000000001110101011011100110000100011111
000000000000000000000000000000000000000000000000000000000000001100011110011001111000000101110110
000000000000000000000000000000000000000000000000000000000000110111110101011000110101001101001010
000000000000000000000000000000000000000000000000000000000000101001001011000111110011101011101010
000000000000000000000000000000000000000000000000000000000000111000010001111000101011101011000001
000000000000000000000000000000000000000000000000000000000000101110110111010110000011000110011111
000000000000000000000000000000000000000000000000000000000000100111100001001100010010011000000011
000000000000000000000000000000000000000000000000000000000000010100110000111011101000110101000010
000000000000000000000000000000000000000000000000000000000000101111101010110011101000011110001101
000000000000000000000000000000000000000000000000000000000000110110101101111100101100111101000100
000000000000000000000000000000000000000000000000000000000000000000111111010011000000100000101000
000000000000000000000000000000000000000000000000000000000000111010000110000011100010001111000101
000000000000000000000000000000000000000000000000000000000000101111001000110101000011101001110100
000000000000000000000000000000000000000000000000000000000000111111011110000111111100110001011100
000000000000000000000000000000000000000000000000000000000000100011110011101100101110000100110011
000000000000000000000000000000000000000000000000000000000000011000101111111001111100111111000101
000000000000000000000000000000000000000000000000000000000000111011000111010101111110111101101010
000000000000000000000000000000000000000000000000000000000000001000110110110000010111110110101111
000000000000000000000000000000000000000000000000000000000000001100010000101000011011011000100110
000000000000000000000000000000000000000000000000000000000000111100110111001100111011110011001110
000000000000000000000000000000000000000000000000000000000000100111001101110000011011000011111101
000000000000000000000000000000000000000000000000000000000000101011111011110101110101110000101001
000000000000000000000000000000000000000000000000000000000000001111101111111111011011011011110101
000000000000000000000000000000000000000000000000000000000000100011110111100101101000010101001111
000000000000000000000000000000000000000000000000000000000000101001110101000010001100010001000001
000000000000000000000000000000000000000000000000000000000000111110100000010001001110001010011010
000000000000000000000000000000000000000000000000000000000000000101110110011001111010010000011110
000000000000000000000000000000000000000000000000000000000000011110101011011000110100110101111100
000000000000000000000000000000000000000000000000000000000000101011110110010111111000000011110110
000000000000000000000000000000000000000000000000000000000000101100110110101110011000011011100101
000000000000000000000000000000000000000000000000000000000000011100110101101101010010110110110100
000000000000000000000000000000000000000000000000000000000000110000101011100110110010001011101010
000000000000000000000000000000000000000000000000000000000000111101110011000100001111011011010110
000000000000000000000000000000000000000000000000000000000000011101101001000011010000001111011010
000000000000000000000000000000000000000000000000000000000000011111000010001010010111011110000110
000000000000000000000000000000000000000000000000000000000000111100011111010001100110111010010011
000000000000000000000000000000000000000000000000000000000000111111001001011111001000100001001101
000000000000000000000000000000000000000000000000000000000000011101011010001100110101100100010001
000000000000000000000000000000000000000000000000000000000000010000101100010000000110101111001101
000000000000000000000000000000000000000000000000000000000000011100101110000100110001001111101111
000000000000000000000000000000000000000000000000000000000000011011000101001011110010100100110000
000000000000000000000000000000000000000000000000000000000000000101000110101101000010101111101000
000000000000000000000000000000000000000000000000000000000000011010000100000011111100101000010110
000000000000000000000000000000000000000000000000000000000000100001100001011100000111100010011010
000000000000000000000000000000000000000000000000000000000000101111011001100111001000101010100101
000000000000000000000000000000000000000000000000000000000000100101101000100111000110000011100011
000000000000000000000000000000000000000000000000000000000000001100100111010010010001010011100100
000000000000000000000000000000000000000000000000000000000000111001111110010001100001110101011000
000000000000000000000000000000000000000000000000000000000000101101110111011100111100001001111110
000000000000000000000000000000000000000000000000000000000000101111100001101110100001101111011100
000000000000000000000000000000000000000000000000000000000000111001100110011010100100101001010110
000000000000000000000000000000000000000000000000000000000000110010101011110111101010010111011101
000000000000000000000000000000000000000000000000000000000000100101111000100001000001101010010001
000000000000000000000000000000000000000000000000000000000000001100011101100111010000010000010000
000000000000000000000000000000000000000000000000000000000000111010100011111101000000100001000100
000000000000000000000000000000000000000000000000000000000000001110010110110001111010011011000100
000000000000000000000000000000000000000000000000000000000000011110000111101111011101001110011001
000000000000000000000000000000000000000000000000000000000000001100100010111111111000111111000111
000000000000000000000000000000000000000000000000000000000000001100111110101001001101111101000001
000000000000000000000000000000000000000000000000000000000000000111111000000101100001110110101100
000000000000000000000000000000000000000000000000000000000000101001010110010010111011011010111001
000000000000000000000000000000000000000000000000000000000000100010011000100010001001001100010111
000000000000000000000000000000000000000000000000000000000000010110100100101101111000111100001010
000000000000000000000000000000000000000000000000000000000000011100010011100010011110111010111110
000000000000000000000000000000000000000000000000000000000000110101110000111100111011000011010001
000000000000000000000000000000000000000000000000000000000000001101001011110011100111101000010100
000000000000000000000000000000000000000000000000000000000000110000000101011001011111111011100011
000000000000000000000000000000000000000000000000000000000000011011000010100001010010000110110110
000000000000000000000000000000000000000000000000000000000000101101001100110110110011001010011001
000000000000000000000000000000000000000000000000000000000000011111110100000101101011110100011011
000000000000000000000000000000000000000000000000000000000000011010010010110010001101111100111100
000000000000000000000000000000000000000000000000000000000000010000110111100000101000001011001110
000000000000000000000000000000000000000000000000000000000000010110110000010100001111010111001111
000000000000000000000000000000000000000000000000000000000000101100011110110100000101001010100101
000000000000000000000000000000000000000000000000000000000000100101110111010110111001011101010001
000000000000000000000000000000000000000000000000000000000000011101100101111110100000101010011011
000000000000000000000000000000000000000000000000000000000000000010110010001111101001010001110010
000000000000000000000000000000000000000000000000000000000000111001100101000010000001010101001100
000000000000000000000000000000000000000000000000000000000000000100111111011001011010110000111100
000000000000000000000000000000000000000000000000000000000000011100101100011000101100011111001111
000000000000000000000000000000000000000000000000000000000000110111000101000010011001110011001000
000000000000000000000000000000000000000000000000000000000000110101101011000110110111101110101000
000000000000000000000000000000000000000000000000000000000000000110011101101000110111110100011100
000000000000000000000000000000000000000000000000000000000000011100100000010001001100100011011000
000000000000000000000000000000000000000000000000000000000000011110101101110011101000100110101111
000000000000000000000000000000000000000000000000000000000000000001101100011001000110000100001100
000000000000000000000000000000000000000000000000000000000000011100000100110111110000010011101111
000000000000000000000000000000000000000000000000000000000000010100010110000000001100100101001110
000000000000000000000000000000000000000000000000000000000000100000101110010111010001001001000111
000000000000000000000000000000000000000000000000000000000000111100000111001111101001011100011001
000000000000000000000000000000000000000000000000000000000000010010011101111101110100000100110010
000000000000000000000000000000000000000000000000000000000000011100101110001000000001100001001111
000000000000000000000000000000000000000000000000000000000000100100111001110010011000001111110011
000000000000000000000000000000000000000000000000000000000000100111010001000000000010100100000101
000000000000000000000000000000000000000000000000000000000000111010100001100101100011100101100101
000000000000000000000000000000000000000000000000000000000000010010010111100001000001110100101101
000000000000000000000000000000000000000000000000000000000000010111001011100111010000100010110110
000000000000000000000000000000000000000000000000000000000000111001011100101101101000000111001010
000000000000000000000000000000000000000000000000000000000000110110111010000011011001001110101010
000000000000000000000000000000000000000000000000000000000000111011101101100010000111001011000001
000000000000000000000000000000000000000000000000000000000000101101010010001110011011001011101011
000000000000000000000000000000000000000000000000000000000000001011010010000000101011111001000000
000000000000000000000000000000000000000000000000000000000000011111110001100001100111100110110010
000000000000000000000000000000000000000000000000000000000000010100111110101011100100100100000110
000000000000000000000000000000000000000000000000000000000000100100110101101000101100111101101001
000000000000000000000000000000000000000000000000000000000000111011111100110010000111001100110101
000000000000000000000000000000000000000000000000000000000000111010111001001101011111010100001011
000000000000000000000000000000000000000000000000000000000000110101100010010101000001011111111011
000000000000000000000000000000000000000000000000000000000000011100110010101100101110110001011000
000000000000000000000000000000000000000000000000000000000000001010110000110001100001101101010100
000000000000000000000000000000000000000000000000000000000000100001011100100001101000001010101110
000000000000000000000000000000000000000000000000000000000000111101010000101111101000001011010011
000000000000000000000000000000000000000000000000000000000000100001100111010111011010011110001101
000000000000000000000000000000000000000000000000000000000000001011111111001000001011100010111110
000000000000000000000000000000000000000000000000000000000000110000001110010101101001100011111001
000000000000000000000000000000000000000000000000000000000000101011110111010000100000101101000110
000000000000000000000000000000000000000000000000000000000000100000100110100001110011011100100101
000000000000000000000000000000000000000000000000000000000000000011100111001011001101000110001001
000000000000000000000000000000000000000000000000000000000000010000100010010010101000011001101100
000000000000000000000000000000000000000000000000000000000000111100010010111000001000010010010110
000000000000000000000000000000000000000000000000000000000000001101100100100001000011100000100111
000000000000000000000000000000000000000000000000000000000000101100010111110001100011101011000110
000000000000000000000000000000000000000000000000000000000000100111011010011000110111101011101000
000000000000000000000000000000000000000000000000000000000000101110100011101110011111010101101010
000000000000000000000000000000000000000000000000000000000000111111011110101101101011000011010110
000000000000000000000000000000000000000000000000000000000000111000001110110111110111110100001010
000000000000000000000000000000000000000000000000000000000000111001011000110111101110100111100111
000000000000000000000000000000000000000000000000000000000000010110101111110011100011010010111011
000000000000000000000000000000000000000000000000000000000000101001011100000001101100100001010100
000000000000000000000000000000000000000000000000000000000000001100100010101010010001110111111011
