000000000000000000000000000000000000000000000000000000000000111101010010011001010110011011101100
000000000000000000000000000000000000000000000000000000000000111000101111111101001010110001100000
000000000000000000000000000000000000000000000000000000000000111010011000101111001110111011111110
000000000000000000000000000000000000000000000000000000000000000100101001010011000000000100111001
000000000000000000000000000000000000000000000000000000000000101101011001010101100111010001100111
000000000000000000000000000000000000000000000000000000000000100000110000010001000010101111000010
000000000000000000000000000000000000000000000000000000000000011000001110101110111101110000011010
000000000000000000000000000000000000000000000000000000000000000011011111010000111110001000010111
000000000000000000000000000000000000000000000000000000000000000111100010010011001011111111010001
000000000000000000000000000000000000000000000000000000000000010000000100001001110000011000001001
000000000000000000000000000000000000000000000000000000000000111001100111101111101011110101000010
000000000000000000000000000000000000000000000000000000000000010010111101110010100011110010001111
000000000000000000000000000000000000000000000000000000000000101000100001111111011011111111110100
000000000000000000000000000000000000000000000000000000000000000011111011000011011010101111011110
000000000000000000000000000000000000000000000000000000000000001000100001001010111010111001100101
000000000000000000000000000000000000000000000000000000000000010011110010010100101110011111101110
000000000000000000000000000000000000000000000000000000000000000010011111101000000011111000111011
000000000000000000000000000000000000000000000000000000000000001010100001011110110100100000111101
000000000000000000000000000000000000000000000000000000000000110101100100110001100000011111001001
000000000000000000000000000000000000000000000000000000000000101011011000101010011011111100100010
000000000000000000000000000000000000000000000000000000000000110011111110100001011010110011111011
000000000000000000000000000000000000000000000000000000000000100001101000110011110111100110011000
000000000000000000000000000000000000000000000000000000000000000101011011010110101010111101101111
000000000000000000000000000000000000000000000000000000000000011000010100000001110101001111000011
000000000000000000000000000000000000000000000000000000000000000000000011010011001100110010001000
000000000000000000000000000000000000000000000000000000000000110000001001101101000001100000011001
000000000000000000000000000000000000000000000000000000000000010010110001001010010101011000010000
000000000000000000000000000000000000000000000000000000000000010011100111100110001110100001001011
000000000000000000000000000000000000000000000000000000000000001000111101100011010011100010110111
000000000000000000000000000000000000000000000000000000000000100111000101001101001001001100010101
000000000000000000000000000000000000000000000000000000000000100111111000011001001001111010110010
000000000000000000000000000000000000000000000000000000000000101010110001100000100110101111101000
000000000000000000000000000000000000000000000000000000000000110000100010110001110001000111011001
000000000000000000000000000000000000000000000000000000000000011110011100110111010000000100001111
000000000000000000000000000000000000000000000000000000000000000000000101111101101100011001110011
000000000000000000000000000000000000000000000000000000000000011110100101100000011101101111000010
000000000000000000000000000000000000000000000000000000000000111011100100001101111111011011010100
000000000000000000000000000000000000000000000000000000000000110000000101011011000111000010010010
000000000000000000000000000000000000000000000000000000000000011110010001111011110010110110011000
000000000000000000000000000000000000000000000000000000000000111101010100001100011001010100010011
000000000000000000000000000000000000000000000000000000000000000100010010011010100111110101001101
000000000000000000000000000000000000000000000000000000000000101000111000100000001110001000100010
000000000000000000000000000000000000000000000000000000000000001101010000110110001111111111101000
000000000000000000000000000000000000000000000000000000000000001001011111111110111010011000110010
000000000000000000000000000000000000000000000000000000000000111101000011001111001111011010101011
000000000000000000000000000000000000000000000000000000000000111100010011011011001010101101110001
000000000000000000000000000000000000000000000000000000000000010001010001101001010100111110110111
000000000000000000000000000000000000000000000000000000000000000001111100100101110010100000011011
000000000000000000000000000000000000000000000000000000000000100111101110100100101110111111111011
000000000000000000000000000000000000000000000000000000000000111000010111011101000101011010100001
000000000000000000000000000000000000000000000000000000000000010010011111110101000111010010111000
000000000000000000000000000000000000000000000000000000000000000001110110110101011010000101101110
000000000000000000000000000000000000000000000000000000000000001101101101001101110010010101011010
000000000000000000000000000000000000000000000000000000000000000100111000000000100100100000001001
000000000000000000000000000000000000000000000000000000000000101111110110011111001111001110010010
000000000000000000000000000000000000000000000000000000000000000011010010011110010011011010110010
000000000000000000000000000000000000000000000000000000000000000110010110110101111001100000001011
000000000000000000000000000000000000000000000000000000000000110010001110100101110001111000110001
000000000000000000000000000000000000000000000000000000000000110110010000110101000101010100101111
000000000000000000000000000000000000000000000000000000000000110100010000111110001101010011100001
000000000000000000000000000000000000000000000000000000000000010011000100110110001001001001111010
000000000000000000000000000000000000000000000000000000000000111010100111111100110100001000001100
000000000000000000000000000000000000000000000000000000000000011100100001100100011001010110010111
000000000000000000000000000000000000000000000000000000000000100111001001101000010000000101101101
000000000000000000000000000000000000000000000000000000000000110000101001010000110100001011010011
000000000000000000000000000000000000000000000000000000000000000010110111000000110011100001011001
000000000000000000000000000000000000000000000000000000000000011010000101111000101000000111011000
000000000000000000000000000000000000000000000000000000000000110011011111111010100010110000011110
000000000000000000000000000000000000000000000000000000000000011100001111110110111000011111100100
000000000000000000000000000000000000000000000000000000000000001010001110101111111001100001011011
000000000000000000000000000000000000000000000000000000000000000011010110000001011010000111111111
000000000000000000000000000000000000000000000000000000000000101110010000010011111101011101101001
000000000000000000000000000000000000000000000000000000000000110101000001110010001000000100100111
000000000000000000000000000000000000000000000000000000000000100110011100011010111110010011110001
000000000000000000000000000000000000000000000000000000000000010001011110100100001011001010110001
000000000000000000000000000000000000000000000000000000000000111001001000010110000010110000110110
000000000000000000000000000000000000000000000000000000000000001111010100010011101010000001000101
000000000000000000000000000000000000000000000000000000000000001010110111011001111000101010110110
000000000000000000000000000000000000000000000000000000000000010101011100100101101101010101000010
000000000000000000000000000000000000000000000000000000000000100100110011000101001111011000001000
000000000000000000000000000000000000000000000000000000000000101001101010001101000100011001010101
000000000000000000000000000000000000000000000000000000000000100000110100010110000000011000100011
000000000000000000000000000000000000000000000000000000000000100111110010001001100101101110100101
000000000000000000000000000000000000000000000000000000000000110100111010101000010110011011101111
000000000000000000000000000000000000000000000000000000000000110001110000100010001100011011011110
000000000000000000000000000000000000000000000000000000000000101101011011011111001001001100011100
000000000000000000000000000000000000000000000000000000000000011011110110111110010010110110100011
000000000000000000000000000000000000000000000000000000000000101100010111111010010111110100101111
000000000000000000000000000000000000000000000000000000000000001101011001111111001110001000100101
000000000000000000000000000000000000000000000000000000000000110000101111011010100101011111010100
000000000000000000000000000000000000000000000000000000000000101111110110111101110100111110100111
000000000000000000000000000000000000000000000000000000000000011001001000101100011110100101110101
000000000000000000000000000000000000000000000000000000000000000000000001010100011111001111101110
000000000000000000000000000000000000000000000000000000000000111111010000001010111000011001010111
000000000000000000000000000000000000000000000000000000000000100011000011010110100110100100000110
000000000000000000000000000000000000000000000000000000000000110000001000001101010100110111101110
000000000000000000000000000000000000000000000000000000000000110100100111000100011001111100100001
000000000000000000000000000000000000000000000000000000000000000100011111111100110010011011010101
000000000000000000000000000000000000000000000000000000000000111011011000101100000100001110001111
000000000000000000000000000000000000000000000000000000000000111010011001100101111011000000100110
000000000000000000000000000000000000000000000000000000000000111001101011000110100101010000011111
000000000000000000000000000000000000000000000000000000000000111010010001110110001111110101111110
000000000000000000000000000000000000000000000000000000000000110010100110110011111101100111000010
000000000000000000000000000000000000000000000000000000000000001010100101101000101010000111111001
000000000000000000000000000000000000000000000000000000000000001101011100101010101010100110110110
000000000000000000000000000000000000000000000000000000000000110001111011010100000110010100001110
000000000000000000000000000000000000000000000000000000000000100011001100100001011111000010011001
000000000000000000000000000000000000000000000000000000000000001101000000010000001011000010001010
000000000000000000000000000000000000000000000000000000000000000000001110101010010100001111111111
000000000000000000000000000000000000000000000000000000000000110110111101111011100110011001101111
000000000000000000000000000000000000000000000000000000000000010001100100000100000111111100100001
000000000000000000000000000000000000000000000000000000000000111010111111000011110100011101101000
000000000000000000000000000000000000000000000000000000000000101101100111010000001100100110111001
000000000000000000000000000000000000000000000000000000000000101100010101001111110111011000001001
000000000000000000000000000000000000000000000000000000000000000010010010101101111110110111001100
000000000000000000000000000000000000000000000000000000000000010100010110101011010011101010010100
000000000000000000000000000000000000000000000000000000000000100010100000111111001001111010101000
000000000000000000000000000000000000000000000000000000000000100000000110110000001100011110000001
000000000000000000000000000000000000000000000000000000000000110111111001001011001010100100000101
000000000000000000000000000000000000000000000000000000000000001000011110001010000010010111100010
000000000000000000000000000000000000000000000000000000000000001101110111001110100011101110010011
000000000000000000000000000000000000000000000000000000000000011111001001000001000001000001000100
000000000000000000000000000000000000000000000000000000000000101011010011111110010100101100001011
000000000000000000000000000000000000000000000000000000000000001001111000010010011100111101000100
000000000000000000000000000000000000000000000000000000000000110111100000100011100101011011011111
000000000000000000000000000000000000000000000000000000000000000000010010100111100011100100100011
000000000000000000000000000000000000000000000000000000000000111110010011101110010111010011100111
000000000000000000000000000000000000000000000000000000000000111011110000111111001101010010011111
000000000000000000000000000000000000000000000000000000000000100111011110010111111001001000011111
000000000000000000000000000000000000000000000000000000000000010101100101000111100101011101011010
000000000000000000000000000000000000000000000000000000000000100011110011111011101100001100101100
000000000000000000000000000000000000000000000000000000000000101110110110100101011000010010010110
000000000000000000000000000000000000000000000000000000000000100011110100001001101101100110011000
000000000000000000000000000000000000000000000000000000000000011101110110101000001010011111110110
000000000000000000000000000000000000000000000000000000000000010100010110100000010100000101011111
000000000000000000000000000000000000000000000000000000000000011010111000111111011001101011111100
000000000000000000000000000000000000000000000000000000000000101101011111011000001011111100010101
000000000000000000000000000000000000000000000000000000000000010100111110010011010011100000101011
000000000000000000000000000000000000000000000000000000000000111101110111011010001011011101100100
000000000000000000000000000000000000000000000000000000000000110011100111111000010110011010100100
000000000000000000000000000000000000000000000000000000000000011011010100101010111111101010110100
000000000000000000000000000000000000000000000000000000000000000101000111100101000100000001010001
000000000000000000000000000000000000000000000000000000000000111111011100001011000000101001101101
000000000000000000000000000000000000000000000000000000000000010010100101011100001111111111011100
000000000000000000000000000000000000000000000000000000000000000111100111111111110000010010100000
000000000000000000000000000000000000000000000000000000000000000110011110110010010001010011001011
000000000000000000000000000000000000000000000000000000000000011000000010100001010001111001000101
000000000000000000000000000000000000000000000000000000000000010011110011111100100101101011110100
000000000000000000000000000000000000000000000000000000000000001010011001100101011110001100010110
000000000000000000000000000000000000000000000000000000000000111010101001000110100000100010010000
000000000000000000000000000000000000000000000000000000000000101010110000000000010000111101110001
000000000000000000000000000000000000000000000000000000000000101101010011011110110110100000000111
000000000000000000000000000000000000000000000000000000000000101101000111100000001111110001011000
000000000000000000000000000000000000000000000000000000000000110010101100011000100101001011010001
000000000000000000000000000000000000000000000000000000000000110100000001000000101000011000001010
000000000000000000000000000000000000000000000000000000000000000001111101001110101101010011110001
000000000000000000000000000000000000000000000000000000000000010110100110011111100111000100101101
000000000000000000000000000000000000000000000000000000000000011000110010001110011111010101010111
000000000000000000000000000000000000000000000000000000000000001101110100011011100101010100011101
000000000000000000000000000000000000000000000000000000000000010100011011100011011110011010100111
000000000000000000000000000000000000000000000000000000000000110111101001001110000011101111101001
000000000000000000000000000000000000000000000000000000000000001101110011001000101011001101111101
000000000000000000000000000000000000000000000000000000000000110010101001001100001001101100011011
000000000000000000000000000000000000000000000000000000000000010110101101101111000010011101110011
000000000000000000000000000000000000000000000000000000000000011010000011010101110100110110000100
000000000000000000000000000000000000000000000000000000000000111111010111100101011000000001011011
000000000000000000000000000000000000000000000000000000000000110000010001110011100110111011011010
000000000000000000000000000000000000000000000000000000000000010111001010001110110111001011111100
000000000000000000000000000000000000000000000000000000000000010001010010010001001001000111110110
000000000000000000000000000000000000000000000000000000000000001101001111000001110101110100110101
000000000000000000000000000000000000000000000000000000000000100101111001111000100011011010100001
000000000000000000000000000000000000000000000000000000000000010100010111011000001110011010010001
000000000000000000000000000000000000000000000000000000000000111111110100011110100101110010010100
000000000000000000000000000000000000000000000000000000000000000001000010100010011000001111101001
000000000000000000000000000000000000000000000000000000000000101011001110011001011100101111110000
000000000000000000000000000000000000000000000000000000000000011011001010000100111100001010100011
000000000000000000000000000000000000000000000000000000000000010110101101110111101011001110011100
000000000000000000000000000000000000000000000000000000000000110101000111000100100100010010101111
000000000000000000000000000000000000000000000000000000000000100010000001110110011100110000010100
000000000000000000000000000000000000000000000000000000000000011110000001010000010111110000010000
000000000000000000000000000000000000000000000000000000000000010010011000000111110111000000111100
000000000000000000000000000000000000000000000000000000000000010101110111110001111010100101011000
000000000000000000000000000000000000000000000000000000000000011101010011000101110101011101011011
000000000000000000000000000000000000000000000000000000000000110101010101010010010001010001110111
000000000000000000000000000000000000000000000000000000000000101001101010100111001111010001101100
000000000000000000000000000000000000000000000000000000000000111101011011011101010001101110000010
000000000000000000000000000000000000000000000000000000000000010110011010100110011100010010101110
000000000000000000000000000000000000000000000000000000000000101100111110101001100000011010010110
000000000000000000000000000000000000000000000000000000000000101001000110100111100101111001110011
000000000000000000000000000000000000000000000000000000000000111011001011110100010010010010111111
000000000000000000000000000000000000000000000000000000000000100110111001010100110101011100010110
000000000000000000000000000000000000000000000000000000000000001110010011001001001010000100110110
000000000000000000000000000000000000000000000000000000000000111001100011100001001011001011010110
000000000000000000000000000000000000000000000000000000000000001101010110000101000010010000101001
000000000000000000000000000000000000000000000000000000000000011110111100111100010100110011001101
000000000000000000000000000000000000000000000000000000000000011111110011111110001101011110111001
000000000000000000000000000000000000000000000000000000000000011000101111111101110011011011011001
000000000000000000000000000000000000000000000000000000000000010011101000111111011011110001000000
000000000000000000000000000000000000000000000000000000000000000000100110110101000100110010110110
000000000000000000000000000000000000000000000000000000000000001011100011111000111000110001110100
000000000000000000000000000000000000000000000000000000000000110011101011001010111100111101111001
000000000000000000000000000000000000000000000000000000000000010111101010010001111011001011010010
000000000000000000000000000000000000000000000000000000000000110011001011011001010101100001100010
000000000000000000000000000000000000000000000000000000000000011010110111010001000101111011100001
000000000000000000000000000000000000000000000000000000000000011111000100011011000001100111110110
000000000000000000000000000000000000000000000000000000000000111101101010100101110001110100110000
000000000000000000000000000000000000000000000000000000000000111011001011101000111000000000111100
000000000000000000000000000000000000000000000000000000000000000101000100110111111010010111100010
000000000000000000000000000000000000000000000000000000000000111101110110101001011000111011110111
000000000000000000000000000000000000000000000000000000000000110111010111111001100110000001101111
000000000000000000000000000000000000000000000000000000000000110010001111100000000111100100101111
000000000000000000000000000000000000000000000000000000000000110111101110101000101001101101100110
000000000000000000000000000000000000000000000000000000000000100000110011101001010011100111110001
000000000000000000000000000000000000000000000000000000000000011111111110001010100101111001001100
000000000000000000000000000000000000000000000000000000000000101001111001000110010011110000001001
000000000000000000000000000000000000000000000000000000000000000110101101111101010101110110101101
000000000000000000000000000000000000000000000000000000000000111001100000010100100111010010010010
000000000000000000000000000000000000000000000000000000000000100111000010000110010111010101101001
000000000000000000000000000000000000000000000000000000000000111000011101000001010111101010010111
000000000000000000000000000000000000000000000000000000000000111100111011000001000100001001101111
000000000000000000000000000000000000000000000000000000000000011100100000011011101110010011000000
000000000000000000000000000000000000000000000000000000000000001001011110010010110010101010001010
000000000000000000000000000000000000000000000000000000000000101000110100001111001010011000110010
000000000000000000000000000000000000000000000000000000000000001010011111011000110011000110110101
000000000000000000000000000000000000000000000000000000000000100001010110100010111010011100100011
000000000000000000000000000000000000000000000000000000000000011100010001000010110111111010011010
000000000000000000000000000000000000000000000000000000000000010011011101101110110011011011110111
000000000000000000000000000000000000000000000000000000000000011010110100010001110011110010011101
000000000000000000000000000000000000000000000000000000000000110010011101010100010111000100100110
000000000000000000000000000000000000000000000000000000000000000100100110111110001111001000010111
000000000000000000000000000000000000000000000000000000000000111000110000010000010000011100110010
000000000000000000000000000000000000000000000000000000000000101000001000001000101011001101001000
000000000000000000000000000000000000000000000000000000000000100011001000110100111101101010001000
000000000000000000000000000000000000000000000000000000000000001100100010001101011110110001010101
000000000000000000000000000000000000000000000000000000000000000101000101100011101110000111111001
000000000000000000000000000000000000000000000000000000000000001010110101011110111010110111110001
000000000000000000000000000000000000000000000000000000000000110010000110010110110101000100001000
000000000000000000000000000000000000000000000000000000000000101110101111010101101001111100010110
000000000000000000000000000000000000000000000000000000000000110110011111110011000001111000011010
000000000000000000000000000000000000000000000000000000000000111100010000100111000000101110011011
000000000000000000000000000000000000000000000000000000000000110110100111010010100111101011101000
000000000000000000000000000000000000000000000000000000000000101010110001011100010110100100010000
000000000000000000000000000000000000000000000000000000000000110000100001110110000100111100100011
000000000000000000000000000000000000000000000000000000000000010111000101010000001111001000001110
000000000000000000000000000000000000000000000000000000000000000110110010011101100001111100010011
000000000000000000000000000000000000000000000000000000000000100010001101000000001110110110100000
000000000000000000000000000000000000000000000000000000000000111000000000110110100011101110110100
000000000000000000000000000000000000000000000000000000000000101001110110000110000001011111011111
000000000000000000000000000000000000000000000000000000000000000110100010010110101100001111011000
000000000000000000000000000000000000000000000000000000000000111111100101010001111100001010000111
000000000000000000000000000000000000000000000000000000000000001001110100011110010010000100100110
000000000000000000000000000000000000000000000000000000000000111101001110010011101100110010100011
000000000000000000000000000000000000000000000000000000000000110100011101000111000110100110010101
000000000000000000000000000000000000000000000000000000000000111000101000111000001011111110111110
000000000000000000000000000000000000000000000000000000000000001011101011001110110001000000100100
000000000000000000000000000000000000000000000000000000000000100110010101101011111001010011101011
000000000000000000000000000000000000000000000000000000000000101101100110000101011111100001100010
000000000000000000000000000000000000000000000000000000000000100101100100000011110000001011101001
000000000000000000000000000000000000000000000000000000000000111001011101101100001110001110101100
000000000000000000000000000000000000000000000000000000000000110011111100110001000011000110000110
000000000000000000000000000000000000000000000000000000000000010100100010000111100100010010010001
000000000000000000000000000000000000000000000000000000000000111010000001100100100011110101011010
000000000000000000000000000000000000000000000000000000000000100011011111100001110101010010101101
000000000000000000000000000000000000000000000000000000000000100110011010111001100111010001000010
000000000000000000000000000000000000000000000000000000000000100011000100100100011100101001011100
000000000000000000000000000000000000000000000000000000000000101111011001000111001111001011010101
000000000000000000000000000000000000000000000000000000000000000110111110011010000101000000111010
000000000000000000000000000000000000000000000000000000000000010111100001011101000110110011100000
000000000000000000000000000000000000000000000000000000000000010111011001010111111001101000010100
000000000000000000000000000000000000000000000000000000000000100101110101110001001100001010010001
000000000000000000000000000000000000000000000000000000000000011111000110001011011101001000100100
000000000000000000000000000000000000000000000000000000000000010100111010010101101000101010010010
000000000000000000000000000000000000000000000000000000000000111101010110011101100001000100001001
000000000000000000000000000000000000000000000000000000000000010001110101100100011010011011100011
000000000000000000000000000000000000000000000000000000000000101000000101100000101101100110110000
000000000000000000000000000000000000000000000000000000000000010100001000011110000100111100101100
000000000000000000000000000000000000000000000000000000000000110000011001111110100100010100011000
000000000000000000000000000000000000000000000000000000000000001010100101010000111001100100100001
000000000000000000000000000000000000000000000000000000000000100110110100100100011100101101000001
000000000000000000000000000000000000000000000000000000000000111110001000110011100101111001001101
000000000000000000000000000000000000000000000000000000000000001110110111111100000101100000001100
000000000000000000000000000000000000000000000000000000000000001110000100110010111011101000001000
000000000000000000000000000000000000000000000000000000000000001000111000001110101110001010000011
000000000000000000000000000000000000000000000000000000000000101110101011001101101100000011011010
000000000000000000000000000000000000000000000000000000000000110010110101111111101001111110110010
000000000000000000000000000000000000000000000000000000000000100111101010011001100111010001011101
000000000000000000000000000000000000000000000000000000000000011111000111101111100011000010111001
000000000000000000000000000000000000000000000000000000000000111101011110001001010001010111111011
000000000000000000000000000000000000000000000000000000000000111101110010000101100110000011101110
000000000000000000000000000000000000000000000000000000000000110001110100101011101111001100000110
000000000000000000000000000000000000000000000000000000000000101010111011111000110001111000111101
000000000000000000000000000000000000000000000000000000000000010010100110000000000100100001101010
000000000000000000000000000000000000000000000000000000000000111111000001100100101100100011010000
000000000000000000000000000000000000000000000000000000000000110011000000111001011111111100000110
000000000000000000000000000000000000000000000000000000000000101110110100010111101001001001110110
000000000000000000000000000000000000000000000000000000000000011110010010111010000010111011101000
000000000000000000000000000000000000000000000000000000000000001010110101101000000000001001111100
000000000000000000000000000000000000000000000000000000000000110001110111100001110111010000100000
000000000000000000000000000000000000000000000000000000000000101111010110111000000011110000000001
000000000000000000000000000000000000000000000000000000000000110111110111010001111111010010000110
000000000000000000000000000000000000000000000000000000000000010110100110111010001100110010011010
000000000000000000000000000000000000000000000000000000000000111110111011100001110001100100111001
000000000000000000000000000000000000000000000000000000000000010010000010010000000000111010111010
000000000000000000000000000000000000000000000000000000000000011101110100001101110100111000111100
000000000000000000000000000000000000000000000000000000000000010001000111001100000000001011101110
000000000000000000000000000000000000000000000000000000000000111011100110011011110110100100110101
000000000000000000000000000000000000000000000000000000000000100001000111111111010100011000111001
000000000000000000000000000000000000000000000000000000000000000000111001000010010111010101111011
000000000000000000000000000000000000000000000000000000000000111100011100001110110100111101110000
000000000000000000000000000000000000000000000000000000000000001100100111101011111000010111000101
000000000000000000000000000000000000000000000000000000000000110101010101001101011011110101111101
000000000000000000000000000000000000000000000000000000000000101010001100000001001000110001111100
000000000000000000000000000000000000000000000000000000000000011011111010001111111011110111000011
000000000000000000000000000000000000000000000000000000000000000000011111001000011100011010101011
000000000000000000000000000000000000000000000000000000000000100110111101010101000011011000011110
000000000000000000000000000000000000000000000000000000000000100010000011010101000010010110000110
000000000000000000000000000000000000000000000000000000000000011001101110110101111001111001101001
000000000000000000000000000000000000000000000000000000000000100100010100110100011110110101111111
000000000000000000000000000000000000000000000000000000000000010111101010100010100010011111011011
000000000000000000000000000000000000000000000000000000000000100011000110001000111001010110000010
000000000000000000000000000000000000000000000000000000000000111010000000101110100010011001110110
000000000000000000000000000000000000000000000000000000000000010000101000010000011101100001111110
000000000000000000000000000000000000000000000000000000000000110010111100101001101010001100100101
000000000000000000000000000000000000000000000000000000000000110000111110111000001001011010001011
000000000000000000000000000000000000000000000000000000000000100001110110101110000000001001000100
000000000000000000000000000000000000000000000000000000000000111110110011010000001001101111000100
000000000000000000000000000000000000000000000000000000000000110001101100010010011111111001010010
000000000000000000000000000000000000000000000000000000000000110001110101001001000011011010111100
000000000000000000000000000000000000000000000000000000000000101010001100111100000100111010101111
000000000000000000000000000000000000000000000000000000000000101101011110011000010100001111100000
000000000000000000000000000000000000000000000000000000000000100010111100001101110111111010111100
000000000000000000000000000000000000000000000000000000000000011010000101001111111001111100001100
000000000000000000000000000000000000000000000000000000000000001001001100100001001101100110000011
000000000000000000000000000000000000000000000000000000000000110010011011110001000100011011101001
000000000000000000000000000000000000000000000000000000000000100001101011011010110111111110001011
000000000000000000000000000000000000000000000000000000000000100101110000011011101000000000010110
000000000000000000000000000000000000000000000000000000000000010001111010110000000001000001100100
000000000000000000000000000000000000000000000000000000000000011010000000001100111000100001011010
000000000000000000000000000000000000000000000000000000000000100111000000001001110101010010001110
000000000000000000000000000000000000000000000000000000000000100111011000110010001001000011110111
000000000000000000000000000000000000000000000000000000000000000000000110101101001011110001100000
000000000000000000000000000000000000000000000000000000000000110010111001110100101000100110100100
000000000000000000000000000000000000000000000000000000000000000001000110101010101101010001010000
000000000000000000000000000000000000000000000000000000000000110110110010101001011010111011110010
000000000000000000000000000000000000000000000000000000000000100010111100010111110010100010000011
000000000000000000000000000000000000000000000000000000000000000010000010110011100011011001110101
000000000000000000000000000000000000000000000000000000000000000111000100001010110101000100101100
000000000000000000000000000000000000000000000000000000000000111011110010011110101010010001100011
000000000000000000000000000000000000000000000000000000000000111110000000111011000010001001010000
000000000000000000000000000000000000000000000000000000000000010000100110101010001100111111100101
000000000000000000000000000000000000000000000000000000000000001011011101100000011111001010111101
000000000000000000000000000000000000000000000000000000000000111011000000110010000011110100011111
000000000000000000000000000000000000000000000000000000000000001100110101000010001100111101010000
000000000000000000000000000000000000000000000000000000000000000100000010000011010100101101001101
000000000000000000000000000000000000000000000000000000000000101000011110111000100001001111000101
000000000000000000000000000000000000000000000000000000000000010110111000101000001000011011101100
000000000000000000000000000000000000000000000000000000000000001010011110101001101001100010110110
000000000000000000000000000000000000000000000000000000000000100101110011010000100001111001011100
000000000000000000000000000000000000000000000000000000000000010011110010010101111101101000111000
000000000000000000000000000000000000000000000000000000000000001100101101001000011010101100000110
000000000000000000000000000000000000000000000000000000000000001111100010101110111111100101001000
000000000000000000000000000000000000000000000000000000000000001100101010010011110100111111000011
000000000000000000000000000000000000000000000000000000000000110110010010100111110001101010001110
000000000000000000000000000000000000000000000000000000000000101100110110111110111001000111000010
000000000000000000000000000000000000000000000000000000000000000010111001101100000111011010110001
000000000000000000000000000000000000000000000000000000000000101011100100101011010001101011010010
000000000000000000000000000000000000000000000000000000000000110110110100010110001011001111001100
000000000000000000000000000000000000000000000000000000000000100100000110111111011011000000000110
000000000000000000000000000000000000000000000000000000000000111111110010001010010110110011111000
000000000000000000000000000000000000000000000000000000000000110010000100110000011100001001101100
000000000000000000000000000000000000000000000000000000000000100011010011100001111001110110101110
000000000000000000000000000000000000000000000000000000000000001111101010100111101001000010110101
000000000000000000000000000000000000000000000000000000000000000011110111101110111001010011010101
000000000000000000000000000000000000000000000000000000000000111010011000001110000010011110000110
000000000000000000000000000000000000000000000000000000000000110010001010010101110011101000010010
000000000000000000000000000000000000000000000000000000000000111000010010001010011010100010101011
000000000000000000000000000000000000000000000000000000000000101011010010010100101001000110110000
000000000000000000000000000000000000000000000000000000000000001111110000101111101111100010001111
000000000000000000000000000000000000000000000000000000000000000001100010100111110110110001001001
000000000000000000000000000000000000000000000000000000000000100111101100000001100111111001110110
000000000000000000000000000000000000000000000000000000000000111101110000000110100110110000101100
000000000000000000000000000000000000000000000000000000000000011101110001110101100011110101010110
000000000000000000000000000000000000000000000000000000000000001101000001000010010001001001001011
000000000000000000000000000000000000000000000000000000000000011011110101001001100011010101000000
000000000000000000000000000000000000000000000000000000000000111000111010001001000110110100000110
000000000000000000000000000000000000000000000000000000000000110011100011011001100000010000011111
000000000000000000000000000000000000000000000000000000000000000100110111101110111101101010000110
000000000000000000000000000000000000000000000000000000000000001100101010001000101000000110101010
000000000000000000000000000000000000000000000000000000000000001100010001000000011110000101101110
000000000000000000000000000000000000000000000000000000000000100101110010011010011100011011111100
000000000000000000000000000000000000000000000000000000000000100001110011111101100001000000000101
000000000000000000000000000000000000000000000000000000000000000010100111010011010011111000101110
000000000000000000000000000000000000000000000000000000000000010100001001010001100011100010001001
000000000000000000000000000000000000000000000000000000000000110001011001001101000111001000010011
000000000000000000000000000000000000000000000000000000000000100101000011000110111001011001000100
000000000000000000000000000000000000000000000000000000000000110111100100000101110100011110101101
000000000000000000000000000000000000000000000000000000000000101110001001100111111111101100001110
000000000000000000000000000000000000000000000000000000000000100011100110100111100110001000011010
000000000000000000000000000000000000000000000000000000000000011001000011101000111101000111111011
000000000000000000000000000000000000000000000000000000000000011000111100000010111010101101111011
