000000000000000000000000000000000000000000000000000000000000001100110110010011000001001111010111
000000000000000000000000000000000000000000000000000000000000011111100011000011001000000110011010
000000000000000000000000000000000000000000000000000000000000011001111000011011000111000110011001
000000000000000000000000000000000000000000000000000000000000011101100011001101001000001010000100
000000000000000000000000000000000000000000000000000000000000011110101011101001001101001010111001
000000000000000000000000000000000000000000000000000000000000111110101100100011000000001110100000
000000000000000000000000000000000000000000000000000000000000110010100000101011100010101000111000
000000000000000000000000000000000000000000000000000000000000111001100000001010101111011110111011
000000000000000000000000000000000000000000000000000000000000011110100111000101110100111110010010
000000000000000000000000000000000000000000000000000000000000011100011110000010010101001110011010
000000000000000000000000000000000000000000000000000000000000100111000111101100110000000010010111
000000000000000000000000000000000000000000000000000000000000101000010111011000000000010110001100
000000000000000000000000000000000000000000000000000000000000010110001001100010000001011000110101
000000000000000000000000000000000000000000000000000000000000111111111000000111000001101011111110
000000000000000000000000000000000000000000000000000000000000101000001010010010010010010100100111
000000000000000000000000000000000000000000000000000000000000011111101110011100011100111001101000
000000000000000000000000000000000000000000000000000000000000111010100111110101110100100000100011
000000000000000000000000000000000000000000000000000000000000110111101110011011101010000111101011
000000000000000000000000000000000000000000000000000000000000100011001011100011101111110000100110
000000000000000000000000000000000000000000000000000000000000001111011000110110010111000101101011
000000000000000000000000000000000000000000000000000000000000100001011000000100010010100011111000
000000000000000000000000000000000000000000000000000000000000000001001101000000011110110100110001
000000000000000000000000000000000000000000000000000000000000110010010101001110001100101010000100
000000000000000000000000000000000000000000000000000000000000101110110110110111111101010101100110
000000000000000000000000000000000000000000000000000000000000011100010001100101010101001011101110
000000000000000000000000000000000000000000000000000000000000110110110011000010100011001011111100
000000000000000000000000000000000000000000000000000000000000000000111100100111000100010110011001
000000000000000000000000000000000000000000000000000000000000111001100110011000000111000000111010
000000000000000000000000000000000000000000000000000000000000000010011111000010000100100101101100
000000000000000000000000000000000000000000000000000000000000110011010111011100001101111100100010
000000000000000000000000000000000000000000000000000000000000100010110101000000001101011011111100
000000000000000000000000000000000000000000000000000000000000000001010101110010110010110000101001
000000000000000000000000000000000000000000000000000000000000100100000110000111000101011001011001
000000000000000000000000000000000000000000000000000000000000010000111111101011001100100100000111
000000000000000000000000000000000000000000000000000000000000011100110011001011111100001100001001
000000000000000000000000000000000000000000000000000000000000001000001100011100100100111010101110
000000000000000000000000000000000000000000000000000000000000000100001000100010111001110111110100
000000000000000000000000000000000000000000000000000000000000000000001110111110011000111000100100
000000000000000000000000000000000000000000000000000000000000001011001110010100110001010000101011
000000000000000000000000000000000000000000000000000000000000110111100001000000111111101001001010
000000000000000000000000000000000000000000000000000000000000000110010000111111101000111110011110
000000000000000000000000000000000000000000000000000000000000110101011010101101001110101000111100
000000000000000000000000000000000000000000000000000000000000001001000001000110101010011011000101
000000000000000000000000000000000000000000000000000000000000011000001101000110110010101000100101
000000000000000000000000000000000000000000000000000000000000100011011111011000101100110001100101
000000000000000000000000000000000000000000000000000000000000110111101011100101010000011001110000
000000000000000000000000000000000000000000000000000000000000010100111111011010010101100100000110
000000000000000000000000000000000000000000000000000000000000110011100010011111100110101001101100
000000000000000000000000000000000000000000000000000000000000100100011110011010111011111010001011
000000000000000000000000000000000000000000000000000000000000011010100010111011101000110111001010
000000000000000000000000000000000000000000000000000000000000000000100110101110110100111101101000
000000000000000000000000000000000000000000000000000000000000111001100010110000010101101001101000
000000000000000000000000000000000000000000000000000000000000011111011110110111001101100111100111
000000000000000000000000000000000000000000000000000000000000001010111010001001101101010000110000
000000000000000000000000000000000000000000000000000000000000000010101110010010000101010111010110
000000000000000000000000000000000000000000000000000000000000000100011000011110011010001101010011
000000000000000000000000000000000000000000000000000000000000101011001110010110010100100111111101
000000000000000000000000000000000000000000000000000000000000100111011000001000110100001001010000
000000000000000000000000000000000000000000000000000000000000100100100100001111010011001010111010
000000000000000000000000000000000000000000000000000000000000111011111011110000101011000111000010
000000000000000000000000000000000000000000000000000000000000101000111111111101010000010011101001
000000000000000000000000000000000000000000000000000000000000111010111000011101001000110110011001
000000000000000000000000000000000000000000000000000000000000001100011110001010110101111010100010
000000000000000000000000000000000000000000000000000000000000010100000010100001001100100111001111
000000000000000000000000000000000000000000000000000000000000110100100100101001011111100101010110
000000000000000000000000000000000000000000000000000000000000001001110011101100100110001000011101
000000000000000000000000000000000000000000000000000000000000010110110000110000111110001100000000
000000000000000000000000000000000000000000000000000000000000001110110111111111110110101000011101
000000000000000000000000000000000000000000000000000000000000110110111011101111000001011100110011
000000000000000000000000000000000000000000000000000000000000001110010111101110000110001100000110
000000000000000000000000000000000000000000000000000000000000111101110100100010110111110100110011
000000000000000000000000000000000000000000000000000000000000010001110010001111010100110111001110
000000000000000000000000000000000000000000000000000000000000000100000001000011111010110001000000
000000000000000000000000000000000000000000000000000000000000101111111001000010000000011101001101
000000000000000000000000000000000000000000000000000000000000011100010001101110011101111110001000
000000000000000000000000000000000000000000000000000000000000011101011111100011101111101000001111
000000000000000000000000000000000000000000000000000000000000001110000100011001100100111001101010
000000000000000000000000000000000000000000000000000000000000111100010110011011101010111000101010
000000000000000000000000000000000000000000000000000000000000011101001101101000011000001100101101
000000000000000000000000000000000000000000000000000000000000011000101001111001111001010100111100
000000000000000000000000000000000000000000000000000000000000110011111000100110110110000010110001
000000000000000000000000000000000000000000000000000000000000100101100101010100000001111011011110
000000000000000000000000000000000000000000000000000000000000001100111101110000011010000011111000
000000000000000000000000000000000000000000000000000000000000011111010010000111101100001001111100
000000000000000000000000000000000000000000000000000000000000010001000111100001010101011010001101
000000000000000000000000000000000000000000000000000000000000110010010010110111101011110001010101
000000000000000000000000000000000000000000000000000000000000100000000101000100111111100000110000
000000000000000000000000000000000000000000000000000000000000101001111101100110100000100010111010
000000000000000000000000000000000000000000000000000000000000110101101011001101011001100000000000
000000000000000000000000000000000000000000000000000000000000010110010000100100000010101111111011
000000000000000000000000000000000000000000000000000000000000000010011110101001111010101011000001
000000000000000000000000000000000000000000000000000000000000111001011100101000100101110000110110
000000000000000000000000000000000000000000000000000000000000000110010111110011100001010111011001
000000000000000000000000000000000000000000000000000000000000000011111010100001110100000011110100
000000000000000000000000000000000000000000000000000000000000101001110100001110110010100010000001
000000000000000000000000000000000000000000000000000000000000000100111101100001001100100000110010
000000000000000000000000000000000000000000000000000000000000001000110000010111110100001011001101
000000000000000000000000000000000000000000000000000000000000001101100101010101100100111011000100
000000000000000000000000000000000000000000000000000000000000100111011010100000111000100111111101
000000000000000000000000000000000000000000000000000000000000011000001111011110110101001111101111
000000000000000000000000000000000000000000000000000000000000110111111010101011000111000001101000
000000000000000000000000000000000000000000000000000000000000000010001010001101001011111011101100
000000000000000000000000000000000000000000000000000000000000011110001101110101110110110001010100
000000000000000000000000000000000000000000000000000000000000100011001010110011010010101010010010
000000000000000000000000000000000000000000000000000000000000010101111100011101011101000101100011
000000000000000000000000000000000000000000000000000000000000110111001001110000101001101101000101
000000000000000000000000000000000000000000000000000000000000101100100001001010110000001111110110
000000000000000000000000000000000000000000000000000000000000111101001011110010010100111010000101
000000000000000000000000000000000000000000000000000000000000011000110000010111011010111110101100
000000000000000000000000000000000000000000000000000000000000111100001100110000001100100110101100
000000000000000000000000000000000000000000000000000000000000100101100001000111010111000010010010
000000000000000000000000000000000000000000000000000000000000101010111011011111100111110110100000
000000000000000000000000000000000000000000000000000000000000001011011010111011101101000100011100
000000000000000000000000000000000000000000000000000000000000000011110110100011100111101110011100
000000000000000000000000000000000000000000000000000000000000001110100001011100000010110000001111
000000000000000000000000000000000000000000000000000000000000000000101110011011111111010100110011
000000000000000000000000000000000000000000000000000000000000110000101111110110111100011010011101
000000000000000000000000000000000000000000000000000000000000001011101000011101001011011111001010
000000000000000000000000000000000000000000000000000000000000010001001100000111001011100000110011
000000000000000000000000000000000000000000000000000000000000110000110100101000001011110100011000
000000000000000000000000000000000000000000000000000000000000000101010000111010001100001110001000
000000000000000000000000000000000000000000000000000000000000111000000001010100000100011111110110
000000000000000000000000000000000000000000000000000000000000010101110010001010011001100111001000
000000000000000000000000000000000000000000000000000000000000010000110101011000011110010000001110
000000000000000000000000000000000000000000000000000000000000001011101000100010111111100100001000
000000000000000000000000000000000000000000000000000000000000000100000010001011011010111001011010
000000000000000000000000000000000000000000000000000000000000101111100100110110010101110110000010
000000000000000000000000000000000000000000000000000000000000001000100101101011100110001011101110
000000000000000000000000000000000000000000000000000000000000100111100111001000111101110111100111
000000000000000000000000000000000000000000000000000000000000011010010001111010101110110000101010
000000000000000000000000000000000000000000000000000000000000000010010011011110101100010010000010
000000000000000000000000000000000000000000000000000000000000111010101000001100111101110101101011
000000000000000000000000000000000000000000000000000000000000111110110111001010110011101101011111
000000000000000000000000000000000000000000000000000000000000011011011001100000001110010110111000
000000000000000000000000000000000000000000000000000000000000000000000101101010000111011010001000
000000000000000000000000000000000000000000000000000000000000011000010001000010111110000001111010
000000000000000000000000000000000000000000000000000000000000101101110110100101101010111011101000
000000000000000000000000000000000000000000000000000000000000111000010110010011100000011111111100
000000000000000000000000000000000000000000000000000000000000011010110110011000010111110000111110
000000000000000000000000000000000000000000000000000000000000000001011000010010001111011001101110
000000000000000000000000000000000000000000000000000000000000000101101100011000100010011001011011
000000000000000000000000000000000000000000000000000000000000001100111110110111101110111101100100
000000000000000000000000000000000000000000000000000000000000100011001111001100110011100110110011
000000000000000000000000000000000000000000000000000000000000110000000001111000101110110011111100
000000000000000000000000000000000000000000000000000000000000101100011010010010011100011011011010
000000000000000000000000000000000000000000000000000000000000100110011101101000100100100101001100
000000000000000000000000000000000000000000000000000000000000101111100000110110011111011001100000
000000000000000000000000000000000000000000000000000000000000110001011011011110000001010011000010
000000000000000000000000000000000000000000000000000000000000110111000111011011010101110101011010
000000000000000000000000000000000000000000000000000000000000011110110001100010010110110000000100
000000000000000000000000000000000000000000000000000000000000000110100101001000110001111101101011
000000000000000000000000000000000000000000000000000000000000100110110101110101100101011000011100
000000000000000000000000000000000000000000000000000000000000101111000011110010101101100101011000
000000000000000000000000000000000000000000000000000000000000011010010011100011011100111010110001
000000000000000000000000000000000000000000000000000000000000010000000101010011001111101110000100
000000000000000000000000000000000000000000000000000000000000000001111101011011100111000101110001
000000000000000000000000000000000000000000000000000000000000110000100010011110000101111110011011
000000000000000000000000000000000000000000000000000000000000001000001111001101111010100011110110
000000000000000000000000000000000000000000000000000000000000101010100010101011101101001110111000
000000000000000000000000000000000000000000000000000000000000100101001010111000110111010110110000
000000000000000000000000000000000000000000000000000000000000100001111111111100110100100100011110
000000000000000000000000000000000000000000000000000000000000101011100000001000110101100101111001
000000000000000000000000000000000000000000000000000000000000011110010000110001000000001101000011
000000000000000000000000000000000000000000000000000000000000000011000001011001011000101011100101
000000000000000000000000000000000000000000000000000000000000100000011011000011111001101001001110
000000000000000000000000000000000000000000000000000000000000101001001011010010100000100000000010
000000000000000000000000000000000000000000000000000000000000110011011000011000011110000110001011
000000000000000000000000000000000000000000000000000000000000101001110000010111000101010010111101
000000000000000000000000000000000000000000000000000000000000001110101010010110011100000101110001
000000000000000000000000000000000000000000000000000000000000000000010011101100101111110001011111
000000000000000000000000000000000000000000000000000000000000011100100001011011001011101101001111
000000000000000000000000000000000000000000000000000000000000111111011101011000000100110110000110
000000000000000000000000000000000000000000000000000000000000010110001001010001101110001001100111
000000000000000000000000000000000000000000000000000000000000000101000010001001010101100000100100
000000000000000000000000000000000000000000000000000000000000110011111111010110110101000100010101
000000000000000000000000000000000000000000000000000000000000111100111100001100000000111011000010
000000000000000000000000000000000000000000000000000000000000000011010001101010111000001011100100
000000000000000000000000000000000000000000000000000000000000000100000111001011110011001101100010
000000000000000000000000000000000000000000000000000000000000101000001100010110100010010000000111
000000000000000000000000000000000000000000000000000000000000010011110001000011111101101011111000
000000000000000000000000000000000000000000000000000000000000101111001011110101111111011001001110
000000000000000000000000000000000000000000000000000000000000101010001111110111111000111000111011
000000000000000000000000000000000000000000000000000000000000111100001011111001111011011111010111
000000000000000000000000000000000000000000000000000000000000111110110101100101000100110000011011
000000000000000000000000000000000000000000000000000000000000010001010100010000101010010110010101
000000000000000000000000000000000000000000000000000000000000100110111001001011010010110010011111
000000000000000000000000000000000000000000000000000000000000101010101101001000110100110101011101
000000000000000000000000000000000000000000000000000000000000110001001011000001100001110110000001
000000000000000000000000000000000000000000000000000000000000101101110110011101001110110111011101
000000000000000000000000000000000000000000000000000000000000011111111110000111110011011000001100
000000000000000000000000000000000000000000000000000000000000100000010101010101010101100100010100
000000000000000000000000000000000000000000000000000000000000001011000100100000010011000100001010
000000000000000000000000000000000000000000000000000000000000011111001100000010101010111000010000
000000000000000000000000000000000000000000000000000000000000000111100001101100011100000010101110
000000000000000000000000000000000000000000000000000000000000100000100110001100111111000110010100
000000000000000000000000000000000000000000000000000000000000101101100111100001101001111010101000
000000000000000000000000000000000000000000000000000000000000010001000111111000101010010110000100
000000000000000000000000000000000000000000000000000000000000101111111100011101001111011011110101
000000000000000000000000000000000000000000000000000000000000101010010111000000110010010000000001
000000000000000000000000000000000000000000000000000000000000101111110100100001011101110000000001
000000000000000000000000000000000000000000000000000000000000000101110011100110100101111100110111
000000000000000000000000000000000000000000000000000000000000011001100101000000010010100100010111
000000000000000000000000000000000000000000000000000000000000100011011110101000011010001110101001
000000000000000000000000000000000000000000000000000000000000011011011101110000010001111100011110
000000000000000000000000000000000000000000000000000000000000101001101001000001100110101000101000
000000000000000000000000000000000000000000000000000000000000001000101011101111101000001111111010
000000000000000000000000000000000000000000000000000000000000100111011010010011100010101001100001
000000000000000000000000000000000000000000000000000000000000000011101010111011111100000110111110
000000000000000000000000000000000000000000000000000000000000001001100001110101101011111101000110
000000000000000000000000000000000000000000000000000000000000011111100000010101110001100101111111
000000000000000000000000000000000000000000000000000000000000000001001000110101111101111010000001
000000000000000000000000000000000000000000000000000000000000110100100111011000111111001010010100
000000000000000000000000000000000000000000000000000000000000100111010110011111100011101110000001
000000000000000000000000000000000000000000000000000000000000010101100110010110110101011111101110
000000000000000000000000000000000000000000000000000000000000000011001000000101010101011101011001
000000000000000000000000000000000000000000000000000000000000011110010101111011111110101010111010
000000000000000000000000000000000000000000000000000000000000010110011001101001111001101100100100
000000000000000000000000000000000000000000000000000000000000111000010001010000101100011011110111
000000000000000000000000000000000000000000000000000000000000001011010110011011101100111110101001
000000000000000000000000000000000000000000000000000000000000110000100011110000110110000111001100
000000000000000000000000000000000000000000000000000000000000100101010010001111101100110011111111
000000000000000000000000000000000000000000000000000000000000111100010100101010110011000000111001
000000000000000000000000000000000000000000000000000000000000000101010110100100001010001100001001
000000000000000000000000000000000000000000000000000000000000111001010101100000110101110010000100
000000000000000000000000000000000000000000000000000000000000101001110011101011000010100010101000
000000000000000000000000000000000000000000000000000000000000001111010010000101011101111000011010
000000000000000000000000000000000000000000000000000000000000110110001100001000011100111100011011
000000000000000000000000000000000000000000000000000000000000100001000011011101111101010101110101
000000000000000000000000000000000000000000000000000000000000100101011100010100111111001110010100
000000000000000000000000000000000000000000000000000000000000110111101000011101100100011100010010
000000000000000000000000000000000000000000000000000000000000001101100111001000011110010100110100
000000000000000000000000000000000000000000000000000000000000010001111000010001011000010110011011
000000000000000000000000000000000000000000000000000000000000101111110111100000111111110111111110
000000000000000000000000000000000000000000000000000000000000101110110110011110100001001111100001
000000000000000000000000000000000000000000000000000000000000000000110011100001001001001001000000
000000000000000000000000000000000000000000000000000000000000000101011011001101001010010011101110
000000000000000000000000000000000000000000000000000000000000110011001100110111011001011100000111
000000000000000000000000000000000000000000000000000000000000100100011111001111001011000011011011
000000000000000000000000000000000000000000000000000000000000110101010010101110010101110100010010
000000000000000000000000000000000000000000000000000000000000110000010001110101100011010001110111
000000000000000000000000000000000000000000000000000000000000000110000111101110010101101110000000
000000000000000000000000000000000000000000000000000000000000010111001001000100111100001011000010
000000000000000000000000000000000000000000000000000000000000001101011110110110011100010110010001
000000000000000000000000000000000000000000000000000000000000101000111101000011100101001100010110
000000000000000000000000000000000000000000000000000000000000001011011100110011000101001110101110
000000000000000000000000000000000000000000000000000000000000110001101100111100100110110100001000
000000000000000000000000000000000000000000000000000000000000101101001001101101110011101101011111
000000000000000000000000000000000000000000000000000000000000000101101000111001000101011110111100
000000000000000000000000000000000000000000000000000000000000101101011001100010110000101101011010
000000000000000000000000000000000000000000000000000000000000010000011101101011101111100110111000
000000000000000000000000000000000000000000000000000000000000010011001001101010100100110111100010
000000000000000000000000000000000000000000000000000000000000011110010010000000000111011100010000
000000000000000000000000000000000000000000000000000000000000010101011001000111001101100000100000
000000000000000000000000000000000000000000000000000000000000110011110010000010010011111100000110
000000000000000000000000000000000000000000000000000000000000110001100000110101010010010010100001
000000000000000000000000000000000000000000000000000000000000000010011100010011110001110111101011
000000000000000000000000000000000000000000000000000000000000111000100101101111000100101010010010
000000000000000000000000000000000000000000000000000000000000110110000110110110111111001101000111
000000000000000000000000000000000000000000000000000000000000111111001000011101110000001001100000
000000000000000000000000000000000000000000000000000000000000110100011010100101101000100010110110
000000000000000000000000000000000000000000000000000000000000000111111110011101010001000011010000
000000000000000000000000000000000000000000000000000000000000110111010110001010001011001010110000
000000000000000000000000000000000000000000000000000000000000011001110011111010011111101010011010
000000000000000000000000000000000000000000000000000000000000001111001100001001010010000001000111
000000000000000000000000000000000000000000000000000000000000011101011001010000111010100101100001
000000000000000000000000000000000000000000000000000000000000000111100101000001001110001001110011
000000000000000000000000000000000000000000000000000000000000110101110001101001100011000001000000
000000000000000000000000000000000000000000000000000000000000111100001110101111000011111011100010
000000000000000000000000000000000000000000000000000000000000001110000001010000101001000001111001
000000000000000000000000000000000000000000000000000000000000110000111010101111101111110110101011
000000000000000000000000000000000000000000000000000000000000000111111100111111010001101000111101
000000000000000000000000000000000000000000000000000000000000100100100101011100001010100111100111
000000000000000000000000000000000000000000000000000000000000011010111110101100011011101100100110
000000000000000000000000000000000000000000000000000000000000001000011010011101011011100010111011
000000000000000000000000000000000000000000000000000000000000000000110001000111001010100011000000
000000000000000000000000000000000000000000000000000000000000010011100001010001000000111100011110
000000000000000000000000000000000000000000000000000000000000000111101001111001000011011000100010
000000000000000000000000000000000000000000000000000000000000111100011100010000101001000010001111
000000000000000000000000000000000000000000000000000000000000001101110010010101000101001101000100
000000000000000000000000000000000000000000000000000000000000000110111001011000010001011110101110
000000000000000000000000000000000000000000000000000000000000000000000011110001111110000110111111
000000000000000000000000000000000000000000000000000000000000101001011101100101011011001000110010
000000000000000000000000000000000000000000000000000000000000001011000010100111111100001000010101
000000000000000000000000000000000000000000000000000000000000111110110001010011100111011110001010
000000000000000000000000000000000000000000000000000000000000111110001101111111101001000101100100
000000000000000000000000000000000000000000000000000000000000100010011111000000101010100101110101
000000000000000000000000000000000000000000000000000000000000010110111010110001111110110100111001
000000000000000000000000000000000000000000000000000000000000111110011110111101001100111001000111
000000000000000000000000000000000000000000000000000000000000011000001011001000100011000111011010
000000000000000000000000000000000000000000000000000000000000011001010010101011001111101110111110
000000000000000000000000000000000000000000000000000000000000011010110100011011001011010101110110
000000000000000000000000000000000000000000000000000000000000101000111110010001010010011110100010
000000000000000000000000000000000000000000000000000000000000110000010110011111010111100000001001
000000000000000000000000000000000000000000000000000000000000000001111011001011101101111000000001
000000000000000000000000000000000000000000000000000000000000111101001110011101100011011010110100
000000000000000000000000000000000000000000000000000000000000010010111011100001000000101100011100
000000000000000000000000000000000000000000000000000000000000011001111100110011001010011111011010
000000000000000000000000000000000000000000000000000000000000011000001110011001101101001010000111
000000000000000000000000000000000000000000000000000000000000011001000101111010010001011010110110
000000000000000000000000000000000000000000000000000000000000000001000001010001110111000000011101
000000000000000000000000000000000000000000000000000000000000101110000011010110101010010111111001
000000000000000000000000000000000000000000000000000000000000111001010111110111001000100010101001
000000000000000000000000000000000000000000000000000000000000000111101110110100110011000101000111
000000000000000000000000000000000000000000000000000000000000100101011011001100111010101011110001
000000000000000000000000000000000000000000000000000000000000010101110011010100011101000000010101
000000000000000000000000000000000000000000000000000000000000010111001100010110110100110101100100
000000000000000000000000000000000000000000000000000000000000001101011011000101010000111000011011
000000000000000000000000000000000000000000000000000000000000111000010111101110010111100000000100
000000000000000000000000000000000000000000000000000000000000111010001000110111111101100001001001
000000000000000000000000000000000000000000000000000000000000100001100010110100000011101111011000
000000000000000000000000000000000000000000000000000000000000111010001111101110111010001110101110
000000000000000000000000000000000000000000000000000000000000010000011110011010011100101000000000
000000000000000000000000000000000000000000000000000000000000010100110011010011010000100000011100
000000000000000000000000000000000000000000000000000000000000011111111101100111010000011111110101
000000000000000000000000000000000000000000000000000000000000010000111010101000000100001111101011
000000000000000000000000000000000000000000000000000000000000101000010000111011000001101111110111
000000000000000000000000000000000000000000000000000000000000110111000111010101000001101110011000
000000000000000000000000000000000000000000000000000000000000110110100001100111111110111010100111
000000000000000000000000000000000000000000000000000000000000111100101111001011100101011001101110
000000000000000000000000000000000000000000000000000000000000100101110111011001011001110001010011
000000000000000000000000000000000000000000000000000000000000111110000111111110011111001010001110
000000000000000000000000000000000000000000000000000000000000100000111110011000000100100111000110
000000000000000000000000000000000000000000000000000000000000111010001000100100011000001000000010
000000000000000000000000000000000000000000000000000000000000011010111001000100011000111101101001
000000000000000000000000000000000000000000000000000000000000101101000000010100010011001011101111
000000000000000000000000000000000000000000000000000000000000010111000000011101110010101101110101
000000000000000000000000000000000000000000000000000000000000111101000000100100110111001011011001
000000000000000000000000000000000000000000000000000000000000100100110010111101100110110110011001
000000000000000000000000000000000000000000000000000000000000001011100000001010000100010110110010
000000000000000000000000000000000000000000000000000000000000101011010011001110111100011010110101
000000000000000000000000000000000000000000000000000000000000111011011000010100111110100100111001
000000000000000000000000000000000000000000000000000000000000011011010110000001110001001111101100
000000000000000000000000000000000000000000000000000000000000000100110000101110111000001000000011
000000000000000000000000000000000000000000000000000000000000010010011000000111010011010111010111
000000000000000000000000000000000000000000000000000000000000111000010000000111111011010000010001
000000000000000000000000000000000000000000000000000000000000000101000100010001110110101111110101
000000000000000000000000000000000000000000000000000000000000101001000100001100011011101101101001
000000000000000000000000000000000000000000000000000000000000100001000110000011000011110001110001
000000000000000000000000000000000000000000000000000000000000101011011110100000000100100010000010
000000000000000000000000000000000000000000000000000000000000101111110101011110111000100011110100
000000000000000000000000000000000000000000000000000000000000011011110111110110010001011111100100
000000000000000000000000000000000000000000000000000000000000100001111110010101001010001101100100
000000000000000000000000000000000000000000000000000000000000011010110110100001110110100011110100
000000000000000000000000000000000000000000000000000000000000101111110001000010111101001010101110
000000000000000000000000000000000000000000000000000000000000000011111110000010101010101111111100
000000000000000000000000000000000000000000000000000000000000101001110010110010000001000111110110
000000000000000000000000000000000000000000000000000000000000011110110100100001110100001100001010
000000000000000000000000000000000000000000000000000000000000010010010101001100001000101100100110
000000000000000000000000000000000000000000000000000000000000111100110010000001000010100000010011
000000000000000000000000000000000000000000000000000000000000001010010111111000011101010110111011
000000000000000000000000000000000000000000000000000000000000010100011011010010011100010001100110
000000000000000000000000000000000000000000000000000000000000000101100111001000011001010000110101
000000000000000000000000000000000000000000000000000000000000111010010101001111100010101001011001
000000000000000000000000000000000000000000000000000000000000111101100100011001001100000010100000
000000000000000000000000000000000000000000000000000000000000110111011100011011000101000110000110
000000000000000000000000000000000000000000000000000000000000111011100000001100000010110010111110
000000000000000000000000000000000000000000000000000000000000101010101001110110100101101100000010
000000000000000000000000000000000000000000000000000000000000100111101111110110111101011000010000
000000000000000000000000000000000000000000000000000000000000010100111101000001001010101110001101
000000000000000000000000000000000000000000000000000000000000111011011100000010011111001111001111
000000000000000000000000000000000000000000000000000000000000111001110100011110111111111101001011
000000000000000000000000000000000000000000000000000000000000011011000000110011101111000000000101
000000000000000000000000000000000000000000000000000000000000100011011100010101100000101100010000
000000000000000000000000000000000000000000000000000000000000100111101001111001111110010110001000
000000000000000000000000000000000000000000000000000000000000110000111011001010101000000011001101
000000000000000000000000000000000000000000000000000000000000110100000110110001111000111001100111
000000000000000000000000000000000000000000000000000000000000010000111000111110100011011010110011
000000000000000000000000000000000000000000000000000000000000110011101110100101001100000110010100
000000000000000000000000000000000000000000000000000000000000001000001010010110110011011101100110
000000000000000000000000000000000000000000000000000000000000110011110111000111000111001101011110
000000000000000000000000000000000000000000000000000000000000010000111101101011001100010001100101
000000000000000000000000000000000000000000000000000000000000100101010100100110000011010111000101
000000000000000000000000000000000000000000000000000000000000000110101111110011101000111111111010
000000000000000000000000000000000000000000000000000000000000010100000110110000110110101011001010
000000000000000000000000000000000000000000000000000000000000001011000101000101011111101111101010
000000000000000000000000000000000000000000000000000000000000101000100011000111100101001111011001
000000000000000000000000000000000000000000000000000000000000101110110100100111111011110000000010
000000000000000000000000000000000000000000000000000000000000101110100110110011111101111010001100
000000000000000000000000000000000000000000000000000000000000010001110111000110001111110010001001
000000000000000000000000000000000000000000000000000000000000011111000100110010000100101101100100
000000000000000000000000000000000000000000000000000000000000000010111100011001111010100111100001
000000000000000000000000000000000000000000000000000000000000111011010111101011000110000100100001
000000000000000000000000000000000000000000000000000000000000100011010111100100110100100001101110
000000000000000000000000000000000000000000000000000000000000000101000000010110001011100000000101
000000000000000000000000000000000000000000000000000000000000111111011100100010100111011010011010
000000000000000000000000000000000000000000000000000000000000010010101111110000010001011000110100
000000000000000000000000000000000000000000000000000000000000101010000010100011101101010100010001
000000000000000000000000000000000000000000000000000000000000111010110000111011110101000001100000
000000000000000000000000000000000000000000000000000000000000001010011011100001101110110010101101
000000000000000000000000000000000000000000000000000000000000011011101011111110101110110010100000
000000000000000000000000000000000000000000000000000000000000000110110100101010001111011000101111
000000000000000000000000000000000000000000000000000000000000011110011101011111000010110110100000
000000000000000000000000000000000000000000000000000000000000100100011000001100010000010110011110
000000000000000000000000000000000000000000000000000000000000010111100000110110110000011100111101
000000000000000000000000000000000000000000000000000000000000101010011000110000001011010111100110
000000000000000000000000000000000000000000000000000000000000100011010000110101000111010001000011
000000000000000000000000000000000000000000000000000000000000110101111001111111110011101110001010
000000000000000000000000000000000000000000000000000000000000011101001001000011110101001010001100
000000000000000000000000000000000000000000000000000000000000011101111010111101101000000000101111
000000000000000000000000000000000000000000000000000000000000011011001001001111001100110001000000
000000000000000000000000000000000000000000000000000000000000001011100000010111110000010101011100
000000000000000000000000000000000000000000000000000000000000011000011111101011011101011110000010
000000000000000000000000000000000000000000000000000000000000000111101110110011100001000010010111
000000000000000000000000000000000000000000000000000000000000100100011111000000000111000011101000
000000000000000000000000000000000000000000000000000000000000111001101011110110001110111110111000
000000000000000000000000000000000000000000000000000000000000111001111011111010000001001011111010
000000000000000000000000000000000000000000000000000000000000101001100011101110011000110000111010
000000000000000000000000000000000000000000000000000000000000010111000111011000011110010011101001
000000000000000000000000000000000000000000000000000000000000100000100011000100110000001010100110
000000000000000000000000000000000000000000000000000000000000011100111001011110010001001001101100
000000000000000000000000000000000000000000000000000000000000011100101000001011010000100011100010
000000000000000000000000000000000000000000000000000000000000100010001011100000000100111000001000
000000000000000000000000000000000000000000000000000000000000000101010111011011111111001000000111
000000000000000000000000000000000000000000000000000000000000100101001001110111111100110000100001
000000000000000000000000000000000000000000000000000000000000100101110010100110111110001111000010
000000000000000000000000000000000000000000000000000000000000111000000010100101010001110101101000
000000000000000000000000000000000000000000000000000000000000011111111100100101010110111000011010
000000000000000000000000000000000000000000000000000000000000111111011110011010111111100111011100
000000000000000000000000000000000000000000000000000000000000010110010010000101010111011000000110
000000000000000000000000000000000000000000000000000000000000110101001111001010101101100101111010
000000000000000000000000000000000000000000000000000000000000011010111001111110010000101000100000
000000000000000000000000000000000000000000000000000000000000100111000000011111001001111001010011
000000000000000000000000000000000000000000000000000000000000111100111111011011111100001010111110
000000000000000000000000000000000000000000000000000000000000000100111101001000111000001000010110
000000000000000000000000000000000000000000000000000000000000000000101111111011000111111110010101
000000000000000000000000000000000000000000000000000000000000100001010100110011011001010101000000
000000000000000000000000000000000000000000000000000000000000100001010101101101001111110111110111
000000000000000000000000000000000000000000000000000000000000101101011111110111100100100101101011
000000000000000000000000000000000000000000000000000000000000100001101011010000000010101111110010
000000000000000000000000000000000000000000000000000000000000010111100101110001001100001100110001
000000000000000000000000000000000000000000000000000000000000100000000111011001001000001101010010
000000000000000000000000000000000000000000000000000000000000111011100100110111110111011111110000
000000000000000000000000000000000000000000000000000000000000001101101011100011111011111100011111
000000000000000000000000000000000000000000000000000000000000111001111111001011011010101101111001
000000000000000000000000000000000000000000000000000000000000111111001110101110101010000110010000
000000000000000000000000000000000000000000000000000000000000001001000011101100100010010010000101
000000000000000000000000000000000000000000000000000000000000000010111100111111101011110101101001
000000000000000000000000000000000000000000000000000000000000010110010110010011111100000111111001
000000000000000000000000000000000000000000000000000000000000110000101111110100010000101010110001
000000000000000000000000000000000000000000000000000000000000000111010111001100001110111111001111
000000000000000000000000000000000000000000000000000000000000100111000111010010000111011010100010
000000000000000000000000000000000000000000000000000000000000000110111001001011011010110110100100
000000000000000000000000000000000000000000000000000000000000100111111001010101010010011000100110
000000000000000000000000000000000000000000000000000000000000001100010001010000001010000111000010
000000000000000000000000000000000000000000000000000000000000101010110010101010110111100110110110
000000000000000000000000000000000000000000000000000000000000011000110110010001111101011011100110
000000000000000000000000000000000000000000000000000000000000011000110000100100010101001000001001
000000000000000000000000000000000000000000000000000000000000010010001101110111111010001011000111
000000000000000000000000000000000000000000000000000000000000110100011001111101001100001010010100
000000000000000000000000000000000000000000000000000000000000100010111001101000011100100011001111
000000000000000000000000000000000000000000000000000000000000010111011110010110000011011011110011
000000000000000000000000000000000000000000000000000000000000011101101101001001011101101111001110
000000000000000000000000000000000000000000000000000000000000010000011001000111111110111001011000
000000000000000000000000000000000000000000000000000000000000000001001010001000100011100100001100
000000000000000000000000000000000000000000000000000000000000011111100001101011001000001001010101
000000000000000000000000000000000000000000000000000000000000101001010011101010001100100001001011
000000000000000000000000000000000000000000000000000000000000110100110101110011001000101010010010
000000000000000000000000000000000000000000000000000000000000101011111100100010001001101001011001
000000000000000000000000000000000000000000000000000000000000100010100111000010010111000001111011
000000000000000000000000000000000000000000000000000000000000001110110111110100010000000001110111
000000000000000000000000000000000000000000000000000000000000101111000100000001000110110000100010
000000000000000000000000000000000000000000000000000000000000000000000100100110110110011111110010
000000000000000000000000000000000000000000000000000000000000110011101000000110001011100100001110
000000000000000000000000000000000000000000000000000000000000001001011010011110001011111111011000
000000000000000000000000000000000000000000000000000000000000010111110110101110001001110000110111
000000000000000000000000000000000000000000000000000000000000110010100001000000001010011011100010
000000000000000000000000000000000000000000000000000000000000011010010101011000100010111011010011
000000000000000000000000000000000000000000000000000000000000001010010110010010010011110111101001
000000000000000000000000000000000000000000000000000000000000100011011000100000011111000011010101
000000000000000000000000000000000000000000000000000000000000111101111111001101010110100011110001
000000000000000000000000000000000000000000000000000000000000111111100101100101101001111111110001
000000000000000000000000000000000000000000000000000000000000000001010101010110000111000001110001
000000000000000000000000000000000000000000000000000000000000000101010100011010101110100000000101
000000000000000000000000000000000000000000000000000000000000010011101110110110011111101111101111
000000000000000000000000000000000000000000000000000000000000110101100011110101010011110101000110
000000000000000000000000000000000000000000000000000000000000000100010010001000000111000101100010
000000000000000000000000000000000000000000000000000000000000010101110111111100000010110110101100
000000000000000000000000000000000000000000000000000000000000100101000001100100101111101010110001
000000000000000000000000000000000000000000000000000000000000011000000100100001001011011111010001
000000000000000000000000000000000000000000000000000000000000101101111100110000110001010011111111
000000000000000000000000000000000000000000000000000000000000111101100111010010000000001100111110
000000000000000000000000000000000000000000000000000000000000111001110110001110010100001110101010
000000000000000000000000000000000000000000000000000000000000111000110111000000110110011101111100
000000000000000000000000000000000000000000000000000000000000101010010101111100011011000011000110
000000000000000000000000000000000000000000000000000000000000111000111010011011010101010001000110
000000000000000000000000000000000000000000000000000000000000000110100001000100010100101110001011
000000000000000000000000000000000000000000000000000000000000000110011000111011111001000000011100
000000000000000000000000000000000000000000000000000000000000010100011000110011011110111111111110
000000000000000000000000000000000000000000000000000000000000110101010100101001111111111001110001
000000000000000000000000000000000000000000000000000000000000111010110110110010011010110101011011
000000000000000000000000000000000000000000000000000000000000111000000110100111101100000111011001
000000000000000000000000000000000000000000000000000000000000001100011100111110110011011011010110
000000000000000000000000000000000000000000000000000000000000011001000110011010101010100001101010
000000000000000000000000000000000000000000000000000000000000000110101010111000111111100001111000
000000000000000000000000000000000000000000000000000000000000100000001001001101011000111011001101
000000000000000000000000000000000000000000000000000000000000001111011100101010101010010100011011
000000000000000000000000000000000000000000000000000000000000111000111101010000111100101101001011
000000000000000000000000000000000000000000000000000000000000000011100101101110110011010111101110
000000000000000000000000000000000000000000000000000000000000010000101011100111100010001010100010
000000000000000000000000000000000000000000000000000000000000011111011000111001010010111100110001
000000000000000000000000000000000000000000000000000000000000011000100010000001011010001011011101
000000000000000000000000000000000000000000000000000000000000011000101001111011101010110001001011
000000000000000000000000000000000000000000000000000000000000111010110000000011001011010100011010
000000000000000000000000000000000000000000000000000000000000001110011011010100111011111001001011
000000000000000000000000000000000000000000000000000000000000101111101100011100011110001110000110
000000000000000000000000000000000000000000000000000000000000010010100110101000010111100001010100
000000000000000000000000000000000000000000000000000000000000000010001010101011111110110000000010
000000000000000000000000000000000000000000000000000000000000101110110111101111100011011010101000
000000000000000000000000000000000000000000000000000000000000011100111111000110110010101011101010
000000000000000000000000000000000000000000000000000000000000010001011000000101100101110000011000
000000000000000000000000000000000000000000000000000000000000000101010010100101000011110000010001
000000000000000000000000000000000000000000000000000000000000000111101101101011111000100100001110
000000000000000000000000000000000000000000000000000000000000001000010100101011101110100001110110
000000000000000000000000000000000000000000000000000000000000100111110000100101000011001001010011
000000000000000000000000000000000000000000000000000000000000111011111110011001100001100001101011
000000000000000000000000000000000000000000000000000000000000000001011100101100010111110100001110
000000000000000000000000000000000000000000000000000000000000101111010111010011101001100101001110
000000000000000000000000000000000000000000000000000000000000001001111000000111010001011100011011
000000000000000000000000000000000000000000000000000000000000001101000010001100111110001101010111
000000000000000000000000000000000000000000000000000000000000001011001001001101001000111010111111
000000000000000000000000000000000000000000000000000000000000110000110111010111001111011000111001
000000000000000000000000000000000000000000000000000000000000011111100010001110000011111100001001
000000000000000000000000000000000000000000000000000000000000010100011110111010110100011110011101
000000000000000000000000000000000000000000000000000000000000011000010001000000011100110010111000
000000000000000000000000000000000000000000000000000000000000101010111101001100000011111100111001
000000000000000000000000000000000000000000000000000000000000010110101111001100001100011110011101
000000000000000000000000000000000000000000000000000000000000101110000010101101000110000100010111
000000000000000000000000000000000000000000000000000000000000011010100101001101101000000010111101
000000000000000000000000000000000000000000000000000000000000100010001110100110001100010010111011
000000000000000000000000000000000000000000000000000000000000000001000011101110000111011110000011
000000000000000000000000000000000000000000000000000000000000011110101001010101011110011100111101
000000000000000000000000000000000000000000000000000000000000101011001110001101010001011000110100
000000000000000000000000000000000000000000000000000000000000111101111000111111001000100111010111
000000000000000000000000000000000000000000000000000000000000101110001010110110110010000101010010
000000000000000000000000000000000000000000000000000000000000011000111111111100011000011110000011
000000000000000000000000000000000000000000000000000000000000100110000010101010110111000101011110
000000000000000000000000000000000000000000000000000000000000101010100000111000011010110011001010
000000000000000000000000000000000000000000000000000000000000000010000110100111011000101011111000
000000000000000000000000000000000000000000000000000000000000100101101000100011110000110011100011
000000000000000000000000000000000000000000000000000000000000110101111011000000000111100000010100
000000000000000000000000000000000000000000000000000000000000001010100011111010111101110001100101
000000000000000000000000000000000000000000000000000000000000010001001111000110100011101010101101
000000000000000000000000000000000000000000000000000000000000010001111000001110111011110100010000
000000000000000000000000000000000000000000000000000000000000000001010110100011010010010000110010
000000000000000000000000000000000000000000000000000000000000000101100000011101100101110101010011
000000000000000000000000000000000000000000000000000000000000010010110010101010111011001001100011
000000000000000000000000000000000000000000000000000000000000110100011011011111010011000110101111
000000000000000000000000000000000000000000000000000000000000011101101100010110100010000011001000
000000000000000000000000000000000000000000000000000000000000101101000000011011100000111001001110
000000000000000000000000000000000000000000000000000000000000110000001101100111111101101001010110
000000000000000000000000000000000000000000000000000000000000000101100101001100011011111010011011
000000000000000000000000000000000000000000000000000000000000100010001010100000101100110110100111
000000000000000000000000000000000000000000000000000000000000001011110000001000111111101001011011
000000000000000000000000000000000000000000000000000000000000001111000010011111110001100101110110
000000000000000000000000000000000000000000000000000000000000110010010101010101000011011011110001
000000000000000000000000000000000000000000000000000000000000100001001000010100010111111110111100
000000000000000000000000000000000000000000000000000000000000011001011000110110010110010110001010
000000000000000000000000000000000000000000000000000000000000010001110100110001001100111010010011
000000000000000000000000000000000000000000000000000000000000111100101111010001000001110101101110
000000000000000000000000000000000000000000000000000000000000111000111000000111010000010110001000
000000000000000000000000000000000000000000000000000000000000010011110000101010001111110001000100
000000000000000000000000000000000000000000000000000000000000010001101101000000101001010011101011
000000000000000000000000000000000000000000000000000000000000000001100001011011011010011000100001
000000000000000000000000000000000000000000000000000000000000111001101001100010001100110001001101
000000000000000000000000000000000000000000000000000000000000101001011011000001101010000110111011
000000000000000000000000000000000000000000000000000000000000010011001100110011111100111100010010
000000000000000000000000000000000000000000000000000000000000010000100110110101111110111001100101
000000000000000000000000000000000000000000000000000000000000111110010001010100111001111010000111
000000000000000000000000000000000000000000000000000000000000110011111001100111010110000011110001
000000000000000000000000000000000000000000000000000000000000010011101000100111011000110111100011
000000000000000000000000000000000000000000000000000000000000101111111111111010011101100001111010
000000000000000000000000000000000000000000000000000000000000100001111010001011000111100011110010
000000000000000000000000000000000000000000000000000000000000001010111011000010001001011001101110
000000000000000000000000000000000000000000000000000000000000111101011100010001011100010101101000
000000000000000000000000000000000000000000000000000000000000001010010110111000011100100010110011
000000000000000000000000000000000000000000000000000000000000011000101010110010011011010001010010
000000000000000000000000000000000000000000000000000000000000110100000000010101110000100101110100
000000000000000000000000000000000000000000000000000000000000100000000111010010101100011011110001
000000000000000000000000000000000000000000000000000000000000101100011101101000111010011100101010
000000000000000000000000000000000000000000000000000000000000100111111000101010011010111101011011
000000000000000000000000000000000000000000000000000000000000010100011011011000111001000110100111
000000000000000000000000000000000000000000000000000000000000011000100111101010000011011110010001
000000000000000000000000000000000000000000000000000000000000111101100111110101111011001010100100
000000000000000000000000000000000000000000000000000000000000100011011100001100010101000001010010
000000000000000000000000000000000000000000000000000000000000110100001110111000010111111001000110
000000000000000000000000000000000000000000000000000000000000001110100110000110010010001100110111
000000000000000000000000000000000000000000000000000000000000001000110100001111011101001101001000
000000000000000000000000000000000000000000000000000000000000110110000010111110010110010010100001
000000000000000000000000000000000000000000000000000000000000101111100011111001100110010010001110
000000000000000000000000000000000000000000000000000000000000111000011101100100110001101111110101
000000000000000000000000000000000000000000000000000000000000101010101001101100010011100011100111
000000000000000000000000000000000000000000000000000000000000010010100101110010101100011001001000
000000000000000000000000000000000000000000000000000000000000010000010110010010000001111111000101
000000000000000000000000000000000000000000000000000000000000111000001010000101011001110010101001
000000000000000000000000000000000000000000000000000000000000011101101111010000100111100001100110
000000000000000000000000000000000000000000000000000000000000011101101101010111010010110111000101
000000000000000000000000000000000000000000000000000000000000100000100111100000011111011110000011
000000000000000000000000000000000000000000000000000000000000010111001110110011001101001100100001
000000000000000000000000000000000000000000000000000000000000000011100110111110001110000100010000
000000000000000000000000000000000000000000000000000000000000010000010001010101100010111011011011
