000000000000000000000000000000000000000000000000000000000000001101100100011110111001010101111110
000000000000000000000000000000000000000000000000000000000000011111110111010110011100111000111000
000000000000000000000000000000000000000000000000000000000000011110000010011100111010110000000000
000000000000000000000000000000000000000000000000000000000000110001100111111010100100010011011000
000000000000000000000000000000000000000000000000000000000000100000101011111101101101101111001111
000000000000000000000000000000000000000000000000000000000000100100000101001111010011110011010100
000000000000000000000000000000000000000000000000000000000000110010001101000000001010001100001001
000000000000000000000000000000000000000000000000000000000000001011111110000111101011011100011011
000000000000000000000000000000000000000000000000000000000000011101010010110111011110001110111100
000000000000000000000000000000000000000000000000000000000000101011001011011000101100111000110000
000000000000000000000000000000000000000000000000000000000000100100101110101010001111010111100110
000000000000000000000000000000000000000000000000000000000000010001000101100000110100100000111000
000000000000000000000000000000000000000000000000000000000000010011010100111010001101010111100100
000000000000000000000000000000000000000000000000000000000000110100010110100010110000101100000101
000000000000000000000000000000000000000000000000000000000000111000010110000001110111111100000101
000000000000000000000000000000000000000000000000000000000000100010100011111010000010011001110010
000000000000000000000000000000000000000000000000000000000000100000100110101101101101011100110001
000000000000000000000000000000000000000000000000000000000000011010100011111011001000000111011001
000000000000000000000000000000000000000000000000000000000000110111001111111101000110101101000011
000000000000000000000000000000000000000000000000000000000000001101000010001011111001001001001100
000000000000000000000000000000000000000000000000000000000000111001100111101001010000100000001011
000000000000000000000000000000000000000000000000000000000000111001010100101000011110111100101110
000000000000000000000000000000000000000000000000000000000000111101111111000000011001111000111111
000000000000000000000000000000000000000000000000000000000000110101110111101010010011001010100111
000000000000000000000000000000000000000000000000000000000000100110111000011000000101110110110101
000000000000000000000000000000000000000000000000000000000000001111111100110101110101110111000110
000000000000000000000000000000000000000000000000000000000000100111100010110110011101001010000101
000000000000000000000000000000000000000000000000000000000000011000000111110011110001001011100000
000000000000000000000000000000000000000000000000000000000000111010110011100001001010101010011110
000000000000000000000000000000000000000000000000000000000000001111101110100101001010010110000000
000000000000000000000000000000000000000000000000000000000000110010110010000100100111001001001011
000000000000000000000000000000000000000000000000000000000000000010010000011000011001111010000010
000000000000000000000000000000000000000000000000000000000000100110001110111100011111011001110011
000000000000000000000000000000000000000000000000000000000000100010111000011101111010111111101100
000000000000000000000000000000000000000000000000000000000000111111011111100001011101010111010011
000000000000000000000000000000000000000000000000000000000000001001110011110010001101010010111000
000000000000000000000000000000000000000000000000000000000000000011010010101010111000100001010101
000000000000000000000000000000000000000000000000000000000000000101111010010010010101110000011000
000000000000000000000000000000000000000000000000000000000000101001100011110010000010001111111100
000000000000000000000000000000000000000000000000000000000000011011001000110000010110111010010011
000000000000000000000000000000000000000000000000000000000000101010101010011001011111111010001000
000000000000000000000000000000000000000000000000000000000000110000010010100010011001001101100010
000000000000000000000000000000000000000000000000000000000000010111001001101001001001111010111110
000000000000000000000000000000000000000000000000000000000000101100101100011000100010001101010111
000000000000000000000000000000000000000000000000000000000000000001010110001100101011110110000010
000000000000000000000000000000000000000000000000000000000000001010110111011110011010000011011010
000000000000000000000000000000000000000000000000000000000000101000010011100001011010010010010001
000000000000000000000000000000000000000000000000000000000000110011111100100101101010011000011101
000000000000000000000000000000000000000000000000000000000000011100101101001010111001110010111010
000000000000000000000000000000000000000000000000000000000000101111001000111100100001100010001101
000000000000000000000000000000000000000000000000000000000000000101101010101000001011000110010101
000000000000000000000000000000000000000000000000000000000000101100111101110010100000011101001010
000000000000000000000000000000000000000000000000000000000000101100001011111101010000101101110101
000000000000000000000000000000000000000000000000000000000000101010110010100000000010101010010010
000000000000000000000000000000000000000000000000000000000000101101011000100001011011001011111001
000000000000000000000000000000000000000000000000000000000000001000111000010100000101111001100111
000000000000000000000000000000000000000000000000000000000000011001011111110010110010011111110000
000000000000000000000000000000000000000000000000000000000000111001100011011001100101011100001111
000000000000000000000000000000000000000000000000000000000000110100010101010100011011101101110101
000000000000000000000000000000000000000000000000000000000000011010011011011000101011000101010110
000000000000000000000000000000000000000000000000000000000000101101010110001101100011110100010001
000000000000000000000000000000000000000000000000000000000000110001000110011111111010001111000001
000000000000000000000000000000000000000000000000000000000000111011100100111101000100111101100110
000000000000000000000000000000000000000000000000000000000000010000101100001101111101001100111111
000000000000000000000000000000000000000000000000000000000000011011000101111101110111110010100100
000000000000000000000000000000000000000000000000000000000000010011101001101100000010111001101101
000000000000000000000000000000000000000000000000000000000000111101101111011111111010000001010000
000000000000000000000000000000000000000000000000000000000000100011001000010111001100010111101001
000000000000000000000000000000000000000000000000000000000000100101011000111111010001101100010100
000000000000000000000000000000000000000000000000000000000000101101100010011101001110111011011110
000000000000000000000000000000000000000000000000000000000000111110001111010100010001110011110111
000000000000000000000000000000000000000000000000000000000000101111110100101110000100101010100001
000000000000000000000000000000000000000000000000000000000000110010110001100010100010110100000000
000000000000000000000000000000000000000000000000000000000000001001010100001000011111101111011111
000000000000000000000000000000000000000000000000000000000000101011110111100001110001111110111011
000000000000000000000000000000000000000000000000000000000000001111101111100011000110001111010010
000000000000000000000000000000000000000000000000000000000000011001110001100001101100001110001110
000000000000000000000000000000000000000000000000000000000000100010010111101101101001101110001010
000000000000000000000000000000000000000000000000000000000000001101000111100111101101000010110001
000000000000000000000000000000000000000000000000000000000000000100101010111001100010010111100110
000000000000000000000000000000000000000000000000000000000000100111011011011101111000011000011111
000000000000000000000000000000000000000000000000000000000000000100000010110111001100111101010101
000000000000000000000000000000000000000000000000000000000000110110101100100111010110111011111101
000000000000000000000000000000000000000000000000000000000000001010111001111100100001000111001011
000000000000000000000000000000000000000000000000000000000000111110011111100001100001001100100000
000000000000000000000000000000000000000000000000000000000000100101000110110111010100011010110010
000000000000000000000000000000000000000000000000000000000000111101110100111110111110000011011110
000000000000000000000000000000000000000000000000000000000000011100010001010001000011001010010001
000000000000000000000000000000000000000000000000000000000000011001010111110110100011000111110111
000000000000000000000000000000000000000000000000000000000000011001101001001100011101001000010010
000000000000000000000000000000000000000000000000000000000000010111011010111000001110111001100011
000000000000000000000000000000000000000000000000000000000000111110111100000011101110011011101111
000000000000000000000000000000000000000000000000000000000000111101010100010111100011110101111011
000000000000000000000000000000000000000000000000000000000000000001110011111010000001010111011001
000000000000000000000000000000000000000000000000000000000000001100100000100100110011000001100111
000000000000000000000000000000000000000000000000000000000000000000001001001100100100110101010111
000000000000000000000000000000000000000000000000000000000000111010100100110001101011011010011101
000000000000000000000000000000000000000000000000000000000000111101111110011110001011100100010011
000000000000000000000000000000000000000000000000000000000000001000011010100101000110110111001111
000000000000000000000000000000000000000000000000000000000000011110001000111110011101111001000110
000000000000000000000000000000000000000000000000000000000000111010011011011011110100101010010100
000000000000000000000000000000000000000000000000000000000000010001111001111100011011101100000001
000000000000000000000000000000000000000000000000000000000000001000110010100101101010110010110010
000000000000000000000000000000000000000000000000000000000000001110100101001000110110100011110111
000000000000000000000000000000000000000000000000000000000000101001101111011011111000001000010010
000000000000000000000000000000000000000000000000000000000000101001111001110110011111110100000001
000000000000000000000000000000000000000000000000000000000000000011100100011011000010011101100111
000000000000000000000000000000000000000000000000000000000000001010101011100100000011110100010010
000000000000000000000000000000000000000000000000000000000000001111100100100110001000000001001010
000000000000000000000000000000000000000000000000000000000000010100000011110010001100100110011111
000000000000000000000000000000000000000000000000000000000000100010111011000011000000111100110110
000000000000000000000000000000000000000000000000000000000000100011110100100000101001110010110010
000000000000000000000000000000000000000000000000000000000000100100000011100011101010011010010010
000000000000000000000000000000000000000000000000000000000000000010100110111001011111000010000000
000000000000000000000000000000000000000000000000000000000000110001011011100111110011110110111111
000000000000000000000000000000000000000000000000000000000000001100011111110011101010101011110000
000000000000000000000000000000000000000000000000000000000000010000100000110000000011100111001010
000000000000000000000000000000000000000000000000000000000000001110001101001101010111101011101100
000000000000000000000000000000000000000000000000000000000000000000100101110010100110101101001100
000000000000000000000000000000000000000000000000000000000000000100101001001001110101101010110011
000000000000000000000000000000000000000000000000000000000000111010011001010011011001111101010100
000000000000000000000000000000000000000000000000000000000000101011110101011000010010010011000110
000000000000000000000000000000000000000000000000000000000000000010011111001111001010111111101010
000000000000000000000000000000000000000000000000000000000000101001110111101011000100000000111000
000000000000000000000000000000000000000000000000000000000000110000010110110001100111001100110111
000000000000000000000000000000000000000000000000000000000000010101101111001111111010000011110110
000000000000000000000000000000000000000000000000000000000000011000100101011111010000100011111101
000000000000000000000000000000000000000000000000000000000000011111011110000010011001010000101100
000000000000000000000000000000000000000000000000000000000000010010001001101011111101100110101000
000000000000000000000000000000000000000000000000000000000000101001000101100110111111001001001100
000000000000000000000000000000000000000000000000000000000000001111010010100000101011100011101000
000000000000000000000000000000000000000000000000000000000000011101100000100001010101100100110001
000000000000000000000000000000000000000000000000000000000000001011100000111101011001100111001011
000000000000000000000000000000000000000000000000000000000000100110001111100010011101011010100011
000000000000000000000000000000000000000000000000000000000000110110110111111100101010111100011011
000000000000000000000000000000000000000000000000000000000000111101101000010001110111001010001000
000000000000000000000000000000000000000000000000000000000000000110111000000101111001110010010010
000000000000000000000000000000000000000000000000000000000000010010010111000010001100100010001111
000000000000000000000000000000000000000000000000000000000000010010111010100000110011110110010000
000000000000000000000000000000000000000000000000000000000000001001111110011010011011100011111000
000000000000000000000000000000000000000000000000000000000000001011110011101111101111110110111001
000000000000000000000000000000000000000000000000000000000000100101100010010101001001011011000111
000000000000000000000000000000000000000000000000000000000000010111111100101101000101001011011100
000000000000000000000000000000000000000000000000000000000000101011001100100101011111010000010011
000000000000000000000000000000000000000000000000000000000000000101001000011011001100100010001011
000000000000000000000000000000000000000000000000000000000000010101101101100011110001010110110010
000000000000000000000000000000000000000000000000000000000000001101100110000001001101110001110100
000000000000000000000000000000000000000000000000000000000000110000010100111100100110101101111100
000000000000000000000000000000000000000000000000000000000000010000111001111000110111100101011010
000000000000000000000000000000000000000000000000000000000000111101111011111111100000010011000000
000000000000000000000000000000000000000000000000000000000000111101010101110100011100100010101000
000000000000000000000000000000000000000000000000000000000000101100101010000100110010100001001101
000000000000000000000000000000000000000000000000000000000000001010000011110100111110111110011011
000000000000000000000000000000000000000000000000000000000000110001111010110110110111000100100010
000000000000000000000000000000000000000000000000000000000000011000101010010000100001000001111100
000000000000000000000000000000000000000000000000000000000000010110100101000010011111010010111011
000000000000000000000000000000000000000000000000000000000000010110111100100110101001100100101001
000000000000000000000000000000000000000000000000000000000000010110001010110001100000100010101000
000000000000000000000000000000000000000000000000000000000000101001101101111000000111010001010000
000000000000000000000000000000000000000000000000000000000000110111101100001111011011010001000111
000000000000000000000000000000000000000000000000000000000000010000111110011110101111011011110010
000000000000000000000000000000000000000000000000000000000000010100000010111011000100100110001111
000000000000000000000000000000000000000000000000000000000000110011011111011000100010100101111111
000000000000000000000000000000000000000000000000000000000000110101010111100110001111000111011101
000000000000000000000000000000000000000000000000000000000000110100110110011110000001101001101001
000000000000000000000000000000000000000000000000000000000000110111010101000011001111101101011111
000000000000000000000000000000000000000000000000000000000000010000111101000011101000001011101001
000000000000000000000000000000000000000000000000000000000000101010010001000011100010011000001110
000000000000000000000000000000000000000000000000000000000000000100010001100100010111011100101010
000000000000000000000000000000000000000000000000000000000000000001011010000100101010111101010100
000000000000000000000000000000000000000000000000000000000000110100100001111101001100101111111010
000000000000000000000000000000000000000000000000000000000000111110010011100111101111111010100101
000000000000000000000000000000000000000000000000000000000000001011011100100111000000010011011101
000000000000000000000000000000000000000000000000000000000000101010100010010000010100101111110111
000000000000000000000000000000000000000000000000000000000000011101101100110000011100110001100001
000000000000000000000000000000000000000000000000000000000000100011000011000000100100011000001011
000000000000000000000000000000000000000000000000000000000000110000010101011000000111100000011101
000000000000000000000000000000000000000000000000000000000000011110111100101010101010001100001000
000000000000000000000000000000000000000000000000000000000000111010011101000011001110110011111111
000000000000000000000000000000000000000000000000000000000000000101111110110001011001110001000011
000000000000000000000000000000000000000000000000000000000000100000010010101011010101110011100001
000000000000000000000000000000000000000000000000000000000000000000100010101011001111100001100011
000000000000000000000000000000000000000000000000000000000000000010001101010010101110011101100100
000000000000000000000000000000000000000000000000000000000000000100110100010001001110100010001011
000000000000000000000000000000000000000000000000000000000000110111110110101010010101101101000010
000000000000000000000000000000000000000000000000000000000000010001100000101100101111010011111011
000000000000000000000000000000000000000000000000000000000000000110111111110101101110110111101110
000000000000000000000000000000000000000000000000000000000000101101101001100010010100000000101110
000000000000000000000000000000000000000000000000000000000000010011011001101001011111101100001100
000000000000000000000000000000000000000000000000000000000000111100011011101001000110001000001000
000000000000000000000000000000000000000000000000000000000000110001011100001000110101010111100010
000000000000000000000000000000000000000000000000000000000000101010111000001101100011010101001100
000000000000000000000000000000000000000000000000000000000000001111011011011100011000111100100010
000000000000000000000000000000000000000000000000000000000000111011110000111001001011110011000111
000000000000000000000000000000000000000000000000000000000000100000101111110111010011011101011000
000000000000000000000000000000000000000000000000000000000000100010000001010000011100110000010111
000000000000000000000000000000000000000000000000000000000000011011011001000110000101001100000111
000000000000000000000000000000000000000000000000000000000000110010100111111010010010101000101110
000000000000000000000000000000000000000000000000000000000000100011101010110101110011010011010000
000000000000000000000000000000000000000000000000000000000000101100111010100001011001111011010010
000000000000000000000000000000000000000000000000000000000000010010001000110110001111110100110001
000000000000000000000000000000000000000000000000000000000000101110010001111100000010011011100111
000000000000000000000000000000000000000000000000000000000000110110000101011101011110010101001000
000000000000000000000000000000000000000000000000000000000000000001100100000110011001011111101111
000000000000000000000000000000000000000000000000000000000000000000010111100100010100111010110111
000000000000000000000000000000000000000000000000000000000000000010100011010111100100011011010101
000000000000000000000000000000000000000000000000000000000000100101011110111010100111110001001011
000000000000000000000000000000000000000000000000000000000000111001101110011100010110000001110100
000000000000000000000000000000000000000000000000000000000000100110111100101010001110100011010101
000000000000000000000000000000000000000000000000000000000000011010011111110010100111001000011000
000000000000000000000000000000000000000000000000000000000000000000010111110000001101001100111000
000000000000000000000000000000000000000000000000000000000000000010010000111000000000110111110001
000000000000000000000000000000000000000000000000000000000000111111001100110000010011011011001110
000000000000000000000000000000000000000000000000000000000000100110110010011110101101001001111000
000000000000000000000000000000000000000000000000000000000000011010001111111100111101110100101100
000000000000000000000000000000000000000000000000000000000000000010110011010101110011010001111110
000000000000000000000000000000000000000000000000000000000000010001101010011100100101100111111100
000000000000000000000000000000000000000000000000000000000000111100100001100011011100000100001110
000000000000000000000000000000000000000000000000000000000000111101100101011000010001001110011101
000000000000000000000000000000000000000000000000000000000000100000011011110110001110101111101110
000000000000000000000000000000000000000000000000000000000000100100110100101111110001010101101011
000000000000000000000000000000000000000000000000000000000000010110110011100110000100010001111110
000000000000000000000000000000000000000000000000000000000000011110100011001000000101101111100010
000000000000000000000000000000000000000000000000000000000000110010011110111011001110101100011101
000000000000000000000000000000000000000000000000000000000000001111101001111110001011110000001010
000000000000000000000000000000000000000000000000000000000000000001010001111111000110000011001011
000000000000000000000000000000000000000000000000000000000000101001101010101000001110111100110011
000000000000000000000000000000000000000000000000000000000000101100001110111000101101011010010111
000000000000000000000000000000000000000000000000000000000000011000010000010111100101110100100111
000000000000000000000000000000000000000000000000000000000000111111101101101110010111001100100001
000000000000000000000000000000000000000000000000000000000000000111111111001101000010111001100001
000000000000000000000000000000000000000000000000000000000000110010101001011010100111011001100110
000000000000000000000000000000000000000000000000000000000000101000010001111111001110010010000010
000000000000000000000000000000000000000000000000000000000000100001011101000001001000010110001101
000000000000000000000000000000000000000000000000000000000000110000001110010001010101010100000110
000000000000000000000000000000000000000000000000000000000000101011001010111011001001001000011111
000000000000000000000000000000000000000000000000000000000000110101001011110011100011101101101000
000000000000000000000000000000000000000000000000000000000000011101100010011111110000010110111111
000000000000000000000000000000000000000000000000000000000000011000000011101101101001100001101001
000000000000000000000000000000000000000000000000000000000000101011110001110000100111100011000001
000000000000000000000000000000000000000000000000000000000000001000000000000111101000110011100000
000000000000000000000000000000000000000000000000000000000000001101110111111000100011011101100010
000000000000000000000000000000000000000000000000000000000000010110101010010110100001100010111010
000000000000000000000000000000000000000000000000000000000000110011001111110001000101111011011010
000000000000000000000000000000000000000000000000000000000000100111111010110111011001011100000101
000000000000000000000000000000000000000000000000000000000000111110010000001101110110101111100101
000000000000000000000000000000000000000000000000000000000000010011111000100001010010101010001100
000000000000000000000000000000000000000000000000000000000000100111001010010011110011111111011000
000000000000000000000000000000000000000000000000000000000000011110000100101001010100110000100110
000000000000000000000000000000000000000000000000000000000000100111000101001111101110101110101010
000000000000000000000000000000000000000000000000000000000000001100101111011011111110100111011001
000000000000000000000000000000000000000000000000000000000000101101111000011110100111001000010100
000000000000000000000000000000000000000000000000000000000000000101111110001100010110000010100110
000000000000000000000000000000000000000000000000000000000000101101101110101100000000000101000011
000000000000000000000000000000000000000000000000000000000000001101100100001000110001111101110110
000000000000000000000000000000000000000000000000000000000000010010110010100111111001001110011011
000000000000000000000000000000000000000000000000000000000000010100011110101001110101000011101011
000000000000000000000000000000000000000000000000000000000000010111100101000111100101001101110010
000000000000000000000000000000000000000000000000000000000000001010010110101101010010100000111101
000000000000000000000000000000000000000000000000000000000000011011001010010001100001101100010110
000000000000000000000000000000000000000000000000000000000000100100100001011101011101001011011111
000000000000000000000000000000000000000000000000000000000000000101010111100011010110011110001000
000000000000000000000000000000000000000000000000000000000000111110000010100100000011100001001100
000000000000000000000000000000000000000000000000000000000000111001100110011101000110100011001001
000000000000000000000000000000000000000000000000000000000000011100010000111100011100110001010111
000000000000000000000000000000000000000000000000000000000000110101110001111011011101100101100110
000000000000000000000000000000000000000000000000000000000000011111000101010101010000101100011111
000000000000000000000000000000000000000000000000000000000000101010111011100101001110011101010001
000000000000000000000000000000000000000000000000000000000000100001100110101100011001010001010011
000000000000000000000000000000000000000000000000000000000000110001011001011100110001100001101011
000000000000000000000000000000000000000000000000000000000000100001001010100010011010111100111011
000000000000000000000000000000000000000000000000000000000000111101100001100100100101010100101001
000000000000000000000000000000000000000000000000000000000000100110001100110101001010100000000011
000000000000000000000000000000000000000000000000000000000000001000010000001111001000010110000001
000000000000000000000000000000000000000000000000000000000000010001001010010001000010110100011001
000000000000000000000000000000000000000000000000000000000000110101001001101111110110001110010111
000000000000000000000000000000000000000000000000000000000000000111111110000011000001011111011110
000000000000000000000000000000000000000000000000000000000000110110000110101110111011011101000000
000000000000000000000000000000000000000000000000000000000000011111111101011101111011010111111110
000000000000000000000000000000000000000000000000000000000000101101001101000011101100100011101110
000000000000000000000000000000000000000000000000000000000000010011001111100111000101110101100110
000000000000000000000000000000000000000000000000000000000000101110000110011010010000000111100010
000000000000000000000000000000000000000000000000000000000000101111110100010101110110110110110010
000000000000000000000000000000000000000000000000000000000000001111110110101100110000101100101011
000000000000000000000000000000000000000000000000000000000000101010011101110000011100011011111101
000000000000000000000000000000000000000000000000000000000000010000110001110101101000111110100001
000000000000000000000000000000000000000000000000000000000000000000111011000111110100101000101011
000000000000000000000000000000000000000000000000000000000000100101100100101110100110111101000111
000000000000000000000000000000000000000000000000000000000000100001011101001000001010001110000001
000000000000000000000000000000000000000000000000000000000000011111110011110100010110000010101110
000000000000000000000000000000000000000000000000000000000000110000111111111100100101010011001101
000000000000000000000000000000000000000000000000000000000000101001100000101000101011111000011111
000000000000000000000000000000000000000000000000000000000000100000001110011101111110110101101001
000000000000000000000000000000000000000000000000000000000000111001000110101010001111101110010111
000000000000000000000000000000000000000000000000000000000000011101101000100101111100010111111111
000000000000000000000000000000000000000000000000000000000000001110111111101111001000111001111011
000000000000000000000000000000000000000000000000000000000000110010010111010001100001011001100111
000000000000000000000000000000000000000000000000000000000000101011101100100111101101010000010100
000000000000000000000000000000000000000000000000000000000000111001011010111010010011010101011001
000000000000000000000000000000000000000000000000000000000000111110000101000011000010111101001111
000000000000000000000000000000000000000000000000000000000000110010101111101110100000001101011111
000000000000000000000000000000000000000000000000000000000000100000000011111011111111111001111010
000000000000000000000000000000000000000000000000000000000000010101101010011101111001111111110010
000000000000000000000000000000000000000000000000000000000000010000000000011000011101010111001010
000000000000000000000000000000000000000000000000000000000000100010001100011110010010100001011111
000000000000000000000000000000000000000000000000000000000000100001011111001001000110111110000000
000000000000000000000000000000000000000000000000000000000000100001000101011110000011110101111100
000000000000000000000000000000000000000000000000000000000000011101011111000000101110011011000100
000000000000000000000000000000000000000000000000000000000000010011100111101100010100001110100011
000000000000000000000000000000000000000000000000000000000000100011011110111100011101110110011000
000000000000000000000000000000000000000000000000000000000000001000001101001110111010001101110011
000000000000000000000000000000000000000000000000000000000000000110111001100000000111111100110001
000000000000000000000000000000000000000000000000000000000000001111111100100011000100000010111001
000000000000000000000000000000000000000000000000000000000000100100000110101000100101000101101000
000000000000000000000000000000000000000000000000000000000000110001000001001000001011110000100001
000000000000000000000000000000000000000000000000000000000000000110010110110011110001110110001111
000000000000000000000000000000000000000000000000000000000000001100011000111001110111011110111110
000000000000000000000000000000000000000000000000000000000000000110100110100111100101000001100111
000000000000000000000000000000000000000000000000000000000000100110100100011101110000011110011001
000000000000000000000000000000000000000000000000000000000000010010101101000010111101011010000000
000000000000000000000000000000000000000000000000000000000000000001110010111110010001101101000110
000000000000000000000000000000000000000000000000000000000000111010000101101000100100111110001001
000000000000000000000000000000000000000000000000000000000000110100010001111011011010001000111110
000000000000000000000000000000000000000000000000000000000000010110100011010011110001100111101111
000000000000000000000000000000000000000000000000000000000000000110100101010011111111000010000010
000000000000000000000000000000000000000000000000000000000000110001000000100011000111100001010010
000000000000000000000000000000000000000000000000000000000000110111101011111011110101000010011100
000000000000000000000000000000000000000000000000000000000000100001100001101001100111101000111111
000000000000000000000000000000000000000000000000000000000000000100111100100001001101000011111001
000000000000000000000000000000000000000000000000000000000000111011111100010001011010110000111000
000000000000000000000000000000000000000000000000000000000000111110001101100011011011111011100100
000000000000000000000000000000000000000000000000000000000000100000100111010000000101011110000001
000000000000000000000000000000000000000000000000000000000000101011100100111010000011001101111010
000000000000000000000000000000000000000000000000000000000000011000110101011010111110111010111100
000000000000000000000000000000000000000000000000000000000000010010010011000101010000011110011101
000000000000000000000000000000000000000000000000000000000000011111001001000101000111001001001110
000000000000000000000000000000000000000000000000000000000000011000110111110010110111001110100000
000000000000000000000000000000000000000000000000000000000000000101010000100110000101000010000010
000000000000000000000000000000000000000000000000000000000000100110000101010001110010111011111101
000000000000000000000000000000000000000000000000000000000000011011011011110001100010010110000010
000000000000000000000000000000000000000000000000000000000000001010001010010000000000000111110111
000000000000000000000000000000000000000000000000000000000000010000101110010110001000001110000011
000000000000000000000000000000000000000000000000000000000000000010111111000101000001111101001000
000000000000000000000000000000000000000000000000000000000000100110001001000011010001111001001000
000000000000000000000000000000000000000000000000000000000000100000001000010110101000110010111010
000000000000000000000000000000000000000000000000000000000000100100001101110011001110010100101011
000000000000000000000000000000000000000000000000000000000000010111101100111101110001101001101001
000000000000000000000000000000000000000000000000000000000000011101011101110010010001000100010010
000000000000000000000000000000000000000000000000000000000000100010001100100111010100000000001000
000000000000000000000000000000000000000000000000000000000000000000001110010111101110111100000001
000000000000000000000000000000000000000000000000000000000000000011010101001011111100010110001111
000000000000000000000000000000000000000000000000000000000000110011111001010111011001110111101110
000000000000000000000000000000000000000000000000000000000000100010101000100010001101111100111101
000000000000000000000000000000000000000000000000000000000000010001100100111011000100101000011010
000000000000000000000000000000000000000000000000000000000000111000000000010011101001011011010011
000000000000000000000000000000000000000000000000000000000000010110000111010000100010001000100000
000000000000000000000000000000000000000000000000000000000000110011010010111000001010100111111111
000000000000000000000000000000000000000000000000000000000000111100101100001001011010000110101100
000000000000000000000000000000000000000000000000000000000000011100111010000011010100111111000001
000000000000000000000000000000000000000000000000000000000000110101001100111100011100100100110110
000000000000000000000000000000000000000000000000000000000000010111101001101001011100101110011111
000000000000000000000000000000000000000000000000000000000000110001110101110100111000011010101011
000000000000000000000000000000000000000000000000000000000000010111100111100000100010011101111011
000000000000000000000000000000000000000000000000000000000000001010100011100100100011101110100101
000000000000000000000000000000000000000000000000000000000000000100100100110101001111100011111000
000000000000000000000000000000000000000000000000000000000000110011111111111010011001100111110100
000000000000000000000000000000000000000000000000000000000000011000101010011110100101010101000011
000000000000000000000000000000000000000000000000000000000000010000000010100011011110110110100111
000000000000000000000000000000000000000000000000000000000000110001010000001110001001011011011000
000000000000000000000000000000000000000000000000000000000000100001111010011110000010011110011011
000000000000000000000000000000000000000000000000000000000000110010110011001011110101101101100011
000000000000000000000000000000000000000000000000000000000000010110010100110101101110001011010000
000000000000000000000000000000000000000000000000000000000000001101110011000110101000010101101010
000000000000000000000000000000000000000000000000000000000000110110010110110010000010111011111100
000000000000000000000000000000000000000000000000000000000000101111001001001100000101101110111111
000000000000000000000000000000000000000000000000000000000000010110010110110101110101101000110001
000000000000000000000000000000000000000000000000000000000000001011000001101001110011010001111000
000000000000000000000000000000000000000000000000000000000000011011010110010011110000001110101110
000000000000000000000000000000000000000000000000000000000000111010100101111111101000000110100101
000000000000000000000000000000000000000000000000000000000000110110011101000000010000100110001001
000000000000000000000000000000000000000000000000000000000000011001010101101110001001010011011000
000000000000000000000000000000000000000000000000000000000000101010001010000101000011110110000111
000000000000000000000000000000000000000000000000000000000000111110010001111101110100110010000100
000000000000000000000000000000000000000000000000000000000000111101100010001001011011010111000111
000000000000000000000000000000000000000000000000000000000000110100110100010001101110100011001111
000000000000000000000000000000000000000000000000000000000000000011001111100110001101101011011100
000000000000000000000000000000000000000000000000000000000000100111110111000001111100101000101011
000000000000000000000000000000000000000000000000000000000000011100101101010001001110111111000101
000000000000000000000000000000000000000000000000000000000000110011011110100010100001100011111110
000000000000000000000000000000000000000000000000000000000000100100100010100000000101111011111010
000000000000000000000000000000000000000000000000000000000000100011000000000010110011111001001001
000000000000000000000000000000000000000000000000000000000000101000100110010111000100000000110010
000000000000000000000000000000000000000000000000000000000000111111100010000111001001100110110010
000000000000000000000000000000000000000000000000000000000000011010010110110011001010011111001011
000000000000000000000000000000000000000000000000000000000000011001100011000110111010001110100010
000000000000000000000000000000000000000000000000000000000000010011011101011110101001011101101101
000000000000000000000000000000000000000000000000000000000000011000011010010110000110000100100111
000000000000000000000000000000000000000000000000000000000000101101000010111010010100111000111110
000000000000000000000000000000000000000000000000000000000000110000111000100101101010000100011111
000000000000000000000000000000000000000000000000000000000000001011100000110010111011101011010000
000000000000000000000000000000000000000000000000000000000000010001100110101011010111001000100110
000000000000000000000000000000000000000000000000000000000000111111011001111111111010110010100010
000000000000000000000000000000000000000000000000000000000000111111101011110100110001011101011111
000000000000000000000000000000000000000000000000000000000000000111010100100111101010100100110000
000000000000000000000000000000000000000000000000000000000000010100001010110101100101100101000110
000000000000000000000000000000000000000000000000000000000000010000010001001101101101011000111111
000000000000000000000000000000000000000000000000000000000000100101000001010001111000001010011110
000000000000000000000000000000000000000000000000000000000000010101100000010010010011010101101000
000000000000000000000000000000000000000000000000000000000000110100111001001100100110011001111010
000000000000000000000000000000000000000000000000000000000000110101100101100111101011100001110100
000000000000000000000000000000000000000000000000000000000000110101100111111001111000001110101111
000000000000000000000000000000000000000000000000000000000000100000110001111110010111110001111011
000000000000000000000000000000000000000000000000000000000000001100011001110101001100100110100100
000000000000000000000000000000000000000000000000000000000000010100001010011111000010011101100110
000000000000000000000000000000000000000000000000000000000000011010100100011101010111000010110100
000000000000000000000000000000000000000000000000000000000000001010011011111000001010110000111111
000000000000000000000000000000000000000000000000000000000000110111010010111100000101010010001101
000000000000000000000000000000000000000000000000000000000000111010111111001100111110100010110001
000000000000000000000000000000000000000000000000000000000000001111010011101100110000010010011001
000000000000000000000000000000000000000000000000000000000000111101001100101010011001111111011111
000000000000000000000000000000000000000000000000000000000000000101001100111011001111101111011010
000000000000000000000000000000000000000000000000000000000000011111010001001001011111110101011111
000000000000000000000000000000000000000000000000000000000000010101111101000110101111101011001001
000000000000000000000000000000000000000000000000000000000000010100010010101001111110000110100011
000000000000000000000000000000000000000000000000000000000000010001001000111100101010110011011110
000000000000000000000000000000000000000000000000000000000000101000010111110001010110101101011000
000000000000000000000000000000000000000000000000000000000000111010011101010000110000100101110111
000000000000000000000000000000000000000000000000000000000000110000101110010001111101001111100111
000000000000000000000000000000000000000000000000000000000000000101000010001101110101011001110110
000000000000000000000000000000000000000000000000000000000000001110011000000111110001010000100000
000000000000000000000000000000000000000000000000000000000000011101011001111111100101001110110100
000000000000000000000000000000000000000000000000000000000000011011001001110000000101001011011111
000000000000000000000000000000000000000000000000000000000000000100000001111110101110111101101000
000000000000000000000000000000000000000000000000000000000000011110110110111000100111111000001000
000000000000000000000000000000000000000000000000000000000000111011000000110001001001101110110100
000000000000000000000000000000000000000000000000000000000000110100100001110110110110100111000001
000000000000000000000000000000000000000000000000000000000000100000010000100010011110001011110001
000000000000000000000000000000000000000000000000000000000000110010001100010000100011000011101100
000000000000000000000000000000000000000000000000000000000000011000111001111001110111010101011111
000000000000000000000000000000000000000000000000000000000000110111101000011100100101111001101001
000000000000000000000000000000000000000000000000000000000000010111111000011000011100001110110100
000000000000000000000000000000000000000000000000000000000000010111010100001011110001010110110111
000000000000000000000000000000000000000000000000000000000000100111111100011100100010101011110001
000000000000000000000000000000000000000000000000000000000000110011000011111011011110111110110010
000000000000000000000000000000000000000000000000000000000000110011010010011110011110110001001111
000000000000000000000000000000000000000000000000000000000000100111101001001111110001100101110000
000000000000000000000000000000000000000000000000000000000000010011100010101100110010001010111000
000000000000000000000000000000000000000000000000000000000000000000110110001000110110110010000100
000000000000000000000000000000000000000000000000000000000000101111011111101000000110100001100111
000000000000000000000000000000000000000000000000000000000000111010110110011011111000000011101000
000000000000000000000000000000000000000000000000000000000000000100101100000010101011001100000110
000000000000000000000000000000000000000000000000000000000000110001001111101011111001100100101101
000000000000000000000000000000000000000000000000000000000000011111110101111001110010000101111000
000000000000000000000000000000000000000000000000000000000000110111000000110111111101000101111110
000000000000000000000000000000000000000000000000000000000000001110011111100100011110011001110101
000000000000000000000000000000000000000000000000000000000000001110100111011100100111101100110010
000000000000000000000000000000000000000000000000000000000000000010010001001011111010010001011111
000000000000000000000000000000000000000000000000000000000000101101101111010110101111001011001110
000000000000000000000000000000000000000000000000000000000000011010011100000100001011000011011000
000000000000000000000000000000000000000000000000000000000000111011101010101000010011011011111101
000000000000000000000000000000000000000000000000000000000000111011110000011011110001001000001110
000000000000000000000000000000000000000000000000000000000000010110110101101000100011001001100011
000000000000000000000000000000000000000000000000000000000000001011010101001111000111101100100101
000000000000000000000000000000000000000000000000000000000000001101001100011110000100111110110100
000000000000000000000000000000000000000000000000000000000000101011001110111001000010100001011011
000000000000000000000000000000000000000000000000000000000000111110001000101101110100000010000010
000000000000000000000000000000000000000000000000000000000000100100000111000101011101101001001111
000000000000000000000000000000000000000000000000000000000000001001000000000010000000111010010111
000000000000000000000000000000000000000000000000000000000000100110100011101010000101100010111010
000000000000000000000000000000000000000000000000000000000000100011100100010101001101001000000100
000000000000000000000000000000000000000000000000000000000000100001101100100000011111001000010001
000000000000000000000000000000000000000000000000000000000000001010100011001001101001010011001110
000000000000000000000000000000000000000000000000000000000000110011011010111111000111011000101010
000000000000000000000000000000000000000000000000000000000000110001011011110110100100110010000001
000000000000000000000000000000000000000000000000000000000000010011100010111110011100000001110000
000000000000000000000000000000000000000000000000000000000000110000010100111010011110011001010010
000000000000000000000000000000000000000000000000000000000000010110010100001010101010010101100000
000000000000000000000000000000000000000000000000000000000000101000110001110011110110000110100110
000000000000000000000000000000000000000000000000000000000000011000100011100101111010001111111001
000000000000000000000000000000000000000000000000000000000000101001010010110011110011110110100100
000000000000000000000000000000000000000000000000000000000000011010101100110111101110101101111000
000000000000000000000000000000000000000000000000000000000000110110011110001001011010101001010010
000000000000000000000000000000000000000000000000000000000000010010111000101010011111010001101100
000000000000000000000000000000000000000000000000000000000000100000110011111101001100100011001110
000000000000000000000000000000000000000000000000000000000000110000101010110001001100110000001011
000000000000000000000000000000000000000000000000000000000000001000000000001011001010000001010000
000000000000000000000000000000000000000000000000000000000000010110100111001011011010000101101100
000000000000000000000000000000000000000000000000000000000000111110101100111111111101110011110010
000000000000000000000000000000000000000000000000000000000000110111011000101100011000101001111101
000000000000000000000000000000000000000000000000000000000000000110110011011101111100011010100010
000000000000000000000000000000000000000000000000000000000000011111000110101000011111011000010100
000000000000000000000000000000000000000000000000000000000000100100111110011010001101110011011011
000000000000000000000000000000000000000000000000000000000000101101000011010010111010111000101101
000000000000000000000000000000000000000000000000000000000000110011111100100010111111100110010101
000000000000000000000000000000000000000000000000000000000000110000110010100010001010000101110011
000000000000000000000000000000000000000000000000000000000000101000100011000000110101010001011010
000000000000000000000000000000000000000000000000000000000000110001001101110000111101010010111100
000000000000000000000000000000000000000000000000000000000000011101000101101000000010010110001000
000000000000000000000000000000000000000000000000000000000000110000001010011000101101001111100101
000000000000000000000000000000000000000000000000000000000000011001001100001010101010100001100000
000000000000000000000000000000000000000000000000000000000000010011101100111001111011101110000111
000000000000000000000000000000000000000000000000000000000000001110011100000111001001001110101110
000000000000000000000000000000000000000000000000000000000000010111011011101010111100100110100011
000000000000000000000000000000000000000000000000000000000000111011011000000101101001100101101001
000000000000000000000000000000000000000000000000000000000000000001001001000000001111011011000101
000000000000000000000000000000000000000000000000000000000000111101011001111011101100111100000000
000000000000000000000000000000000000000000000000000000000000110100101000110111010001000100101001
000000000000000000000000000000000000000000000000000000000000100110011110001101111101110000101001
000000000000000000000000000000000000000000000000000000000000111011100100000100100111011001001011
000000000000000000000000000000000000000000000000000000000000010100011000110001000001001000101100
000000000000000000000000000000000000000000000000000000000000101100001111101000010101110111101010
000000000000000000000000000000000000000000000000000000000000111110000111011000111100100110111110
000000000000000000000000000000000000000000000000000000000000100110100010000110100101001001111100
000000000000000000000000000000000000000000000000000000000000111110111101010110100101101000001011
000000000000000000000000000000000000000000000000000000000000110111111110000100001111001001110001
000000000000000000000000000000000000000000000000000000000000111110000011110111001111011001001000
000000000000000000000000000000000000000000000000000000000000111011101100011010110100101000100010
000000000000000000000000000000000000000000000000000000000000111001001000111110011010111011011110
000000000000000000000000000000000000000000000000000000000000110010000100101101101000000010111110
000000000000000000000000000000000000000000000000000000000000000000001100111011011100011101100011
000000000000000000000000000000000000000000000000000000000000110101001111001100000011011010010001
000000000000000000000000000000000000000000000000000000000000011010100001101111000111000111011111
000000000000000000000000000000000000000000000000000000000000001110011110111101001100110000110001
000000000000000000000000000000000000000000000000000000000000110011000011010000100001100001101110
000000000000000000000000000000000000000000000000000000000000011100000110000110100000001001010100
000000000000000000000000000000000000000000000000000000000000011110110101111011011011111001110001
000000000000000000000000000000000000000000000000000000000000111101111100101101000000001101111101
000000000000000000000000000000000000000000000000000000000000000011111010001000001101100111101000
000000000000000000000000000000000000000000000000000000000000011111000000001101010011110100000010
000000000000000000000000000000000000000000000000000000000000001001101011000011100010010001101101
000000000000000000000000000000000000000000000000000000000000010001111001011110111000100010101100
000000000000000000000000000000000000000000000000000000000000100001001100011010001111110111100101
000000000000000000000000000000000000000000000000000000000000011010111001010011111010111111101001
000000000000000000000000000000000000000000000000000000000000011111011111100111101001000010101001
000000000000000000000000000000000000000000000000000000000000101000111110011010011101111001001000
000000000000000000000000000000000000000000000000000000000000100110000110010011010000001101111111
000000000000000000000000000000000000000000000000000000000000010001110001101100110110101111101101
000000000000000000000000000000000000000000000000000000000000001111100011010101101001111100101110
000000000000000000000000000000000000000000000000000000000000010111000010001000111011110000111000
000000000000000000000000000000000000000000000000000000000000101111111000001010001000100110001000
000000000000000000000000000000000000000000000000000000000000001101000110110110001100001111110111
000000000000000000000000000000000000000000000000000000000000111011101101111100001010011101001011
000000000000000000000000000000000000000000000000000000000000111011000001010000001111011011101101
000000000000000000000000000000000000000000000000000000000000010010001101111101110100010011010110
000000000000000000000000000000000000000000000000000000000000101100011000001010001111001101001001
000000000000000000000000000000000000000000000000000000000000100001110011101100011000001010100010
000000000000000000000000000000000000000000000000000000000000000011101010111011111010110010100111
000000000000000000000000000000000000000000000000000000000000001111100111101110100110010100010111
000000000000000000000000000000000000000000000000000000000000100011100110110101100100000001011110
000000000000000000000000000000000000000000000000000000000000101011101011000000110011100100111100
000000000000000000000000000000000000000000000000000000000000110100111010101100001111000011100001
000000000000000000000000000000000000000000000000000000000000111111110110010101001101100011110100
000000000000000000000000000000000000000000000000000000000000111110000110000000111000110010110001
000000000000000000000000000000000000000000000000000000000000011110000011111010000100010101011011
000000000000000000000000000000000000000000000000000000000000010010001100101100000101011010111110
000000000000000000000000000000000000000000000000000000000000111000110001010001110001010110101001
000000000000000000000000000000000000000000000000000000000000000001011000011110100101101001110100
000000000000000000000000000000000000000000000000000000000000101110111010111010011001110011000011
000000000000000000000000000000000000000000000000000000000000110010010100110010110111001010111110
000000000000000000000000000000000000000000000000000000000000001001101011000110111001010100101000
000000000000000000000000000000000000000000000000000000000000100110000111010111011100011001111110
000000000000000000000000000000000000000000000000000000000000011010100111010101001011111001011010
000000000000000000000000000000000000000000000000000000000000001100000001111001011010100001110000
000000000000000000000000000000000000000000000000000000000000101011110011011100010010100111111011
000000000000000000000000000000000000000000000000000000000000101100101101111100101001011100101110
000000000000000000000000000000000000000000000000000000000000111011011000000110100011000110110000
000000000000000000000000000000000000000000000000000000000000111100111100110101001010001011101010
000000000000000000000000000000000000000000000000000000000000010010001100001010101111011000010100
000000000000000000000000000000000000000000000000000000000000101000000011010010011010100100100000
000000000000000000000000000000000000000000000000000000000000100000110001111001100101110001000000
000000000000000000000000000000000000000000000000000000000000100010010000101101010110010111011111
000000000000000000000000000000000000000000000000000000000000011001100100011011101011010110010011
000000000000000000000000000000000000000000000000000000000000111101011001100100100100011000111000
000000000000000000000000000000000000000000000000000000000000010011001001000110101111010111000101
000000000000000000000000000000000000000000000000000000000000101001101000100000110100010110000010
000000000000000000000000000000000000000000000000000000000000001100101111111001110111100101011000
000000000000000000000000000000000000000000000000000000000000111011101000011000100111110011011111
000000000000000000000000000000000000000000000000000000000000000111011100000000011010110010110110
000000000000000000000000000000000000000000000000000000000000100110001101100011111110100010110110
000000000000000000000000000000000000000000000000000000000000110100100111100000001101011011100110
000000000000000000000000000000000000000000000000000000000000110101001111100100011101110101101101
000000000000000000000000000000000000000000000000000000000000011001011010100100110000101010111001
000000000000000000000000000000000000000000000000000000000000000100100110001010110011000010000000
000000000000000000000000000000000000000000000000000000000000010000100100010100111010101100001101
000000000000000000000000000000000000000000000000000000000000101111000110100010111110101111000000
000000000000000000000000000000000000000000000000000000000000101100111011101100110100101000100000
000000000000000000000000000000000000000000000000000000000000110111001101101110110011010011100000
000000000000000000000000000000000000000000000000000000000000001001000011000000001111101000011010
000000000000000000000000000000000000000000000000000000000000100011110000000001100110000000110101
000000000000000000000000000000000000000000000000000000000000011001101001111001110101000010111110
000000000000000000000000000000000000000000000000000000000000101001010111010000010111101110001100
000000000000000000000000000000000000000000000000000000000000001110010010110010010111101010010111
000000000000000000000000000000000000000000000000000000000000111101001000100101011001101011101100
000000000000000000000000000000000000000000000000000000000000101100111001011111011011101011101000
000000000000000000000000000000000000000000000000000000000000110111010010100110011001001000011101
000000000000000000000000000000000000000000000000000000000000101101100011101000010110110010111100
000000000000000000000000000000000000000000000000000000000000100001100011110011001010000001001011
000000000000000000000000000000000000000000000000000000000000110101000010110011110000010000000000
000000000000000000000000000000000000000000000000000000000000010010100100011001010101111011100111
000000000000000000000000000000000000000000000000000000000000101111011100010111111000001101001011
