000000000000000000000000000000000000000000000000000000000000000100001100010011111110101010101110
000000000000000000000000000000000000000000000000000000000000110100100010100110011110010100101100
000000000000000000000000000000000000000000000000000000000000101101111001110100000111010001011101
000000000000000000000000000000000000000000000000000000000000111110101001100010100001100110101111
000000000000000000000000000000000000000000000000000000000000000001010110111010101100110111001101
000000000000000000000000000000000000000000000000000000000000011000100101111100011101100100010110
000000000000000000000000000000000000000000000000000000000000110111010111001011011001111001111101
000000000000000000000000000000000000000000000000000000000000110000110111011110110000111000100111
000000000000000000000000000000000000000000000000000000000000011001100100100110100011000001101100
000000000000000000000000000000000000000000000000000000000000101001111001010011011100111100001101
000000000000000000000000000000000000000000000000000000000000000110000111000110101000000101000001
000000000000000000000000000000000000000000000000000000000000001111110000110001011010000001100110
000000000000000000000000000000000000000000000000000000000000011111101011010001001011001111001010
000000000000000000000000000000000000000000000000000000000000100011001000010000101110110000000001
000000000000000000000000000000000000000000000000000000000000100110100100000011101000101111110111
000000000000000000000000000000000000000000000000000000000000111000111001101011000100011010111011
000000000000000000000000000000000000000000000000000000000000110100010110101100111001100011001011
000000000000000000000000000000000000000000000000000000000000101111110101011101010111110001110100
000000000000000000000000000000000000000000000000000000000000011010001001010110101101010100011011
000000000000000000000000000000000000000000000000000000000000000001101011110101010101110011100010
000000000000000000000000000000000000000000000000000000000000110111001111010111110010110110111110
000000000000000000000000000000000000000000000000000000000000100111100010110011010101001110111111
000000000000000000000000000000000000000000000000000000000000001100111011011111000100011101101011
000000000000000000000000000000000000000000000000000000000000100100111011011100010100111001011010
000000000000000000000000000000000000000000000000000000000000010011001110000000111101010000100001
000000000000000000000000000000000000000000000000000000000000010000011110100011001111100010101011
000000000000000000000000000000000000000000000000000000000000000000011110001000011111110111011011
000000000000000000000000000000000000000000000000000000000000001000100011110001001001010000011110
000000000000000000000000000000000000000000000000000000000000110000100100101100000110001100011000
000000000000000000000000000000000000000000000000000000000000010100011101110101111100000001100101
000000000000000000000000000000000000000000000000000000000000110100001111001111100001100101011110
000000000000000000000000000000000000000000000000000000000000110101001111111010010010010011101100
000000000000000000000000000000000000000000000000000000000000100101000101110011000111011000000101
000000000000000000000000000000000000000000000000000000000000010101011011010001100000101100000000
000000000000000000000000000000000000000000000000000000000000101100001001010001001111111000010111
000000000000000000000000000000000000000000000000000000000000000011001000100111110100111110100001
000000000000000000000000000000000000000000000000000000000000100001010100011011110001111111110010
000000000000000000000000000000000000000000000000000000000000001100010111000101100000010010110101
000000000000000000000000000000000000000000000000000000000000010101010001110001011101001001010101
000000000000000000000000000000000000000000000000000000000000110000100010100000010011000000001001
000000000000000000000000000000000000000000000000000000000000011111011101110110100010000001110100
000000000000000000000000000000000000000000000000000000000000010110100110010111111100010110101101
000000000000000000000000000000000000000000000000000000000000000111111100111100001000100100111010
000000000000000000000000000000000000000000000000000000000000001001100011111101100110101101000001
000000000000000000000000000000000000000000000000000000000000101000001100011000001110011010110001
000000000000000000000000000000000000000000000000000000000000000001101000000000110101111110111100
000000000000000000000000000000000000000000000000000000000000000101010001110100110001110010001111
000000000000000000000000000000000000000000000000000000000000011111001000010111100110011101010100
000000000000000000000000000000000000000000000000000000000000011001010001000001010100011100100000
000000000000000000000000000000000000000000000000000000000000000001101010111111001111110100010101
000000000000000000000000000000000000000000000000000000000000001000011101100011001010101110111100
000000000000000000000000000000000000000000000000000000000000101011101100010001101100100101000101
000000000000000000000000000000000000000000000000000000000000111010110101100010001000000110111100
000000000000000000000000000000000000000000000000000000000000101100011110001001000100110111010011
000000000000000000000000000000000000000000000000000000000000001100101101110100011011011000110010
000000000000000000000000000000000000000000000000000000000000110101001100110000101001101101010111
000000000000000000000000000000000000000000000000000000000000001011000111000100000010010000000100
000000000000000000000000000000000000000000000000000000000000110001110100010111101111101110110111
000000000000000000000000000000000000000000000000000000000000010101011101000100101101011000111100
000000000000000000000000000000000000000000000000000000000000010001000011001100000011000101110001
000000000000000000000000000000000000000000000000000000000000110011010110000011001000110111000100
000000000000000000000000000000000000000000000000000000000000111110110011101110100010001001001011
000000000000000000000000000000000000000000000000000000000000101111011100000110111100011111001001
000000000000000000000000000000000000000000000000000000000000011001111001001001100100110110001010
000000000000000000000000000000000000000000000000000000000000010111001110010111101100011101000100
000000000000000000000000000000000000000000000000000000000000001100100010111000000001100010011110
000000000000000000000000000000000000000000000000000000000000101001011000000000100001111000001101
000000000000000000000000000000000000000000000000000000000000111011001111111101000010111100011111
000000000000000000000000000000000000000000000000000000000000100100000100010011111000100011000000
000000000000000000000000000000000000000000000000000000000000111011000011011000000100101011001011
000000000000000000000000000000000000000000000000000000000000011110001100010001111011111011101110
000000000000000000000000000000000000000000000000000000000000001000101101110101100001011110100011
000000000000000000000000000000000000000000000000000000000000110110011010111101111111100000101001
000000000000000000000000000000000000000000000000000000000000101001101010000101110010111011110011
000000000000000000000000000000000000000000000000000000000000100110110000100111000011101110011111
000000000000000000000000000000000000000000000000000000000000010011011101111001000100000011001011
000000000000000000000000000000000000000000000000000000000000010001001111010001101000110110101100
000000000000000000000000000000000000000000000000000000000000000111100011011110110011011010001110
000000000000000000000000000000000000000000000000000000000000110101100100011001011000000101110101
000000000000000000000000000000000000000000000000000000000000100100000010101110100111101111010101
000000000000000000000000000000000000000000000000000000000000010111100000101100011001110010001011
000000000000000000000000000000000000000000000000000000000000010000001100011101101101000110000100
000000000000000000000000000000000000000000000000000000000000011000000001101010100100000110111011
000000000000000000000000000000000000000000000000000000000000110001011100000101011001011011111100
000000000000000000000000000000000000000000000000000000000000010010110110100011100011011001010000
000000000000000000000000000000000000000000000000000000000000111111000011101100001000010110001110
000000000000000000000000000000000000000000000000000000000000001000101011101111001011100101011110
000000000000000000000000000000000000000000000000000000000000101100110100100101000000010110000011
000000000000000000000000000000000000000000000000000000000000101110010111100011001000100001111100
000000000000000000000000000000000000000000000000000000000000011101111001000010011001101000101000
000000000000000000000000000000000000000000000000000000000000010001100101110001101011001110110100
000000000000000000000000000000000000000000000000000000000000010000010110010110010011001010110010
000000000000000000000000000000000000000000000000000000000000001110000000011101000101101001111000
000000000000000000000000000000000000000000000000000000000000011111111010101001101100111010110101
000000000000000000000000000000000000000000000000000000000000110010100110111001011111110111001101
000000000000000000000000000000000000000000000000000000000000011001100001100101100011100001000110
000000000000000000000000000000000000000000000000000000000000100001100100111010010011101110001010
000000000000000000000000000000000000000000000000000000000000000100010101110101111010001111100111
000000000000000000000000000000000000000000000000000000000000010001101101001110111010011010010111
000000000000000000000000000000000000000000000000000000000000010001010101110000001010101010000100
000000000000000000000000000000000000000000000000000000000000111110100111001110101100011110011000
000000000000000000000000000000000000000000000000000000000000111011100001001000111111100101101000
000000000000000000000000000000000000000000000000000000000000001111010111000110010110011101011011
000000000000000000000000000000000000000000000000000000000000001111110101010010110000010011000101
000000000000000000000000000000000000000000000000000000000000110100111011010010110011010001100100
000000000000000000000000000000000000000000000000000000000000000101001011000110111111011101101010
000000000000000000000000000000000000000000000000000000000000110101100101011001101110000001100101
000000000000000000000000000000000000000000000000000000000000010111111110000110000011001000010011
000000000000000000000000000000000000000000000000000000000000100101111011001011000100011100010001
000000000000000000000000000000000000000000000000000000000000110010001100001111011111111010111101
000000000000000000000000000000000000000000000000000000000000011110011010001111110111110110010000
000000000000000000000000000000000000000000000000000000000000010100000110010111101101110011100010
000000000000000000000000000000000000000000000000000000000000010111010001000100000011111110000010
000000000000000000000000000000000000000000000000000000000000111001010100000011011110001110100011
000000000000000000000000000000000000000000000000000000000000001000010000000100001100001000101001
000000000000000000000000000000000000000000000000000000000000010101011110010111111001001100010001
000000000000000000000000000000000000000000000000000000000000101000000101011100100100100010111111
000000000000000000000000000000000000000000000000000000000000001000011101111111000111111111100111
000000000000000000000000000000000000000000000000000000000000001111000111011101010100001110001111
000000000000000000000000000000000000000000000000000000000000111011111101110000101010001001111011
000000000000000000000000000000000000000000000000000000000000111000100111101010100111000100000010
000000000000000000000000000000000000000000000000000000000000110101011110001010111011110110001100
000000000000000000000000000000000000000000000000000000000000011010010011011101110111100011111000
000000000000000000000000000000000000000000000000000000000000100111010001001111000011101100101111
000000000000000000000000000000000000000000000000000000000000011000000000000100111110000111110010
000000000000000000000000000000000000000000000000000000000000101011011101000100001001111010000010
000000000000000000000000000000000000000000000000000000000000111111101111001110111110001010010011
000000000000000000000000000000000000000000000000000000000000110001011010010100110110101110111001
000000000000000000000000000000000000000000000000000000000000000010000100010110110100011110011101
000000000000000000000000000000000000000000000000000000000000000010001100001001000111001111101000
000000000000000000000000000000000000000000000000000000000000011001000110111011010011010001000001
000000000000000000000000000000000000000000000000000000000000001111010101011010011001011011111110
000000000000000000000000000000000000000000000000000000000000100100001011111100001000100110000011
000000000000000000000000000000000000000000000000000000000000111000100101110010110001010111101101
000000000000000000000000000000000000000000000000000000000000011001101111001001011110110110000011
000000000000000000000000000000000000000000000000000000000000111000111101100111111111100001101111
000000000000000000000000000000000000000000000000000000000000010110100101000100010100010011100101
000000000000000000000000000000000000000000000000000000000000110001110001110101010110100011111001
000000000000000000000000000000000000000000000000000000000000111000011100001001000000001000010001
000000000000000000000000000000000000000000000000000000000000100110001011111000111001011111011101
000000000000000000000000000000000000000000000000000000000000110101101000000101000110110011010000
000000000000000000000000000000000000000000000000000000000000111000111010000100001010100110110011
000000000000000000000000000000000000000000000000000000000000011010001100011010000011011100011111
000000000000000000000000000000000000000000000000000000000000100110010010100001001001101100011110
000000000000000000000000000000000000000000000000000000000000001101011110111101101101001010110111
000000000000000000000000000000000000000000000000000000000000101111000110010111011001000100101000
000000000000000000000000000000000000000000000000000000000000101000110001010101010110011010001011
000000000000000000000000000000000000000000000000000000000000101010000100010010100001111001010110
000000000000000000000000000000000000000000000000000000000000010100000110000010101010110010100000
000000000000000000000000000000000000000000000000000000000000011111001101000101011000111100110011
000000000000000000000000000000000000000000000000000000000000101110001110110101110110011110010100
000000000000000000000000000000000000000000000000000000000000000101111100100101011011011010010100
000000000000000000000000000000000000000000000000000000000000110010110111000111100111001110110110
000000000000000000000000000000000000000000000000000000000000110101011001010000110011011100101010
000000000000000000000000000000000000000000000000000000000000111001101011001101101001111100010010
000000000000000000000000000000000000000000000000000000000000110110000010110101010000100000110010
000000000000000000000000000000000000000000000000000000000000001000101001100001100100001000001111
000000000000000000000000000000000000000000000000000000000000100110111111000001000010000100110110
000000000000000000000000000000000000000000000000000000000000100110011000001101101101000111100100
000000000000000000000000000000000000000000000000000000000000011100110001011110110011100100101011
000000000000000000000000000000000000000000000000000000000000010101010100001010110001010101010011
000000000000000000000000000000000000000000000000000000000000010010101110111000101010100010010000
000000000000000000000000000000000000000000000000000000000000011010010000010010101111110111111000
000000000000000000000000000000000000000000000000000000000000101110110100010001110000111100101010
000000000000000000000000000000000000000000000000000000000000100011111001101111111110110011101101
000000000000000000000000000000000000000000000000000000000000110110101001111000110111110100111001
000000000000000000000000000000000000000000000000000000000000101001011110010111010110010001101001
000000000000000000000000000000000000000000000000000000000000001011011101000101010101110001101000
000000000000000000000000000000000000000000000000000000000000111110000110111001101110111001000011
000000000000000000000000000000000000000000000000000000000000001111100000011001011101001001010010
000000000000000000000000000000000000000000000000000000000000101100011000100001011101101000001100
000000000000000000000000000000000000000000000000000000000000011100010001101000001100100010111011
000000000000000000000000000000000000000000000000000000000000100001101000011011110010010101101010
000000000000000000000000000000000000000000000000000000000000001010011110001111111011111010000110
000000000000000000000000000000000000000000000000000000000000010100001111010101101011000000100001
000000000000000000000000000000000000000000000000000000000000011101110111110000000010010110111110
000000000000000000000000000000000000000000000000000000000000100111010000011011011010001110010101
000000000000000000000000000000000000000000000000000000000000111010100100001100011001101010000000
000000000000000000000000000000000000000000000000000000000000010101111110111000001010011000110010
000000000000000000000000000000000000000000000000000000000000000110100001110001010001001111001010
000000000000000000000000000000000000000000000000000000000000010101011111011110110100011101111111
000000000000000000000000000000000000000000000000000000000000110101011110101110100110001001010110
000000000000000000000000000000000000000000000000000000000000111011110000010111100100111001111101
000000000000000000000000000000000000000000000000000000000000000000110001000110010100001111110010
000000000000000000000000000000000000000000000000000000000000101001011001000000100000000101110001
000000000000000000000000000000000000000000000000000000000000010110111101110100000010110110011101
000000000000000000000000000000000000000000000000000000000000111101101011010001100111110010100000
000000000000000000000000000000000000000000000000000000000000011011011110010000101001011000000011
000000000000000000000000000000000000000000000000000000000000111000101100100000100011010000111110
000000000000000000000000000000000000000000000000000000000000111110010110100101011010110111101110
000000000000000000000000000000000000000000000000000000000000011001011010010111011110011101101101
000000000000000000000000000000000000000000000000000000000000010000100100100000100101010100100110
000000000000000000000000000000000000000000000000000000000000101011100110110010001011011100000001
000000000000000000000000000000000000000000000000000000000000010000001110001100001110101000111001
000000000000000000000000000000000000000000000000000000000000101111101100101011000011011000001101
000000000000000000000000000000000000000000000000000000000000111001100011111000100110100010111110
000000000000000000000000000000000000000000000000000000000000001010001000001111000100111010001011
000000000000000000000000000000000000000000000000000000000000101101101111110110011010100001111001
000000000000000000000000000000000000000000000000000000000000100000100100101000111010101001101000
000000000000000000000000000000000000000000000000000000000000000001010111111010101111010001001111
000000000000000000000000000000000000000000000000000000000000001101010100011100001001001000001011
000000000000000000000000000000000000000000000000000000000000001100100010100001011010011110011010
000000000000000000000000000000000000000000000000000000000000110010100010111010001100000010111001
000000000000000000000000000000000000000000000000000000000000111110000011111010001001100010110100
000000000000000000000000000000000000000000000000000000000000001110010110001001101100101011101100
000000000000000000000000000000000000000000000000000000000000011011001100101000100000100010101011
000000000000000000000000000000000000000000000000000000000000001010010000110011010100110010001110
000000000000000000000000000000000000000000000000000000000000011011001101010111101010011010110110
000000000000000000000000000000000000000000000000000000000000101011011000101110010011010100100101
000000000000000000000000000000000000000000000000000000000000010100010001100101011001101101111110
000000000000000000000000000000000000000000000000000000000000111000000011100010001110001010001000
000000000000000000000000000000000000000000000000000000000000001010100101100100101000001010011000
000000000000000000000000000000000000000000000000000000000000000000010100010110011010011101100000
000000000000000000000000000000000000000000000000000000000000001111000111111011000001000111011010
000000000000000000000000000000000000000000000000000000000000110011100010110001011011111101101011
000000000000000000000000000000000000000000000000000000000000101111010010110000011010100111110111
000000000000000000000000000000000000000000000000000000000000011110100001010110001110010100110111
000000000000000000000000000000000000000000000000000000000000001100111011100001011000000011011110
000000000000000000000000000000000000000000000000000000000000011100011010110001101010011010011011
000000000000000000000000000000000000000000000000000000000000001110110101001110110011010001000010
000000000000000000000000000000000000000000000000000000000000101010101110100010110011110011000100
000000000000000000000000000000000000000000000000000000000000001000011101110011101001101000101100
000000000000000000000000000000000000000000000000000000000000010100110110000111011111011011111000
000000000000000000000000000000000000000000000000000000000000001010001110011101100011000101000011
000000000000000000000000000000000000000000000000000000000000111100101100100001010001101010100110
000000000000000000000000000000000000000000000000000000000000000101001100011000101101110001011001
000000000000000000000000000000000000000000000000000000000000001010110101100100010001101011110100
000000000000000000000000000000000000000000000000000000000000100100011111110010001011111101110110
000000000000000000000000000000000000000000000000000000000000011100001011111011001010001010000100
000000000000000000000000000000000000000000000000000000000000011111011111001100111000010010001100
000000000000000000000000000000000000000000000000000000000000101100001010110010000110001010001001
000000000000000000000000000000000000000000000000000000000000100110100001101110101111010111000010
000000000000000000000000000000000000000000000000000000000000000011001100001100111000010101000100
000000000000000000000000000000000000000000000000000000000000100010001001010001010001011110010110
000000000000000000000000000000000000000000000000000000000000100000011010000011010011101000100100
000000000000000000000000000000000000000000000000000000000000000001011111011000101100100111010101
000000000000000000000000000000000000000000000000000000000000110101100100010100101100101110011101
000000000000000000000000000000000000000000000000000000000000101000001001000110010111110100111001
000000000000000000000000000000000000000000000000000000000000101001011110010011001001111101000101
000000000000000000000000000000000000000000000000000000000000111010000100000100011001001001110011
000000000000000000000000000000000000000000000000000000000000110100100010001100101011011011011001
000000000000000000000000000000000000000000000000000000000000010100001101001001010000100010100011
000000000000000000000000000000000000000000000000000000000000101001000011110110001000011100110111
000000000000000000000000000000000000000000000000000000000000000001001101011010111010001100100100
000000000000000000000000000000000000000000000000000000000000010001000111010000011011011001100000
000000000000000000000000000000000000000000000000000000000000010111010111110100110110111100000011
000000000000000000000000000000000000000000000000000000000000010111000100100110110001101011010101
000000000000000000000000000000000000000000000000000000000000001101101101010001111100111111001010
000000000000000000000000000000000000000000000000000000000000101101101000110110010111100010011100
000000000000000000000000000000000000000000000000000000000000100100100110110001000000001100111101
000000000000000000000000000000000000000000000000000000000000001001101011011001110110010011010001
000000000000000000000000000000000000000000000000000000000000101110100100011011110111111111011011
000000000000000000000000000000000000000000000000000000000000110011010111111010011101011111011011
000000000000000000000000000000000000000000000000000000000000100110001100110000111101011010100011
000000000000000000000000000000000000000000000000000000000000001111010100100100111001101100011100
000000000000000000000000000000000000000000000000000000000000101111101101001101100100100011010000
000000000000000000000000000000000000000000000000000000000000100101101011000101001111110010101011
000000000000000000000000000000000000000000000000000000000000111000100101011100111101100011101001
000000000000000000000000000000000000000000000000000000000000000101000101000010001010000010000100
000000000000000000000000000000000000000000000000000000000000010110001010101010111110111010011111
000000000000000000000000000000000000000000000000000000000000100011010001101100100111110001011110
000000000000000000000000000000000000000000000000000000000000001110110000111011010001110100010001
000000000000000000000000000000000000000000000000000000000000101110000101010010001100011001001001
000000000000000000000000000000000000000000000000000000000000000110111011010111101010111100001010
000000000000000000000000000000000000000000000000000000000000000001001100111111001101110011000000
000000000000000000000000000000000000000000000000000000000000000010001010000101010110000111100101
000000000000000000000000000000000000000000000000000000000000011100011000101100101000010111010110
000000000000000000000000000000000000000000000000000000000000100110100010101011111111001111100111
000000000000000000000000000000000000000000000000000000000000100000010000011101000010100110101111
000000000000000000000000000000000000000000000000000000000000010001110110001111001011110100001011
000000000000000000000000000000000000000000000000000000000000110111100101001110100111001001000000
000000000000000000000000000000000000000000000000000000000000010010010001100010110000011011101001
000000000000000000000000000000000000000000000000000000000000011010110111111010101111010100001100
000000000000000000000000000000000000000000000000000000000000000111000111100111010111001100110101
000000000000000000000000000000000000000000000000000000000000000001000111000010101100100100010111
000000000000000000000000000000000000000000000000000000000000001000011111101100001000100011111010
000000000000000000000000000000000000000000000000000000000000101100110001100011101100111001011100
000000000000000000000000000000000000000000000000000000000000010100010001111001011110001011001101
000000000000000000000000000000000000000000000000000000000000101111110011111100101010110001001001
000000000000000000000000000000000000000000000000000000000000010011101011111100100010011100100111
000000000000000000000000000000000000000000000000000000000000100010101000100011100101011111100001
000000000000000000000000000000000000000000000000000000000000100010000011000101111011110100100001
000000000000000000000000000000000000000000000000000000000000110010001011111111101100110000101011
000000000000000000000000000000000000000000000000000000000000110000001101010101101011111011100111
000000000000000000000000000000000000000000000000000000000000010001000010100001110000110011001000
000000000000000000000000000000000000000000000000000000000000101010011010110100100110110001111011
000000000000000000000000000000000000000000000000000000000000001100011001010101110010100000011110
000000000000000000000000000000000000000000000000000000000000010000101100101001001001111000010100
000000000000000000000000000000000000000000000000000000000000110000100110110100000010011000100100
000000000000000000000000000000000000000000000000000000000000010010011000100101011011101110100101
000000000000000000000000000000000000000000000000000000000000001101111111100011001011000001000101
000000000000000000000000000000000000000000000000000000000000100111011101001000111010101101111100
000000000000000000000000000000000000000000000000000000000000101101011110100100001000111000101100
000000000000000000000000000000000000000000000000000000000000010101101101101100101100011010100111
000000000000000000000000000000000000000000000000000000000000001010010011110010011111101010110110
000000000000000000000000000000000000000000000000000000000000001011101101001000001101100111001111
000000000000000000000000000000000000000000000000000000000000111101010001101000000100000101000111
000000000000000000000000000000000000000000000000000000000000110100100000110001001011111000011000
000000000000000000000000000000000000000000000000000000000000010000110101000110110100100001011101
000000000000000000000000000000000000000000000000000000000000010110011110001000001011000101111110
000000000000000000000000000000000000000000000000000000000000011101111101010101110110101001011100
000000000000000000000000000000000000000000000000000000000000101110100011001100100000010101110001
000000000000000000000000000000000000000000000000000000000000110011011111000100111010101110111010
000000000000000000000000000000000000000000000000000000000000010011110101111100101011100000100100
000000000000000000000000000000000000000000000000000000000000001111110001000111000101101000001000
000000000000000000000000000000000000000000000000000000000000000100011110001000011111010010101100
000000000000000000000000000000000000000000000000000000000000110100101111000101111000000010011110
000000000000000000000000000000000000000000000000000000000000110000100000110101111111011000010100
000000000000000000000000000000000000000000000000000000000000111000100110000100011011100000011110
000000000000000000000000000000000000000000000000000000000000000100000011101000001001111110000010
000000000000000000000000000000000000000000000000000000000000011111010000001101100100010111111000
000000000000000000000000000000000000000000000000000000000000100100010010101101111011011001011110
000000000000000000000000000000000000000000000000000000000000001110110101110110000111011000010101
000000000000000000000000000000000000000000000000000000000000010001111100000101010000110011100000
000000000000000000000000000000000000000000000000000000000000110111001001011011010001010001111101
000000000000000000000000000000000000000000000000000000000000011100000110111000000100011001101101
000000000000000000000000000000000000000000000000000000000000100101001011111111110011001111000101
000000000000000000000000000000000000000000000000000000000000010101010011011100001011110101010100
000000000000000000000000000000000000000000000000000000000000001110010011110011010111000011100110
000000000000000000000000000000000000000000000000000000000000010010011011100000110101011101001110
000000000000000000000000000000000000000000000000000000000000101100010110110010101000010010110000
000000000000000000000000000000000000000000000000000000000000100011001001110101110100100110100111
000000000000000000000000000000000000000000000000000000000000110111000100011110010000010000001110
000000000000000000000000000000000000000000000000000000000000101111001010101011100111111110101000
000000000000000000000000000000000000000000000000000000000000111001101100110111111101110100110100
000000000000000000000000000000000000000000000000000000000000101001111000101001110101111001101111
000000000000000000000000000000000000000000000000000000000000110000011100011001011100010110111001
000000000000000000000000000000000000000000000000000000000000101000111000110111000010000110011100
000000000000000000000000000000000000000000000000000000000000000110101010011110000000001011011110
000000000000000000000000000000000000000000000000000000000000010000010011000010000111000111100001
000000000000000000000000000000000000000000000000000000000000111101001000010110111010010100010111
000000000000000000000000000000000000000000000000000000000000011110111010010010101101001001001110
000000000000000000000000000000000000000000000000000000000000011110100111100110001011010001111110
000000000000000000000000000000000000000000000000000000000000010000110101011101001010110011001000
000000000000000000000000000000000000000000000000000000000000110110000110000001111110010101001110
000000000000000000000000000000000000000000000000000000000000100111001111101000100011100000011001
000000000000000000000000000000000000000000000000000000000000101001101101100100101001111111101100
000000000000000000000000000000000000000000000000000000000000101011101101110100101110101001001000
000000000000000000000000000000000000000000000000000000000000101101100110011110101001101110100100
000000000000000000000000000000000000000000000000000000000000001010100101011010101000101010000010
000000000000000000000000000000000000000000000000000000000000001111110011111001101111110110100111
000000000000000000000000000000000000000000000000000000000000000101010001011000010101110010101001
000000000000000000000000000000000000000000000000000000000000011100110111000110001000010101000001
000000000000000000000000000000000000000000000000000000000000001010101110010011010001100000110010
000000000000000000000000000000000000000000000000000000000000010001010010011011110110011000011001
000000000000000000000000000000000000000000000000000000000000100011110110001001011000100100101110
000000000000000000000000000000000000000000000000000000000000001001110111011010010010101010010101
000000000000000000000000000000000000000000000000000000000000111101011100100100001011011010010111
000000000000000000000000000000000000000000000000000000000000110100011000101001011101111011001100
000000000000000000000000000000000000000000000000000000000000001110010000100110100001110010100011
000000000000000000000000000000000000000000000000000000000000101110111110011011011000000010010111
000000000000000000000000000000000000000000000000000000000000100000100101101110010110000000011100
000000000000000000000000000000000000000000000000000000000000001110111001000011010111000000010100
000000000000000000000000000000000000000000000000000000000000110111011101110000110100001100100001
000000000000000000000000000000000000000000000000000000000000100010011001111100011110101000100111
000000000000000000000000000000000000000000000000000000000000101101111001100000101111001010110100
000000000000000000000000000000000000000000000000000000000000000101010000011010001110111100011001
000000000000000000000000000000000000000000000000000000000000000001111010111000101000110110001000
000000000000000000000000000000000000000000000000000000000000000110010011100011101000011001101101
000000000000000000000000000000000000000000000000000000000000101001110110100100011011100100010111
000000000000000000000000000000000000000000000000000000000000011010101111011011101010110001011010
000000000000000000000000000000000000000000000000000000000000000011000000001111000000011000101010
000000000000000000000000000000000000000000000000000000000000000101000010011011011110010100100000
000000000000000000000000000000000000000000000000000000000000001001110001001100101100011110100011
000000000000000000000000000000000000000000000000000000000000000001001110011011111110010000111010
000000000000000000000000000000000000000000000000000000000000001110111010110100101011011011111101
000000000000000000000000000000000000000000000000000000000000110110000011011111110111101100101010
000000000000000000000000000000000000000000000000000000000000110111111110111011001010101011010110
000000000000000000000000000000000000000000000000000000000000010110011000110000101010111011010000
000000000000000000000000000000000000000000000000000000000000011001100101001101101010000110100100
000000000000000000000000000000000000000000000000000000000000100110111101101101011100010011001011
000000000000000000000000000000000000000000000000000000000000111111111111000000010110100011010010
000000000000000000000000000000000000000000000000000000000000010001101110010011111111001111000101
000000000000000000000000000000000000000000000000000000000000110001011000010101011110101100101011
000000000000000000000000000000000000000000000000000000000000101100110010100000100011010110110011
000000000000000000000000000000000000000000000000000000000000110110010101110001101110000110010000
000000000000000000000000000000000000000000000000000000000000111101111110101001101000110111110100
000000000000000000000000000000000000000000000000000000000000010001001111111011011000100100010101
000000000000000000000000000000000000000000000000000000000000100011000011110010101101010110000011
000000000000000000000000000000000000000000000000000000000000111000111000011001001100000100011001
000000000000000000000000000000000000000000000000000000000000000010010101001001110100001001110110
000000000000000000000000000000000000000000000000000000000000111111011100101010100001110001101001
000000000000000000000000000000000000000000000000000000000000111001011110000010100010011101100101
000000000000000000000000000000000000000000000000000000000000001010101011100001101100111011110110
000000000000000000000000000000000000000000000000000000000000001010100001001100001111011110011110
000000000000000000000000000000000000000000000000000000000000010000100111000000000100001111100100
000000000000000000000000000000000000000000000000000000000000111011111111010100010001100101101011
000000000000000000000000000000000000000000000000000000000000001100001111011111001101101001001001
000000000000000000000000000000000000000000000000000000000000110010000001110111111101111000111001
000000000000000000000000000000000000000000000000000000000000001101001101000011011011000111000010
000000000000000000000000000000000000000000000000000000000000001000001011111011100010011110001011
000000000000000000000000000000000000000000000000000000000000111111100110010011111100010101000111
000000000000000000000000000000000000000000000000000000000000010110110101101000110011001001001011
000000000000000000000000000000000000000000000000000000000000000001000101010011000000110110011110
000000000000000000000000000000000000000000000000000000000000010100010010111000110010110110000011
000000000000000000000000000000000000000000000000000000000000110001010011011010110101010001011011
000000000000000000000000000000000000000000000000000000000000011111100000101011111110100000100000
000000000000000000000000000000000000000000000000000000000000000101000110111101111110111011110100
000000000000000000000000000000000000000000000000000000000000110111000101001111000101001110111101
000000000000000000000000000000000000000000000000000000000000010010101100101100111111111111000100
000000000000000000000000000000000000000000000000000000000000100100111000000101101101011010011100
000000000000000000000000000000000000000000000000000000000000111111001100010110001110000111110001
000000000000000000000000000000000000000000000000000000000000010001111010000000001011001011000010
000000000000000000000000000000000000000000000000000000000000010100100011010011010001000101010010
000000000000000000000000000000000000000000000000000000000000101011000011010001000100110110110001
000000000000000000000000000000000000000000000000000000000000111101101000100011101001100111000111
000000000000000000000000000000000000000000000000000000000000101111000011101001000000111011010011
000000000000000000000000000000000000000000000000000000000000100101100000010100100011111011000100
000000000000000000000000000000000000000000000000000000000000111011100000100101100000011110110101
000000000000000000000000000000000000000000000000000000000000010010010111001111000101001100110110
000000000000000000000000000000000000000000000000000000000000101001011111000110111010110110010011
000000000000000000000000000000000000000000000000000000000000110101001101111100010110110110011100
000000000000000000000000000000000000000000000000000000000000000111110110000100000111100000110110
000000000000000000000000000000000000000000000000000000000000101110110100010101011001110011110010
000000000000000000000000000000000000000000000000000000000000111000010111010101011001100110010101
000000000000000000000000000000000000000000000000000000000000101001011000011010111101011000000101
000000000000000000000000000000000000000000000000000000000000010001111110110111101100001011110010
000000000000000000000000000000000000000000000000000000000000100001111000100000101100000100000000
000000000000000000000000000000000000000000000000000000000000100101011101011011111011010001111100
000000000000000000000000000000000000000000000000000000000000111011110111011011010010011001101111
000000000000000000000000000000000000000000000000000000000000111110010101001011101101111111011011
000000000000000000000000000000000000000000000000000000000000110010100000011001000010000011110011
000000000000000000000000000000000000000000000000000000000000111000011101101100010001111010101010
000000000000000000000000000000000000000000000000000000000000011111000100110000000111011110010000
000000000000000000000000000000000000000000000000000000000000101001011111010000110111101011001110
000000000000000000000000000000000000000000000000000000000000101001001111001110000010111100111011
000000000000000000000000000000000000000000000000000000000000001110011100001000101001101011100010
000000000000000000000000000000000000000000000000000000000000010100010010011100010111001010001110
000000000000000000000000000000000000000000000000000000000000101110011110010001000010010100001011
000000000000000000000000000000000000000000000000000000000000010100011101011010111100010010000110
000000000000000000000000000000000000000000000000000000000000111011110111000011001000110110100110
000000000000000000000000000000000000000000000000000000000000001011001100111110110111010111010101
000000000000000000000000000000000000000000000000000000000000101100001100111001110000110010000100
000000000000000000000000000000000000000000000000000000000000100011101001111110110001001100010101
000000000000000000000000000000000000000000000000000000000000101111010001101001111101100100110010
000000000000000000000000000000000000000000000000000000000000101001001011100100111010110110001100
000000000000000000000000000000000000000000000000000000000000000000000001111001011010101101010010
000000000000000000000000000000000000000000000000000000000000100111110101101101011011110001000101
000000000000000000000000000000000000000000000000000000000000100000100101110011110100000011111111
000000000000000000000000000000000000000000000000000000000000100000011110010110101010010110100010
000000000000000000000000000000000000000000000000000000000000100101101110000010001110011101111101
000000000000000000000000000000000000000000000000000000000000011101001010111110110011010011011110
000000000000000000000000000000000000000000000000000000000000100001110011100001011011101001111110
000000000000000000000000000000000000000000000000000000000000101110001111110000001000100101100001
000000000000000000000000000000000000000000000000000000000000000001011101111001010010100111111101
000000000000000000000000000000000000000000000000000000000000000011100100010010100111110000001001
000000000000000000000000000000000000000000000000000000000000110001000110000111111110110001010101
000000000000000000000000000000000000000000000000000000000000100011100100011011101000011100011000
000000000000000000000000000000000000000000000000000000000000000001100110110101000100010110101011
000000000000000000000000000000000000000000000000000000000000011100001001100000111100000100010101
000000000000000000000000000000000000000000000000000000000000110010001101111010011010011110011000
000000000000000000000000000000000000000000000000000000000000100100010001111111110111011100000110
000000000000000000000000000000000000000000000000000000000000000011000110101110001100101100111111
000000000000000000000000000000000000000000000000000000000000001010111000011100011001100000001110
000000000000000000000000000000000000000000000000000000000000101001110010101010001000100010001111
000000000000000000000000000000000000000000000000000000000000010001101110110110100000101001000001
000000000000000000000000000000000000000000000000000000000000011001010011100100001001000101011001
000000000000000000000000000000000000000000000000000000000000001001001011000100110101010110001001
000000000000000000000000000000000000000000000000000000000000101100110000110100101100110100011010
000000000000000000000000000000000000000000000000000000000000100000101100000000010010100111011010
000000000000000000000000000000000000000000000000000000000000111011101111111011000000110010000010
000000000000000000000000000000000000000000000000000000000000101101010111101110101111000001001101
000000000000000000000000000000000000000000000000000000000000001111111010011010100111110000100001
000000000000000000000000000000000000000000000000000000000000010011101011000010110001001111100011
000000000000000000000000000000000000000000000000000000000000011010100010111001111000100011010000
000000000000000000000000000000000000000000000000000000000000100111011111001111111101000000000011
000000000000000000000000000000000000000000000000000000000000010000110010000101111111000000011100
000000000000000000000000000000000000000000000000000000000000010001001110011100001100100001001001
000000000000000000000000000000000000000000000000000000000000000001100100010001001100011111111000
000000000000000000000000000000000000000000000000000000000000010001100100000001111000110111100000
000000000000000000000000000000000000000000000000000000000000100000000110001010100010001001011110
000000000000000000000000000000000000000000000000000000000000001011101110000110001011010000001000
000000000000000000000000000000000000000000000000000000000000011000000101101001010011010001000111
000000000000000000000000000000000000000000000000000000000000110011101010100101101000100001101111
000000000000000000000000000000000000000000000000000000000000110110010001010110000000010011110011
000000000000000000000000000000000000000000000000000000000000001000010010100100010110110111100110
000000000000000000000000000000000000000000000000000000000000001101010110011101110111000101110000
000000000000000000000000000000000000000000000000000000000000000111001000101010101011000101000010
000000000000000000000000000000000000000000000000000000000000001110001001001110111110111111001110
000000000000000000000000000000000000000000000000000000000000000110110001111111111101010011010110
000000000000000000000000000000000000000000000000000000000000000001110100110100110101000011110101
000000000000000000000000000000000000000000000000000000000000100101111001111001100000101101101100
000000000000000000000000000000000000000000000000000000000000100010100001000011001010010100011111
000000000000000000000000000000000000000000000000000000000000010100001010011111010100000000010100
000000000000000000000000000000000000000000000000000000000000111110110100110101111111100110011011
000000000000000000000000000000000000000000000000000000000000011010101110111010101000001000110110
000000000000000000000000000000000000000000000000000000000000010001100100110001011010101001010111
000000000000000000000000000000000000000000000000000000000000001010111000011001000011110100000001
000000000000000000000000000000000000000000000000000000000000101101100100101100100111101101011111
000000000000000000000000000000000000000000000000000000000000111111010101010011110011001100011101
000000000000000000000000000000000000000000000000000000000000100100100001000110001011010010110100
000000000000000000000000000000000000000000000000000000000000111000110111010010011001010000101011
000000000000000000000000000000000000000000000000000000000000010000100111110001101010010100000010
000000000000000000000000000000000000000000000000000000000000001110010010010110111000100010010010
000000000000000000000000000000000000000000000000000000000000100011101001100111000100111100011101
000000000000000000000000000000000000000000000000000000000000011001110101001011100100011111001010
000000000000000000000000000000000000000000000000000000000000101111110100011000000111001000111010
000000000000000000000000000000000000000000000000000000000000111111111101111001111011110010000010
000000000000000000000000000000000000000000000000000000000000001100010110000110001101010110001101
000000000000000000000000000000000000000000000000000000000000011010110100110010110111000011110101
000000000000000000000000000000000000000000000000000000000000100011110010010001000001110010001110
000000000000000000000000000000000000000000000000000000000000111010010000010101011110001110110111
000000000000000000000000000000000000000000000000000000000000111000111101000011001110010111000010
000000000000000000000000000000000000000000000000000000000000110101101001111001111000110010101100
000000000000000000000000000000000000000000000000000000000000111001100101100001001110100101100001
000000000000000000000000000000000000000000000000000000000000111000001111110101110101000000100001
000000000000000000000000000000000000000000000000000000000000111110010110101100011000011110101001
000000000000000000000000000000000000000000000000000000000000001100011110000100001101001101101010
000000000000000000000000000000000000000000000000000000000000001100011110101111110110010100110011
000000000000000000000000000000000000000000000000000000000000101111101001110100011110100100101101
000000000000000000000000000000000000000000000000000000000000000110111101111111100011110101110010
000000000000000000000000000000000000000000000000000000000000001101010011100001011010000010011000
000000000000000000000000000000000000000000000000000000000000101011111001110111110000000001010101
000000000000000000000000000000000000000000000000000000000000010011000001100011011001110001000110
000000000000000000000000000000000000000000000000000000000000111000101001011101100011010100100101
000000000000000000000000000000000000000000000000000000000000001111001010010101110011110001100010
000000000000000000000000000000000000000000000000000000000000100110101000011011111000010110000000
000000000000000000000000000000000000000000000000000000000000111101111011110011101010010000101011
000000000000000000000000000000000000000000000000000000000000101001011100100110010001100000011100
000000000000000000000000000000000000000000000000000000000000001100111000111000010100011110100010
000000000000000000000000000000000000000000000000000000000000110111100100000110111111011011101100
000000000000000000000000000000000000000000000000000000000000111111101010000110011010111101101111
000000000000000000000000000000000000000000000000000000000000001001111101101101000010110111111000
000000000000000000000000000000000000000000000000000000000000110000001010010001110001101111010000
000000000000000000000000000000000000000000000000000000000000100000010100111101101000101000100100
000000000000000000000000000000000000000000000000000000000000001001100000001010001011000100110110
000000000000000000000000000000000000000000000000000000000000000001000100001101101100010110010101
000000000000000000000000000000000000000000000000000000000000111011101101100101110110010101011101
000000000000000000000000000000000000000000000000000000000000110000110000110001010011100100100001
000000000000000000000000000000000000000000000000000000000000010100001010011101111110111001101011
000000000000000000000000000000000000000000000000000000000000101010011011100001011100111111000001
000000000000000000000000000000000000000000000000000000000000110001111011010011011010101100110100
000000000000000000000000000000000000000000000000000000000000000100111001100100010100100001001100
000000000000000000000000000000000000000000000000000000000000000111100111001111110011011111100110
000000000000000000000000000000000000000000000000000000000000011001100100111000111111000101100110
000000000000000000000000000000000000000000000000000000000000010101100110001110000010001000110100
000000000000000000000000000000000000000000000000000000000000001011010111101001111010011110101101
000000000000000000000000000000000000000000000000000000000000011010001010111110111011010111000100
000000000000000000000000000000000000000000000000000000000000000010110111010001000000100010010100
000000000000000000000000000000000000000000000000000000000000100001110100111100101101001100010101
000000000000000000000000000000000000000000000000000000000000100101010110011000011010111010100011
000000000000000000000000000000000000000000000000000000000000100101010101001100001111011010011000
000000000000000000000000000000000000000000000000000000000000001110100010010100100011011011001101
000000000000000000000000000000000000000000000000000000000000100000010010100100001101101010001010
000000000000000000000000000000000000000000000000000000000000101111011010000001111101110010001010
000000000000000000000000000000000000000000000000000000000000000001100100000100010110011000111011
000000000000000000000000000000000000000000000000000000000000101001000000110000011001101000111000
000000000000000000000000000000000000000000000000000000000000001010100111101010011101000011000001
000000000000000000000000000000000000000000000000000000000000101110000110011001010010010111000111
000000000000000000000000000000000000000000000000000000000000001110111001011000101100010011100110
000000000000000000000000000000000000000000000000000000000000001101100111001010100101010001111101
000000000000000000000000000000000000000000000000000000000000101011011110111010100001010101011111
000000000000000000000000000000000000000000000000000000000000001010111101110001100111101001111011
000000000000000000000000000000000000000000000000000000000000001000101011110000111000111011101100
000000000000000000000000000000000000000000000000000000000000010110010110010010111111001111100001
000000000000000000000000000000000000000000000000000000000000111111001111110011000001100000111000
000000000000000000000000000000000000000000000000000000000000110110001011110111001011100011101100
000000000000000000000000000000000000000000000000000000000000101010011011101100000100100010011111
000000000000000000000000000000000000000000000000000000000000100010010010101011011100111001000011
000000000000000000000000000000000000000000000000000000000000111110110110111000111000110110010101
000000000000000000000000000000000000000000000000000000000000000011001001110000001110001000011100
000000000000000000000000000000000000000000000000000000000000111100000011000100110001110101101110
000000000000000000000000000000000000000000000000000000000000111011101011111111010100100100111010
000000000000000000000000000000000000000000000000000000000000111001011101011101110101111001011110
000000000000000000000000000000000000000000000000000000000000100011100100101011010101010111010010
000000000000000000000000000000000000000000000000000000000000110001101010001101100000011011100001
000000000000000000000000000000000000000000000000000000000000000101000100001100000101110100000011
000000000000000000000000000000000000000000000000000000000000101101010110101100010101010110101000
000000000000000000000000000000000000000000000000000000000000001110101001100111100101011011010111
000000000000000000000000000000000000000000000000000000000000101000101111011011011010000111110101
000000000000000000000000000000000000000000000000000000000000000100101010011101111110011110010101
000000000000000000000000000000000000000000000000000000000000011101110000101111001100111110010110
000000000000000000000000000000000000000000000000000000000000001000010111001001101100100111000000
000000000000000000000000000000000000000000000000000000000000100101101100100110001111111000001100
000000000000000000000000000000000000000000000000000000000000010000110001100000011010000101001100
000000000000000000000000000000000000000000000000000000000000000011010011000110100011101001001111
000000000000000000000000000000000000000000000000000000000000111000010101000001000011010100100000
000000000000000000000000000000000000000000000000000000000000011111110001100100001010001001101000
000000000000000000000000000000000000000000000000000000000000000010100010010110001110011100110000
000000000000000000000000000000000000000000000000000000000000001110010101001010010001011100011101
000000000000000000000000000000000000000000000000000000000000111010011000010000000011010011111011
000000000000000000000000000000000000000000000000000000000000111101100100011110011100000001000101
000000000000000000000000000000000000000000000000000000000000100101101001111001010000011111111001
000000000000000000000000000000000000000000000000000000000000101001100010011100010000100100000000
000000000000000000000000000000000000000000000000000000000000000100111000011111011111000100001101
000000000000000000000000000000000000000000000000000000000000010000001001011000000010111110001010
000000000000000000000000000000000000000000000000000000000000011100100110000101001010110000011100
000000000000000000000000000000000000000000000000000000000000101001110000000001000000110011101000
000000000000000000000000000000000000000000000000000000000000101011111010111100111000100101110001
000000000000000000000000000000000000000000000000000000000000100010000000001110100010110011100111
000000000000000000000000000000000000000000000000000000000000010100100011010110101000010001101011
000000000000000000000000000000000000000000000000000000000000001100011001001111111001100101110011
000000000000000000000000000000000000000000000000000000000000010110000100101110100001111101111101
000000000000000000000000000000000000000000000000000000000000001001011010110000010000011100111000
000000000000000000000000000000000000000000000000000000000000001011111010010000000100001010010100
000000000000000000000000000000000000000000000000000000000000111000000000000010001100011000011101
000000000000000000000000000000000000000000000000000000000000011110001001001010111011011111100101
000000000000000000000000000000000000000000000000000000000000100010110011111100010110011000110110
000000000000000000000000000000000000000000000000000000000000011111000001000001000110000110110110
000000000000000000000000000000000000000000000000000000000000100001101000010101000010100100100110
