001001011101010110101010110001101101011001001000101100011110100010110100110101010101101100010101
011010000110100100101100100100111111010011111101110000111001010000001011101100010010001001111010
100011100001100111100010101001110100110101111011110101100100000111110000110001010110100011100001
111010111000001001000011111101101001011000110000101000110101011010011000110010101011001001111010
111010110011010001101100111011110110100110010011010100010101001001010001010011101011110001101110
010101001001101001011101111110011000101011100010000000000110011010101011111000100000010000000001
001110011111001111010011111101001101000110001000101100000111100001000100111011100001011101100001
011010110101001101110100100100010111110011010011000100010000111000100111001001001001100110010000
100010011111011111010001111110101101000011100101110101110111110110011111011110110011000110010110
111001100100100111010110111010010111000011000111110011011101011000110001101011110010000000011000
011101011101001001111000101001111001000001001010100110110010011010011110001110100100111110110111
010000010001010111011000000000110100101001000010110100000010011011101010000110010111101110100100
011001001011110101101011100101111111110011001100111110000010101101011000111101110110110110101010
010110100011010111101011100100111010101010111100000000001011000101001100001001100001101110111100
101110011000010000001001110010110011011000010011100001100010010100011111000110110011001010111101
101011111110000111001001111100100110001111111100101000001001010110010010101010001110000010001010
000110101110000011011111001011110001100001010001100101000010001100100010000000100000111001110111
010000001111110100001100000111100011111011101011001100101111100001101000011111101110111001111111
101110001010001100011101100011000100010111101111011111101001101110001011110101011000110110001101
110111101011100100000100101110110000011001001101000101100010000110000111101101010110001110010101
111100011001010111010000100011010100001100111100101011000010010101111010011001011100011100010111
101110010110100010110111100111110000010001110011011101000010100000110011111100110001110011000000
101110110011010101111011000010100000010111101110000001111110100111110111100011111110001111010000
001101001011001010000110100001110001101001010111101000010001110010101001010110001101000100100001
010000011101110011010111011100010110100000111111010000010110010111010100001000001010110110111110
111011110001010101101000100100100111000110011001100001110100100001001110111001000110010000000000
001101001110011010111101111101001111000111101001010011000110010001101010010001111111001001110101
110000110001100100101010000011000101110111011111010101110101010010000000100100100010100010011101
010010111000110110111001011101111010101101000110010111000101011001110000111000100111110011110011
010100100011011100101101000010110001011110011011111111010010100111010100111010101111001001000111
010011111011110110001000010001001010000100111111101000110100101110011011111101110101000111000000
010011100001101001101011010100111100011001101100111110101000000110100010111100000011110010100101
001111000011101110010110000101101101100111101101010100111110010101000101110010001010111000100111
100111010011000010000011110001110110000011101100100101111000101000010001101100010110100100101000
111101001101110110100100111111010100000111100001111010101100001101100001000101110011101110101111
101011000010101111100100000011010011100011011100010011101110101110011110110101101000101100000101
000000011010000101010001101010100001001000111101110000011110001110000010101011110001001001111010
100101001111101000111100110000111011101101111100001000110001100010000000010100100110001100000100
000001101010111001001100001010101010001010001101100010110111110000001010001011010110111011010110
100101011001011101001111100010110001110101010110010110010000110101111011011001011111111001110010
000010100111001111011000100000101100000100111101101001100011010110000111110101001111110011110100
111000001000000111110001101011110110001111010100111101110011011000000110011011110100001111110110
011001011100000110000001010111011010101101101101010000010011010110001111000000101010100011101110
001111110110010010100010010000110011000000111100000000111110010011000000101000000111101110111110
110010101001101111111010001010010110110111010000111110010000001101110000110001111101010010010011
011110111110110111010000000101110101110011011001010110110000001101001111011011111100110101111100
100000001100010111101010100011111000001001100011010100001000001101111001100101010111000011000010
110001101011101110010100111101101100111001110001110011111000000100100000110011010000110101111000
100011000110111110100110000010101000100010110011101010100010010011101100011001111100010000111000
111000001000011001011000011001101101111011111111111000000110101001110000110110111101110110010001
100111110011000100000001100011000110110010101001001011110010000011101001011000010000110100100111
100101011000000011000011011110010001010111001001011011110010011110110110010100001001101100000111
110010001010011100010011011110101111001010000100110101011110001011111101010011000010111100101101
001001110000101010001101111001100011111000110000010001001011001000100110000111011010111100001010
011101010100111101110011000011000011000000111011001110111100000110010100011000010110100000100011
000000100100001000101100010011111001100010101111100111000110000111100001001100101010000010001111
001010001100000010111110100100111001000110010101100100111010110011100110110111100100110101101001
100110001000111001101010001010111000100001010011110001110101010011100100011100010000000000110010
100001110011111000101001011000001101100011000111011101011000100101100001110110001110010100111001
010010110100100101100100100000100100011001001011000110100010101000011011100001000101010100100101
000110101110100111011000000111111010111101000010100100101000001000100101001011111011110010010111
110110100100011000010000110101000011110011100110100010001100000110110101010001111000000101000110
000000101101000100010000100010111101000001011100100111010100010111001011010101100111011100101111
001101010111101010101010011101001111011011000111101001101000011111011100100011000101000011000000
100000011111001101011010011111000001100100010110000011000111001010000010011001111000000010111110
101000101000010001011010100010000010011011000111010100010110101001111010110101000001000100110001
110100001011100011101110101010011001100101101101100010100011011000000010010100100111011010010011
101111111100111001111101111100100100100000111110001100001000111100000101000101001101101000011011
100111001101101011000010001111110100101111101110010011010101100010011000010101111010011101001100
000111010000110101001010011100110111010101010111100101111100001101010001000011110100111111000000
111000100100101111110000000111010000010101110100000101101000011000010110011100100010111110110000
110110010110101100001001111000110110001011011010100011111110100111000110011111101110100111001110
101000010101010110011100000111110110001110011110110111100001110101010010100000111111011111111010
101111101001001111100011110110101110101000110010110010001011110000010101111011011100000110000011
011000111101101101000110000010100010111010011000111011001011010111110100011001111101000011101011
101011111011101010000111011110100101010100001101100101001001010110000001011100110010010101110100
111101010000101110011101110101100000111110100111100000011100001100001101111010010111100111100100
110110101101101101110000011001101011101100101010010110001011010111011010101011110111110011000010
110001010000111110010000101100011010110110111010010101110011011101010101101100111011001010100111
100111000010000000101010010111100110111000010101100111101011001100101001000111110010100001101111
111100101111000011101101111111100001001010010100110001011101110110000100000110010011001011101111
100010111110011101110101110110011101110011010111001011110000001001000001111001110101110110111011
111001001011001010001000101101010010011111001001110101111100000011000101001110001111110100101001
001100001000110010001100010110010101100010100011100000001011101111001100011010100001011011111011
001010010000001110011001101110000001100100011011111110100111100010001001000100001010100001101100
110001100110000100000100000010010010010010110101010000111000100111000000010000111110101111111011
001001110110110011101111101010010100011011010110000110010011010111101110100001100011111000110001
110011110100000111000110101101111000001111111011110010101110101011001010110011000000001100011010
001101000110110100110011111011000010101100111011000000010000011000100010110000101100001011011101
000010011110011010001011011001010100000101100110000000110111100101001111011100010001111101011100
010101010101110100110001110011101111001110111010100001110010101010101001100010011111110111111011
110101111000000111000100110100010100111000110100101101001010110011101001010010100100101101000101
000100000011111010110100110001111100011010000001011110111010010010001110000110110100011111000101
110110100111011110110110101000101111011101111100001001111110111000111110011101101100011100111000
101000001000111100001001110011111110100100000001100001010110001111011111010100101001000001011110
000000111111010010111111001011101011001011011101101000110010000001101010111100111001011011011110
001010001101010111010000110010100101101101111000000110001000111010110000011001111011001010101110
101101111111000010111010001101100000111110000100000101110101100001000010110100011111111011011110
000111001111110100011000111101101100111110001010010111100110001111111000010100110100001011100101
011101110011101101011011101001001010011101100010101011111100111010110101000010001001100111101001
111001111000010111011100100000001010111111111111010011010110011010101011100100100100111000011001
110111111011111110000000100100110100110100010011101010111010101001100110101100111011101001000011
011111001001011000001110011010101010111001001010000101000000010010001000001111011010010110100111
001111100111001111010011001111100110110111111111111011000010110111011111101000000111101100010100
000010011011100010110011011100111110110111010001000110110010010100001110110011110010010010100100
001001110100110010011111011010100100111101011001010000001011110011100100011110010000011011001011
101101010110100000101010100110110010110100011110111100010010001010111110001111001011010001100011
011001000001101111101111010111001000101111110111111110001010000101000100010000010010010101101011
011110001101011100110000011010001001110000011111100111100011000111100110010000100110100001110001
001011100001101000101100011101000011111001011011110001001010110001010001001000100011001110000111
010001010101011011100000000110111101100000110010001111001111110101111111101101000010001100001101
010111001111100100110000111100010000001000101111101011110110111111111001110011100000111001101001
110101100100111111001010000101011100000000111101111011001100101100001100001111000010001100011011
111101101010111110000010011000001111110101000011010001111100110101101100000000010010000110011111
011010100110110011001011110101011110010001000001010000011100110010110101000100000111010010000000
110011000001111001011101101000000111010000101011111111000110001111010100000101110111100001110110
101110100001100100001001010001000010110011000101000100100111011100110011010001111011001000010101
000101100100011010101001111100110000000000000000011100101011101000011011100011011101011100000000
101100110001011010011001111000011111101011111010001001110100011000011000111001011101100011101010
111100000010000101010101101010011111000110010000011000001010000111111110101001010000100010001100
011111111001110011000010101010010100111000100110011111011111100011011111011111000011010111001010
110010000010000000101100001101011011111010100001110110001110000100011001010100111011101100111111
111100011001000111110100101100000110101000011111101011101011111011010110011111010100111010100100
100010010010000011010000111001001011100010110111001101110101010000110100101011111101011011100100
101100000011101111100111100100111101000000100110101011101011011100011100101110100001101010001110
010100110100000001011011000110011000010011011110000001111101111000100100010010111111010101000100
111101001101001101010101011000000111101111011000110011100010000011011000101011100111001011111100
001010011110110011111100001110001111010010110010110100110110100001111001111010100001100010101011
000111011000000010010100000011001000100011001010000000001010101100010111111010111110101110011100
101010001011001110111010110001110000110001010000000110001001101000111101100110011101110101010101
001111101010110001100111011110010001101101111000000011011010011100000111110110100010110000100010
010001010110110110100010001001100101001010111111100100111110011010101000101110101001000110110001
010001101001100010100100100110100011000000100011110101111010111110010011111100110000111101000000
101110000100000101111001101101001000000101111011100011110100100110001000000000001011010011011110
100001101000110010110001111010101010011010110010111101111101000000111100100101010100001111001101
011000001101110001011101100101000100110000111001000101111011111011101011101101100010000111000001
011011011000111011001100111110000101001100000100011110011000011110010001111100110011100111001100
111101110111000001010101001101100110110001011101011000001001110111010101110001011011000010000010
111011011010111011010100100111110110010001101110101101110001100000101010101101011111111001011110
100010000100000111101001000010110101110000001000101111100101001011100000110000010101000101111101
111101011111001000110111000001110111101110011001111110111110001101101010101110111110100100101001
000011010101000011110100011110001010000001010100111100000001000000010110001111100101111011010100
100110011100000011001011111010010110000101011100110101001100111110011000101111100010000110000111
001100110111001000000000010011101011111101111011000011010100000011010000010101001111111110010100
111010001111001111000111110000011001100001000110110101100000110111101101011110110001101001010000
000100001101101101100111010111101111111000110100111101011011110101000000100001101010100100111100
000011111110010110010001011000110101101111011000100010100000100111011000110000110001001110011110
010110101110011011111111110011111010011111011010111110000110100111111000100010110100001110000101
100011111100111111011100000110111001011111100110110010110010001100000101100101000111110101110101
111000001110000001110110000000011100110100010000110100100001000010110110110001001011100011111011
011001101110010100101000110111110111011001110000000001001001010100111010101110001001110111101001
010100101111110101011000111001100100100010101000111011110011010001000010101010010101000011110010
000000110111101001011011100000010011111000011010010111000001110101101011010101000110001010011111
011100001100011110100010011100001110100001011000001010001101011111000100100010010001100000111101
011101101010010011010010001001110110010111010101010101110010010010101101000011110001101111101000
101110111110110110001011010111110000100010111110000111001110101010001000100010001011011000001001
001001000010110101010110101000010010101010101011000011101100110010101100100001111000111101111110
010000111100010111000111000001011101000010111111000100011101010011100011001010010010101010001001
100101011100000111111011001010100001101100000110111001001011000101000111011110110110010111000111
011011010010100011111111111100000110111000110110011001100110101110101100100101001011111011000011
101101010010100101111010011111111010111110111010011001001001001101111001100111101110001100110111
000100000000111010111100101010000101010010000101011001011011111111111010101010011000010010100010
100001001010110110001001101110101110000000111111000101111101111100011001100010111111100101011011
010110101100000100001010010001010111111101111010110111111000010110011010111000110111011001100100
010001010100111111100011001101100110011001011011001111011010000011011011011101111010100101100000
010111000100101100000000110101001110011110110111000000000010011000100011000101000101010101011100
011000111101010011001010000001110010001011100001000010000011111010000011100010100000011101111000
101011100100010100110000111000110010011010000111101001100110000001011000100111101101100001111010
111001011010101111101010100100110000111011110110100111011010101001100111010000010111000100100110
011100111000101011011111111000010100000110000011010010101110010111000001000101001100001110001110
010100011111001110100010001011000101000100000011001111110101000011001010111010101101110011011000
010110100011110011110010101111000111100000000111110101010010001111001000011100000110010000001000
110110110111010000011110100000010011100110000110101111000110001100001011001111110100101101110000
101000010111000111101101110110100101000010010101010101100110111111100110010011100101100100101101
001111101000100101011010110101001110000101111000101010001001000101000001001101010011011011101101
100011001011100110101111110110010100001001001011010000001010001111000101000011001110001010101111
110000110110010001010111001010000001000010100110111001101110101000101001011000110100011100001101
111111111001000110110011110110101110101010010101000011010000000101011111100001110101101001001101
111110010110100111001010101010101011111111101001001001101100011111010110000110111011111011100100
111110111111111000111010111010010011001111011010011100000010100110010001000010110111100101000011
010011000101000101101011001001110100101001000011111110111100111000001100100110110110100101011011
001110100110110010101010000100111110000010111100100110111100100101111000100111010001000100101100
000100011100100011100111110001100101111110100110011001100000011010001001110101110011100100000011
011000100110000001110001101010001101010011000010011001100011001110101100001111101101111011111100
110010010100000111100100000101100101011000011110000000001111001010101010111000101010000101111010
001000011011100111000110111101011000110000000101011111100010010100000000001101000111000100001001
100101001010110001100001000100110101101111111110101111001011001010001111110001111101010110001000
000100100110001010011001000000100110011011001001010101000001010100000111011100011111010100010110
101101110111010001011101100111110000111000010101111111010010000110110000010010101000010000000011
111001100010010100101010100111010001101011001000011011111011001010111011110111010010100011010001
100010001001110011001101000011000001011000100011000000010010001110100010011000010111101111111000
011001010001000011011011110101010111011000101100000011110100101010000010001101101010110110100001
001000000101001111011111110010110100010111100001010100000001111010010101011110011010101000110010
000000100101011111110110011001110011010010101011101010111101001101000010100010101110000111111010
000010110000110011011110110101011111110101001111100110101101001100110100111100011010111111000010
000001101010111111110100010011101011101000001001011110101110000110101001110111011111000110111010
000110101000011100110000000110110010000000100111101100110100011111000101001011011011110010110001
110001110110101100111101000011001110100001001000001010101101010110000101111000010011000011010000
110011110010101000010110001011100100101110000011101010101011011010010001111110000110101111110010
101101011110011010101001100110010010111111011011101111010100000101110001110011101010010011010011
110111000101111110011101000110000000010011100110001110101001101101101011111110000011111110110110
010010100100111011001111110000010010110111110100101100010101010001011110111100101110001100001111
011101111000011100010100110010100010101010001000000111111010000101111000000000000001001101110101
010100101000100110000100011111100011001100000101100010011010000011011101110010101011110111010111
100101001101110011111000000011000010100100010110111010100110001011111101011111100111100110000001
001000100101000010101011111101110000111110101011101111001100000100011010101110001011110011111010
000100111101111001101010010100111011101011000000010100100001011010110000011010001110001001001001
001110100111000000000000010101101100111001001110110111000110011001100100101001111010101101101101
100111111111110110010110010001101001101011001000011110001101001101011111110000110010011110110111
110000001000110101010110011111001100001100101111101100011100110111000111011000101001001011110011
001101110000110111010110101110100010101010101100000001011110110110100101101011011010010000100100
111111110011010001101111011010100000110000010101101100101001110010100100101010111001011110100011
011011101101100001110011110111000111110010110010010000011011001001001011001110010011101010110101
111001001000010100110001010100101110000000101001110111111100101000010001010011010010000001110111
110001111100111110001101010100000100000101000110111110101110110101010000100100100000010001101101
100101101100111101101010101111100111111011010100100001111011001111011110101100010000001010010100
010111010011111100101000010001001001100001110010100101011110110010110111111000110110000011010111
100001100001110110110001111101110110010001001111001000001100001110001101010011111111101110101101
101110110101110101111000011101110100100011110010101100101101100001001011000011111111100111110111
010101101011001111000110101000001010001111000000010101011111111010010111110000111011001001111111
011000001100010111010000111101110100101100001110011010000101101010100000000101100000111100010111
101011010111000001100111001110000000001110010111001000011100010000101110010011100100001100110001
011011000110010100110111111000011010111111011101101111100100101010100001111011110011010110001110
101110010001110011010100010110000110111101010000010011001110101100000110011100000010010110110101
100000101001001000000100000100010001100011100110000100101101110101100011001011111111110011010000
100000111100001011011111011101000001010010111100001001101001000011010111110010001110111101001010
001111011101001110010110101111100110000101100000110101011111101101001010111011110001110011011100
100000011100001110110111000001010101011011110010100111101101000001101001101010110011101111001010
110111111101111000000110101000101100010110100000111110100100111100100111100000000110010111001011
010100001001100101000010000110110000111100011011010011111000110111001110001100010111000000001001
100110111101110011110011011110001011100000011001011000010100101101011011111000101111000000000110
010110101000001101110110011111110100011101011001000011111011000100001100011001011101001111001000
000001110011010011001011010000001001000101011010010011001011001001001010011101001000010000001000
111100110111001010001010101010001100011010000101011110000000000001000001101110101001010101000110
000010101010000011110110010111001000101000110101011111000010000111001011110101010000101111001101
101111100011100101111000110000100000111011101100101101111011111101111100011011010000001011000001
010101011000110110110000010001000010101000001110101001000111111000111010000010111100001100000001
000111100000111001110000100001111111111111110010000110010011011010001101011001111100100001011001
111010000011110000001110111111010110111010110111100111110010110001110111000100001111001111001011
010001101011001101111101011000111101111010100101110010101111100011110000011010001011001000110111
110001001010111100100101011101100100110000010101010100100000111001100010000011011001000010101010
011000000010000100101011101100010010000111010110000110010010010010111000100001010000100111100101
000011101000100000111010111011111111111111000100111101110001010111101100000010110111000011110101
000100100010001011000101100110001010010101001010100100010101011001111010001101001001010010101001
100110111000000010100101001111111101001000010100010011000011000010100011010111110010101111111010
000101110011100111110011100000110110110000000101011110101011100000100110010000100000001100000110
001101010000010000101110110100111010100011001001100111001011011101000111111011101001001111000000
111101000001111110110110100001100110111001010001011011111001110011001010101110110011011010010111
110000101111001011101010010110101000100100101101110101100101000101011101001001100111010100110000
000001010111000011001010000001010010111110111110101010000011011000010001011110001000001011010101
101100000101001010011101000110011100010000110011110001101100111110010111000111101010001100100101
110000011110011011111100010001111000110110110010111101101111011111001010000111011011101110111101
110010100111111010101100011111100000110010000111000001011010111010010010111001101010001100011010
101111011101000111101110101111100110101000010100101011010001111010100000100000000000110110110101
101100110010110111011110010011110111110111100100110001100110000001010110100011011101011001000010
100010100101010111101110011000110000110000110001000111101001011110111111101010010010111110101100
101110110010101100011000111100010011010000111010001000110110000100011110110001101111000011110111
101011110011110010101111100001101110100101111000111010111011101110100101001111100001010111101100
001110101100010111001010101101001101011100101000101111100110010101110000111110100101111011110101
101110111101000101100000100001101111111101000111010010010101010101110011110001011011001000101001
111110010010101100000000011100110011101010001001110010100101010101000000101011010001111100100000
011010001110101101001100010000011101100000111100101101101101001110111001010011011010110000011000
111111001001101110111100101111111101000110011111010100010111011000010001011000010110100101101011
111011001110110100001000100001010000000001110010000010110111110000001111011001101010100010100011
101001101000000110110001001010001001001001111101111000011001010100001100011101010011110110000111
110001011001010101101100101100001110110000010111110100001111110100001011110101011001100011100110
111000001110111010010000101001000110110011001011011000111101101000011010010000110101111101100110
011010011001100010100110001001110010011110100111101110001000100001001010001101000011010010101111
111110100100110111001000111011111010100001000111110100000111000011101011010101101101111101110110
111100111101100101001111111110111011101011110000000001110101101010101110011000000101001110110110
011010011111011001011100101100111001110001011111100011110101000100100101001101011110010001100110
001111001001101111001101001000000101000111011010000000101001111100101111000011001010100010101110
100000010111100010100111101110101000010001010011001000110011100000101100000111011101111110101100
000000010010111110101111110001001111101000000010110100000010100001001101111001111000101111100101
100110101100011101110110011011000001010101110001111010001010110110000110011110010011001011010100
000001110111111101110011110111011000110001110111010010001110001011010110000000000011100010100011
011110101110011110000000111000001000001100011011000010101001100100001000011000101010101000010001
110011110100110010010000001001010011010000010110110011110011100000010100000010110011100001000001
001010001110101001111001000010100100111101000001101011110000100000100110011011011001001111101100
110000010011010101011011111011111010010000001110110010101101011000010000010001111000000110011000
001100001011110011001011111100000001100000100010100101011101001101010010000111011101010100011001
010000010000011111101101101000110011001011000011001101100000111111100100111111011100111111101100
011011011101011100000011000000100001010111010111110010000001110000011110000110101110101000001011
110010110010011111001011010010101100100001110010100110010010101000110101000111110000111010000010
110001001001010100001010011100011100100011000010101101000101001001111110101110011010100100010010
110010101110110011010110010111010001010001000010111100000110001000011110111000101010111100001100
101010010101010000100001100000011010111110100011001001010001101010111000110101011101001011110111
110010111111010000101001000110010110100111101001000001011011011110110101101100011000100110111010
011110101011001001001111000010100100010001000110000001101100100100000100011010001001010000111001
000111100011011001110111011100111001111010001110111001011110010100010000100001110001101101000011
001110100101101111010100111110101001111010100011011011111110100010001111100111111001101101001001
101101110100001000100101000111001101011000110110101001111101010100101101011101100101010110000001
100011110001110010010110110110000111110110011000110000111011000011001111011100010111000010101010
011101001010111100011000111001011101010111110001101110101010101100111101010000101100011011011010
101100111000111100111011111111111000100000100111111001100100010101101100111110111010000101010011
100000111000010101010001110010110001010111011011100101010011011011111111101011101101001010101101
011111111011010010110100001110010110101010101001010110010011001111001111101001101100101010110111
100010001100011111111000010001100110000111101110010000110111101001100001100011010101100000011111
101001111011110000000001100011010011110110011000101110011010010010000100111000101110101000010001
010010110000101011010001010111011010110100010011111100100110001101110110110001010100001010110001
