101011101000100101010101100100110101110001010001100000101010110111010111101110000011011100000000
010111101011011001011011011000011011111011100101010001101110110010000001001111011110010100010110
111111011000110111100111010011001100101100001001001110001101011000001101111011000110100000000101
000110111001011010001100011111011010011110101100110001101011111100001000101100100010100110110011
000000001011010010110100100110101010111110011001000110000101000111001011101111110001110110101000
101010000101000001110110111110111000111001101100110100010100010000001011100100011111011011011111
100101001010110001110111000011011010100110001111011100010111011101010100010000000100100010101011
001010110101111110111010010110011010010110110011001111001111010000001000000110110100011101000010
011100011010000111100000111000101100011001101111011001110111110001101010100011100010010000001100
100101101100100110001010101011110011100100110101010000100000011101101001111000001100011010010110
110000111010100000010110011111010111101010101011101100100011100100010100110110111011110111110000
111010110110001000101010001111101100001011011011010101110111100001010011111101001110000101101011
101001001111101010000101110011000100111000100001100010011111011110101100000100011111100111100001
011101001100001000000100000000101110100101101011110101111011000010000010111011000100111110110001
100111101000011110110110001101100110111011001101011000011001100010000010100110001111011011011010
101101101101001011001000000000001011001110011011111011001110001011001101100110011011000001011011
111110010111110011101100110000001110010011010100110111001011110011010100010111001011011010000110
101000110001110100100101001010111010111101011100000011001111011110001111111000011110111110001001
110010001000011100000011011000100011110111011011001000010100010010000000100011001010111111001001
000111110110101001010000000101110001000101001111111011110010111010001011110111101101001110101011
011101101111111000101000110101011001111110110010111110110100111010101010000001110101100100001010
111110001000100111000101011001000101111110010000101101010001011101011010100010011111100000001000
111001110101111000011010000100001101100110010001101000001101000000100101100100110101110100011111
001001011001100010110100001110100111011100100001011001111011010000001000001000000100000011100000
000111000001001110001100100111101101000010000001101100111000010101110110001111110000110100000001
110000011100011010001101010111000111101010001000111101110111111100100100010000011111100001000001
001110011010100001111000110110111110100100100000110101011011001100100001000010010011001100101001
111001110001100110000110011010011011110100000111111111000000101000000010011000100000110000011100
000100011101100011100011010011000001011101001000001101101111101001000001010001100111001100000000
011101010111111011110101100110101111100100010010011010010000001100101010001000011000011010011100
100011100000010111011100101111101101001111100001010000010100011111111111001111000010101000000101
101111001101100001110001000111001100000011000010101110110000001111000110000000111101001001111111
100100000001111101101001101010010000011010111010101101110101000111111001111001000100001001101111
110100010000000000000101000100010101101000111011010110001010010010011110010100111111001001011110
001001011001000110111010000001100010100011000101000110001010001111100001110001101000001000110111
011001101010010011101101001111101001110101101011000100011110000111100010010001100001010010000101
000100100001111111101011011000011101010011100100101110110011101101000100111100011001000111100011
110110011101000101010001000101100001001010101111001111011101011001110101101101110000111001100000
101011101111011001000100111110011000000001111101011100001111100110111100101010111011111001010010
100100001101010010011101110011000000000101001001001111011000110010001011110010000000000111010111
000000110101100111011001010000001011000101010001001011010101001100011011111011101001001100001010
001111110010100010111100100010001010000010000011001011011011111101110001011100000011111011100100
010101100011010100100010010101100011010110100010011010001111101010000110100001000111100011111110
100000011011010100101101000100110000000011010001100001010101111111010101010101001100000110010101
010010010011010111110110111100101100111111100101101100111101111110100001100010111010011100101111
101001000101000000110001100111010000111111000101001001101010000001100101110111010101110011010011
110011110101111011100111100111001001001101110011010001110010100111001100101010101000110100100110
010111100110100100101000011111110100010110000100110100000010010111001100110111001110110010111110
110111111110010011110100111010111001010001001000111000000010011111010110000101000010001010111010
110110001011100111011100100011001001111010100011100110101100001000101000011001111001111101111010
111001001010100001100111111011011011101100100001001000111101100001000000100000011110111110111011
001111100101010110100100100100110100100001001010011100101110101000011000000000110101000001110100
011010011111101001001000000000000111000010110110100010011111011111101010011110011111000101110100
111111101100101010100010000101110111101000000100110001011111011000110010101100111110110001110101
010100110000100101001010000100101011111111100000000100100110010001000010010000100001110001101110
010110101001010100001011000100010111000110010101110000100101101110100011110100101001101101100010
101100110010010111111100010110111011111001101011011110110010010010000110100010011000000111000111
100110000010010011111111010111111110111010011001100100010110010010101110100010100101101100101101
110101010010010000010011001111111010101011100001111110011001000101101111001101110011111100001000
110111110011001110011101010010100101110010110110011001100111011101110000110011010110001101110101
100111101010010011011000110110011110101001010010001111111010000011110011101001110000010110010000
000011000011000001101101111000000110000100110000100010010000110010000111011011001100001101100100
010000111011000100010010000011111011111100100101110000001100100011010110111111001000010110100101
010001000110101111000001010000000111001010111011001110100100101100100011100100001101110010001010
000110000101011111010110011010110011101001000011101011110000111010011110010101101001001111110011
010011011100000101110001010100111011001000010000010011011101011110000010110101110010010001110001
101011110100000110010000110011001001101101000101100101010101111110111100001110111110110011101000
101011100001110011110010001001001000111110100101000011010000111011001000001001101111011100110110
100110110111010100111000110011010001111010001011010001000111000010001010110110011010110001011110
111101010000011110010101001001000101111001101101101101000010100110011100100000010010000001010011
010000101011001111110011111101101010101111001110110001100110100100111111100100001010000000000111
101100101001001000100101101110100100100011011100100000000100011101000100101111011000101110111000
101000100001000011101111001010010011101111001011110010010111110101001001011001101100010001111010
100100010111001101101111100100111001010011010001010111101001101110011100011100000000001100010001
100100001010011000001110101111011100100101111011011111000111100010110100111011100101010010101110
111000101110100011001110100100010001011100011110010001001100111100111000101001111111010010101001
000100110111011011110001000110010111101010110100010100011110000000100111000100000110100001100110
000111100110001000110000010111000110001101110011010001100010001010100000101011000111001110111001
001010111001001110110001111001000110010001000001110000010100011101110101100100110001001011111111
001111011000001110100101010101010010101001100000010111001110010110100100110110000000001111010111
000010010110011101100000110111101110111011010110010000010100001011101001100101000101111010100110
001001001001100111001100010000100000101100011100001101011010001110111100011101100001001000000110
000110000000000111001110010010101100110101000001001010111100111011110001010000011100110111101100
010100101110001000010110011100010110101001111010001110111011101000101110110010010111010101101010
101110010110000101011101100011100101110100101101110111101001110101010001101111011001111000001101
101001001011101100011101010101010000110010100011100001011101101111100010010000111010101000000110
010001110110111011011000101000101111111010110110101000101001110110100011101111101011101111100110
001001110110011111001000000100110001011001001100101000000110001010011110110011100101100000111110
110111010100001010110111010001110000100010011110010001100011011010001101111100100110010101001101
100111101101010111110111010100000111001110110000011100101111000101011100011010110101000111101001
011010001100101001010000101011101001001010101110110011110110110011011110110110101000011111111111
011001001011111111110101100100100110010011101101011111000111000110110010000111000001001100100100
011001000111100110010010001000011100100100000000110011000100110000000110110100111101010011011001
010100101010010000111010100011011101110001001100111001100100011010101011011101101111100111111100
010101111101001010001001101100001111111111001000000011001000100001111100011110011010100110010001
111110110010110001111100010010111111101010110111010110100111010101100110011100101000000101001110
011011011110111000000111011111001000001000111100011100110000111111000110011111000011110000001011
000100101010101110010111011100110010111100110010101100000011011000110111000111000011000010001010
001011111110011011110010100100001100111100101001100110111111111100011001100010101001011010001011
000011100100111110010010011001000101000111001111011001101010011000001011011001010101110000011101
110101100000110010011010001011100010101011110101110010011110000000111010011101001101001001100000
010000011100110100100011010000101011101011011101110010100011101101010010000011100101110010000111
111000101100011111110111000010010111001000001110000111001100101011110101011001000011111101111000
111100000010010001110111110110000111100110111011000010000111001000100111110011101010000000111110
111000110010010010001110000001011010011111100000110000100101011000100110011000001101001101010001
110100111010011010111111110010001110101100100111111100000011111001100110111110000111111101000110
101000001110000010010000100010111111101010001010111001111011001111001011001110010101111010001000
000100111100011001111111000000101010111010100111010000100101100001111101110000011011001100001111
111101011010011100111001011011011100110000001100000011111110001000001100010111000000001010000110
101110011000110100010110110001110101101110001011000101101001100001011110011010111010010010101101
000010010000101111111001000100110001001000010110100110101010001001110101101000101101001010000001
111110000110101111011110101000001010101010010101111011010101000100000010001100010011110101011011
111100001010100010010100100000001101111111001110100000111010111110011010000000110010001000001000
101001100011110000110101100101111000110111001111001011000001110101101011101010110001101100000001
001100010100000101111100000000001000110101011101100110001010011111010000101010000011111010011010
101111000101100000011111111101101101101110101111110011011100011011101000000010100010011010011111
010001100011110011010001001010011111000000111101001011100011101001100111110101001100010001110110
010010001110110010111101100011101011001010001110011101110100101101111001111111100000100110100110
111010110010111010111001000110001011011001110010011100111100100011101100111100011110011011101001
001100001111111101110101110001000110000000001000110110100110000111100111000101110100011110010000
000111101000100001110110101111010110001101011101001001010000110001010111101011011111111100000011
011111001111001010111101001011011011101000001011001000000011000001011001010011101110100010100110
001000111101110100100110001111101000011101110110100110001110010010110101001100111100110011011110
111011011011001001000111000111100011000100011000011010111010010111001000011010111100100011111010
101001111011101101000101111101111111011101101001101010110100100101100001110011101010110110101100
000000111111000010110101011010000110011010101110110101011010110100010001101100110000110001010111
011010100011110101111111100010111011110110111100000110111011101001101101100100100000101011100110
011100000010111000100110000001001010111000111010011010111000110100010101010110010111101111011000
111010001110111111100011001000000001000101111111111001100111100110111110000111010110111111010010
101000101101000111011010001000110011100110000010110110011101001010111101100010000111101110110011
001111110000000001111100111100100100111000101010111000101000100111010101010011010100101111100001
001010001000011110100110100001110010000111011110101001001011101101101011010100000101100101000010
010010011001110001011010110010011100100001101000000100011001100110101010111101110011000011100011
101001110011110100110110111100100101100010001110000100000100110110111011111111011110011100111101
111101110000111110000000010001000111011111001110001000110011000111111110001111111111011010110010
000011001111001001000000110101111101110111011100101010100111011110001000001111011000111011011110
010001010001010111111000110100110101000000110010101001010001001001000000100111101110010101100011
110101101001110001010101101101010001000011011100011100011010101110000010011010010010010110011100
110101100110100101001101010011110101111100110100100000011000111010010000111011101111000010100100
000101010111011000101111101111001011001000111100000110011000010101101001110010100011110111110101
100101100011101100110110101101000011011010110101000011100001000011111111000110011101111101111001
010101111001000000000011011010110010101000010000001110111110001001100100110111111111001001100011
001101100010111011111010010010101100000001111110000010001011101110111011111110010110010101011000
001001111101001010111001010110010111011111010011111001110011000101000110010100110110000000000100
011111010011110001110011000010110110111001001111001010110001111010000011000010111011000011011101
010011000000000000101000111000001000000110000100110101101110101111000111110011011100010000001010
001010110000001001010010000110001001100001111011111010101000010101010010010110010101111111011101
100001111010100100011111011001110000110010001001001000000001101011001101010100110011001010101001
011011001111011111010011001010011000000000110010010111100001111111110000110011100100100111011011
001100100010111000111100000110000011000011010100001110111010010110011101001100001111010111010011
111000111100000100110000010010010101001000100011101011101110110101101001100111111110001100101010
001100101101101111011101100000011001111010101100111001111110010111010110010001011101100011110110
101111101100010010100110010000111111110000011100100101110001110110011110101011001010101011011111
001101011111010111101101111110110110100000000100111000100111001001101000011111100110001100100011
000111110010011100111000000010001100111100010100111100000011111100110001010011000101000100010010
101001010010110011101011010010111100010001101101011010001010100000110100000010110101100010000010
110111110101100111101001000100110100010001101111011000000000010110100011000000011101101110011111
111000111101111111011100101110110101100110100111010101110000110011111100101011000101001000000010
010010010110010110011110011100001101111011010000000011101100110001010101001011111010000011101100
100001111010010010000100100010000010001001011001011111111111000100010011011100001001011101111010
110000111000110001100101000110010001101100111001110110110111010001100111110011101000110001010001
010110101011011101100011110010000111100000001100000011011010100001001010000110000000011110111100
010110001110001000110001110111101000011011110000100000011101010100001000100011011001110000001100
110101110101011111100010100111010111000111011001011001001100011110110110101001001010101101010100
010011011101010110101000101101010010111101101100100011111110000101111111100011101101101000000000
100110101000110100100100011001011011110101100111110111001000001110000000111000100101001101011011
101000101110001110011110111110000011001000111101010111110111001011011100110011101000011010101000
111001111101110101010000011000000000100101010111010101111011110111000111100110010101110011000001
101111110010000010111111010011101000101101101110101010000100100001111010001101110011001011000010
100000101100011010100010011000010100101000100010011111000111111100000011110110011110111011000111
111010001110111010000100011110111111101110011111000101111111010010010011010000011111100010000110
000100100111111100100101001111101111001101101000101111011101110100000100101110011010101010011010
100011111101100100010111100001110000110111100111000111110110110110111000000010101101011101100000
001100011111101000011111101000011010100011100001000001110100110000010000111101010100100011000101
010101100111101000010101001010101110110011110111000110100011111011101010101111000011110110111010
011001011000110101110010000100000010111010001011100101110010111010011010010010110000110101101010
010000111001100000101111000101001001110100111100111011110000100001100011101000000010011000101111
000010011111001010010011110000110101100011011010100000010110101111100001111000100000010111110001
110010100011000101111010011000100111011111001010111110111101011100001111100100011110011011100110
100010010011111010101101010100111100110010010110110000001001111001010000111111001010100011101010
011100000000100110101001000101101110110001001100101001101011000011111000111111010001101101110001
110100001101101000111111010110000001101110110111110010001110100010111010011110010110001011100110
001101001110001111101111100000100010011010111110100000111000000011001100101100100000110110111100
100010001101010101100100011100100101010000001100111101010100000010000111100110111111001101110101
111101100000011111111000111101110010000110010100100101011010010000101100000110101111001111011011
001110101100010011001000101111001000100011111100101101110111111111011110000001000001001100101010
011010011010111001110111100011000000110110011101111111100100111101100111111111111100010100010000
000100110110011101100010110110001010000101010100000100000111100011111111000000111111111001110001
110001101010111011101100001100000001110011001110000100011101110100110001100111000000010100001000
010001010010101111010011111011000110000011101111011111011111000000111001110010000101011011101011
111011000000110010000011010001111010011110001001010100011110101111001011101011110010101010100100
010101010000001010011110011011100110010010110100111001110010110011000101101100100111101010011111
110110011101110110100111110001010010011000100001010000001101000001110101110100100001100001000101
101111010100101101111011111001001101101010001000100010100110010001101101010111000100111001101011
011001110011100101100110110011000001000111110000100000110010101110111100111001110101011111111110
001011000110110111000011011111000001110110001011000101001000010110000100110111101101100101000010
011001101011101010010100101001001010110000010000001000001101000100001011110001011111100101010011
001111001110100101010010111001100100101111000111011110100101010110011010010011100010110101101110
111011000000010110111111100001010110110010001110000101010001001111000101000000111101111111000101
110000100011100110011101111101001111010011100110001000101100101110110010101000100001000111100010
011110111110110001110001001101100101001100110001100011010111101001000000010000101001110101110100
001111000100110001110000011111111101010100010101011010101011011110011001111011101100010101011001
111111110110110110100110010111011110011110011010110110101011101000010011001101000101100011100111
110010000101010001001010010110010110000101001001001001100101101110001011001101000111011000001101
110001010101011010011011101101001110110000001010101111010011000101100101010001001111010100001011
010110010001101010000001100001000100001010010000000011010100010011111000101100010101101110010010
100100001101110001010011101011011000011010100111110111101001011110101100001010001111011111011110
011101101101110101101010001110101001110111000100000111011101011100101110111101010101011110101001
110000100101111110010010111100001111011101110111110111000010000011101001000011100010101110010011
001101011011110110011101011000000100001001101001001001001001101001010001010001100110010110001010
001000111010100100010010111010110011111101010010110010111000111000000110001001101100100000011111
011000110000000110101001010110101001111101111011001101001101000111101110001001100000001011011011
100101000101010111010010100111010101010010111010000000110010010010010101001101100101001010011111
100101111101100100000010111001101110010011000110101010100110100010110011101010011100110010110000
111011001011000010001111111110111011000110101011001100111100111001011001111001011100000001011000
001101111010001110111010111011011110010100011111100111000100011010111111110110101011001100110000
100100000001111111001101101001110001010101111111000111000111000001101001111100101111000111110111
011110011011110000010100011000010000110111011010111111111001101111111000101110100010000011110101
100110101111000100000111011111001110100000000011000001000111110001000110101101101101001110001110
001011101010000100000011110101100011100101100101100001101010110011010101011100011110101001001001
110110000110100101101101000101110000010101001011100010010000011000110011010011011001011001000111
010010111100111000011110011110010100010001100011001110011001111011101010100011011011001111011000
110101000101110001001010100010010100001000010100111100110111110100101110110010011100101101001101
000001101011100100011010110100010000011001010101111010011011101101111000001101011111000001101111
010111100010101101110100100111110101100001101000010010111001100101101101111110010011111010100011
110010100010111000000010101111110000010101111111110001110001100011010001010001111110110110000011
011100000001111110111101101111000001100111001000111011111100011111110001111101000111111101010001
100000001000000010000111000011111101001100110010001110101010111010100110101011001110010100010111
010111110100111101110010101110000100111011001111000010111011011000010001011110110000101000011100
011111011101110000010101001100001110011110110010110001100000101111001011010000101101010101000111
110110001011101000100101000001001111111111000010100001110111111000000010110111001110001000101011
001011010110010100000101011011010110010100111010011100100001000100010101101010100100000011010001
101101100101111111001000010111111010100101100100111001000011110111100111011010001111011000011101
011000000011010111001110101101100101000111111111101101011000011110110110000011010111000100001011
101110000001100111001110100111101111001110010100111101111101111010000011011010011100110011010111
001001111110111001100011110000001100110101011110101111100100000110010011111001100110001111110111
010101101001001101001100111001011101010010001100110111110100111100000010101100000110000010100111
111100110100100110000110001011010111110110110011101100000110100001010001101101011111110000011100
011001101010011000111110100101100100101001111011001111111101000111010011000110100100010100111010
101100001010011101111001011000010011000101111111110010000011011111101100111011111100111010111001
001101100001010111011100000110100000111110111010000110011110000100101100000000011011111001000100
101001010111000111110110110101001101000101010111101101100101011100111000110111111111100010110110
001110010001011101010001110110110011110100000001110011110101000000011100000110001100001001000001
011000110010011011001100110110111011101000101011000101111100001011010111101111111010000001000101
010101011110010111100001100000011011001101100101111000001000001100110001010110101111000010110111
101001001101000100000000001111000101101000111111110101111010010110111011010000111111011111101101
110011100100101111001001101101011111011001101110010111001111001111000000010011010010011101101101
110101000000011110010101111100010011111000100111110000001010100111100110111101111111001011011100
110010000011010010000001001111001001011101111001111000100100100000010011111111001001110001010111
010000001100110111000101000110101100000000010011000111011010100111011100100011111101000101111111
101110001101010100101011001000110010000110000101110001011010100111110011011011010001010011010100
110110111010101001111011000011001111001011110110010101010111010011010000100101100100010101111110
100001110101100111100110001111010000000010101101001000000111111100100000001110101001000100010000
001000100001110100111011000001111101101000111000110100101001101100111011000001001110111110000100
001100111100111101101011011110110011010011101101111011101111000011111100001101011001111110111101
110111011011011011000000101100010101001110111010111010000110010111101100111000111000111011010111
000000010110001101101000111101000101110110110110100111001001010111011101011000000101010110101110
111011001101011010110011100100001001100010001100111000101011011100110111101001101111001110101110
110111001110110111110101000101101111010000000010000111010101011000110101100101011010110111111010
001011001011111110011110100111000010100001100001100001101010011100010010101100000011111100101011
010010011011110111000000011010001000100110011000001000010101000010000101010110001101111011111000
010011011000100001011010101111100110111000011001000100011100001010111000111100101101000100111110
110100111001001101101101000010011101011001001000001111101001011110001101101100010100110101111001
010110011101010100111111001001101111010100010011001011000001000000111000000011111101100010111111
011101110100000010111110101111101110010010011100110010111000010000001010101101010010011011100011
111000111111101111000110100010011011001001101101011011010001010000101001100110101101111011010101
110010000110111010111011000011001100011011101100001100000000001000011011001011100001110100110110
110111101010010000101001010000000100110111001101101101000110001011001011110010110101111111101000
111001010110011000011101011111111001100110110111101111000000110110001110101001001001100000111101
101110111000011111101000110111001000110100100100110000101110110001001001111001101100000111001111
111001100011011001011110100000111000001101000010011010100110011111000111010000001111000100110110
011111110001011010110111001011001100011011000011001101000111011000101111100110011001001001110101
111000100110000000001011111011000110010100000001010101000010001110111110001001100010100101110100
111111001010011001100111000111101001010011110010001101000011010111010000001010010001010001111101
010011011110100001110010100011111010110100101010001000111000001110111001000001110010100010011001
101000010010100101010010110101000010010011010011001001001010010101101110001000001001000110001001
101001101010011011010100110001111011011000101101011011101011011100001111010110001000010010101011
110011111101000010010010111001100001110111111011000110101011011010111100010111010001100000101001
110101101011010111101100110101010001100010011011110000100011010001101101001011110100010011101110
100000111100000001101101001010111110011001001100011101110110011011111100011110111110111100001101
001111001100011100000000101101000010100001010110110100110100010010101111001010110101001111010011
001111100101001010110111101010100100001001100001001111101111110111110000000001111011001101010000
011101110000101110001111000101010100110111010010000001011010110101011011110000111111001100011110
000100110010110001110001001111011010101001011010111011001000010101100011110011011000000001100000
010010000000001000011110101010000110010000001011101000101011011100011111111011011010111110110010
101101001001111101111111101001000111111100110100001000110001110010101101111010110111100111100011
010000011000101110011011001111000000010001100010000000000011111111011111011100101100000111101001
011111001000100010111110101101000001001001001111100101011010001000010000100111100101111100010111
011100100111011101101111111011000000001100100100111101000000111100000001101001011101000000000101
111100001001000101011101001100010001110010011010000111000101011011000011011000111000101001101101
010100101100010001101111101000001001111011000101001001110010000101001100101111110101010110000110
110111000101100100100001101011101111000000010101111101011101110001001010110111010101100001110110
011001111001111001010101000000000101100101100100111001100101110000000111110100001010011010110011
100000001101000011001010111100000100101010100000110011001000000111010101111110100000101011100110
111001101100000111010010101001111100110111000110111000000110100001100000110100100110101101110101
010001011000010010001001100010110110110111110000101101110001001000110011111001111001100101101110
000111010111011000001101000110101100111011101010111010001111100100110011100110101110001100010101
110111010010110000110111001110010111001000100110111111010100110000101101110100011111001101100100
011010100011000000110100111001000111011010001100101001011111001000100110010001001100100001101111
101111100011001101101101010110010010100010001000010011001110101001000111111000011011001010010011
