011011101011111010000001101010011110001001111100000011011100011010011101111011011101010001110100
111010101100011000101011011100011010100100101000100111111000001101000100100101001100101011001010
000101111011100011011100100011110000001011010001111010100110100101110100110101001111000110111010
101001100101111011110011000100001100011001010101110010100101101010100100000101000111111110010011
101101001000111101010110011111101100111000001110000001110111001000100001010011001010000100110101
010100010001100110101001011001011011010001011100010010111100010111001101000100100001110111100001
100001011100111011001101001100101000111101010100000000110110100111100100100111101101111101111011
100011111101000111010010010111001110010010011011101100001100000010101111000010101110101101001011
001111010010110000110010100111001010100110100110011111111010101100100000001011111110111110100000
000101101100101001111000101011010100001001111000001010010100100000011011011011110000001000101101
000010000111001100110101001001101000001000000101111001110101100110011001000101111000011011100100
111001011110000111000111110000111111110101000000100011000010000001101110001000110000010110110101
011010010010000111000101010101100010101011010101011111001100111100000010001010110111010011001110
101100001000010100010000001011100101011011011101110000110101110111001101110001001111101011110011
110110111101100110010110110110101110100010000000001100011100101010000100000101101000001001110111
001011101111000111110001011100010010110100011111001000001010011111000101101000111111000111110111
110101100000000010100110110001101110000111000001011111000100010110101100001011110000011100111110
011001000011001110101101001010110111010010011011011010100000100110111001011000101101111010000010
101111110110100000001000001000100110010010011100110001011111001011111110011010010101001010011100
000101001101101110001101100010111001101000011010111000111001010000101100100100011101111001111110
110000100100001010101010011110000111010000110100111011010101101100001101011011110011101010111101
100010111000011110111110010000100111100101111111100111001100000000100110101001011111110111001011
100100100011100111011010001100010001001111110011110011101011010101001010100011000010011111111001
110111011111110000001110010100111111111001000000010110101110110000101011011111011001111110011000
011101101100110101111101101101011001101101111100011101011000111000111110101001001100101111101000
000101101111000111000111101011100000111001111011100011100110111111011101001001111011000010100101
001010100011101010010011010110000111011100011101010111101011101010101111101010110001110011111001
010010000100101000010000011101110111100000000010100110010000001101110011101100011000010001000010
000110111101001101000011011111100110000110110011111001010000111001001011100101010010110000011001
000000011101101011001001011011001001111110110011010011010011000010001000011000110010111110011011
110011011010011100000110001001110001110000100000101001000100000001000010000111001001011101110011
000001110100010100011001110100110110001001100111100001101111110111110100101001011111111000010000
101110010011010001101010000000001010110000100101000010001110110010000011011010011000100011101111
110001001110011111000011011111000011100110010000110010001110100011001000000010010111000001001000
000010011010100111010001010010100000111011100010110000001000100111101011011110010000011110110101
110100010100101011111011101111111100110011001111101001111000111100110011010111011101110000011011
000111001111011000111010101101110000101100000000000111100101111000100001010110001000011110110101
001111111010111111000001011100010011000101000111011000101011111100111110111001110000110111101011
011011010101000000111011100110110010000010001100101100111010010111110101100110000001111010010101
011011110010011101011010101111111001100111111011111010011010001100010111110000110111111010101111
111001010001000101011101000101110100011000011100100001000110110000001011110101001101111010100111
011001101110111001010001000110101101001100110100011010010101111000111010111101100010101011110001
111111101010001101000010110101101001100100101110101100101100111110001110011000000111011111000011
101101001101100000011011001011001001010000100000011001010010100101100000000110010001110000111000
010100110010111001101111011011011101111010101001110011110011001111011110111101010110111011111110
110111000001001110001011111000111100000111101101110011000001111111000011111000111011100101000111
100110011010100010100010010001010111111001011000001110101011011000001100011010000011000011101100
010001110001100000001100010001101011010000111101111111110001110001111011000000001000010010110100
101101111010001011010011100110110011011001100000010101100111110110011101110011100101010011100110
110011010001100101000000011000111111010110011000000010101001100000100111001011101011110111101110
101101111100110101111001000111001100111000010000000111101110100111111111010010010101100100101100
111110001110111011011000011011011110111001001010000001000010101101001111101110100001100001000010
100101110001110000000001010110110000110000110111011111010100010011101000000100011011110000011011
100010011011010010100010101110110011110000010110110101110100000110101110110000110001010101000111
101100001110110111100000001110000000000011111000001001011001111001000010100100000010001001001010
010011010010000110011111011010010110101100010011110011111011100110110100000011101010101010101111
010010010000111011110001100010001000111111111011011110101111101101000110101101101101111010111101
010000001100101001101100110111101010111100100000100011110111010111110100110010010000100100100001
101011101011110101011011101111101011001111111110111011110000111110111101001010110010001010101110
010001011010011100111011110101100100101011001100111110001110101100111111010011001000000111001111
110000111100100101011110100111010101100110000110010010110001110101111100100101111000011110001110
001101001100100000111001111110010000010001110010011111111110011010011100001001011011100100111001
100111001111110101111000000100110101110011001111101000111110101100011010111000000000001001000100
101100100000011100011100100111000000010100100000001110111000011011000101100100001100000000101101
010100100101001010110101011000011010101010111000101111110010010011000110101011110100100100000110
100111111001111001111101001011000010101010100100100110010101010100000011101000010101000111010001
011000111101010111000100101100011011101001001011110101001001011100100110101001101011110101000010
010000110111001110110000101111101111100000001110111110010010110011101001000111010011011111000011
111101001001101100010100101110111000111001111110111110001101000010011010000000101000110110101110
101110010001101110101011001000100101100010001000101110111011011000010001011000110110100001011101
100010010100010111110101011111100111110000011100010101010011101001111011111011000011110011001001
111111100110001000111001010011101001001011100011000001100110101000110001111110000100011011000001
011010110110011110011010010101001100001000000100010001010111001000011011001001001111000010001110
111111011000000101001111000110000110001000001010110110000001010111100100111111011011011100000110
010111111101011000101110110110110000110010011001110111010001000110111000100000010111001101001010
010111110011111011010100001011111011101000100011000011001010100110000101101100010010001110101110
010001011001011000010011010111011011010001001001011011100000010000110001000000111000101010011001
100110001010001000100011001111101011100111001010100100000011101100111110001010001011111000011101
110100010100010110101100110010011111000001110001001110101011100101010101101101001111001100001111
101100100011001011000010100010100000111011010111001010100111001101000100001100100111101100100100
110011101111100000100000011001011111101110110011011011111101110010110010100100000000100010000101
100011010111100111001110110101011110100101011000111101000110100100100001011100000111110001101110
100110001111001011111011110011101001010111100111000011001110110011000101001110111001011100100010
110000110011010010000011010010011100000000110010010101001111010100011010111010101000000101101111
111100101011000001010110100010011111101000101001110101010011101010100111100011110001010111010000
011001011111111111011010001111000101010000110100101001111001011111101001100000100010100100100000
000000010101010100110011010001110101000010110110101100010000100101100110010010110010001111010001
100011001001100001010000000011100110000110000100110111111100100111101101000101010100000011010110
000111100110100110110000001010010111101100110101000111001111101110100000010101110100111100000100
110000001111001000010100111000000101001000111010101100011000110011011001010000011111100011100110
000011010011001100101101011111000001001011110100101101010101111101100011011101001100011001010110
101111101011111100100110011000011110010010101100010010101100100110010010000011110011111101111110
000101001110000000100110000111111000110000110110111011101010000100001110011000101111001010100000
001001110110110101101010100110110101000110110111000000000111111101010101000011011010010100101001
001100010100001110111111000011000101000111101111110110010001010011101000100111110110111111101000
110000010011101111010100001101101000010110110110010101110111110111011010000010010010111111011110
110100111010111000111110001001101010101011001010111101111001001111110111001010001101001100110000
110101100001011100010101001100111110010101101000101010000101001111111010001110111100011110100010
101110011111101001110001100011000011100110111101000110011101001101010011101001011101010111010111
011100110111110100010110011011100110110001101011011011010011011000011001010011000000111011110010
110111101000000001101011111111011100100100110001100111110010111101001101001000111110000111011101
011011011101110111011001110001101100001000011011100110001100101100111000001001100101010101111011
001100111011000000100101011010111011101101100010010110001111101000001111000011001111001000011000
011100110100101011011111011110100010110111111001110101011110111110001011111101110101011100011111
110010010010001010011110100000100000001110100010000111000011101110110010010010110111111011111010
101000101100111100111100101110101101011101010110001001011001100010101001111100111101010101010111
101101011100011100001110001000111011001101010010101010001000010110111111111001010001100101000001
100000100100110111101000001010101010101000110100001001100111101111000000001010000010001111000010
100011111101111101100011000100011000000000110101010011011100100101110010011000111000111010111110
001110110000110101011010010001011101100011001101100010010100001111011100111101010110000101101111
001101110100001000000001011000110010011001000101100101101000000100011001001110001010111111001001
101110110100000001110001111101011001000101001111101100100001010101111111010001011010010111001100
010010101111101100001101111101100011000101101010100111110011001011101100100101101101111110011000
011001010110110101000100000011011110010101010111001010101010011001110011111000010000111110001000
010111001001001010111011011011110000011101011010011100011111011001000001111001000011100111100110
010100001000100000111011011100111001110100001111101001011110001100011000001010111101110011100000
010010001111010001000111101000101001111111010001100010010000100001000000101001001000010100110000
111101010001101100101100000100100100100100011100011001011100101000110010100111000010010111111101
001100001011000011111101011001101011001111001111100100010111001001111001101100111000010011101100
101000000100010100111000110001100011011100111101110110100000110101100010011010000011011111000010
010111011100101111110111011000000100100011101110101101001110101100011100011001110001010010101100
010001000010010000010100110100111000110100000010111010101011111110101000111000011001101100000101
111011001000011011101111100000100110001010001110010010111101010011010111100110000100111001100100
010101110000110100000101110010111111000010010010101010101000100111100000001100101111000001000110
110011011010000011011101001111100101110010110101101010111111110000111000101010110101110000101000
111010011001010101111011010110011011001000101111110011110010100010111011111001101110000000111011
100101111111000100011110111101110101001111011110101110011101101001100110001000110001101010101110
101101011000100000101001101100111001110011101000001100000011100100011101000001101000001100011011
110101101100100010001011011100100111101100010110111000011110110110011110111100110011101011001000
001010011011001001010000101011111010101001000011000010001100100111010010011111101011100001010110
011011110101111001001001010100010110110111110101110001100110001101101100101110001110001011010000
110010011010111100111111011100001001001001111000000000010011100001100101101001111100101110101100
010000000010101100010011011110100100111100000010100111001101110101111100111111011010100000000011
000010111011100101101001011100101101001001010010110111010100111111111011111001110011110001110101
100100101100101011100111101100011111001011110010010011111000011110010100001011110100000001101110
101110001011110001001011110011110000010010101001010011111011110100101101011111111110110011000101
110100000101110100001010000100101011111101110000101011010101010001101111101111100100010010111111
100010000100001101001001101001100111101111001100101001101100110111101110001001101001001000010011
001001100001101010110101101010001101110110110010111111010110110010110100100000111111101110110000
111001110110011010101100010001100001000011001000100001010011000000100100101111001111101001011101
111100110001001111111101000010111111111101001110110111011010010110101010001011010101101111010111
000100111101111000011110001111111110010001000111110010101100111101101100001111111110001100110000
011001100111010111010100010111101011010111000011000110111010001100010111010100101101010011100100
101100110101100011000101101010001000101111010010111001100000100110101001110110010110011010111101
011001010001110000100100010111000110000111110000000101101011110010101101100110101011110011111111
101101000111110010111000100100100111000100110000001011101000110001011000100000101001010001100111
010110101001100100110101110110100110100001101110010110000011000101000010011100101100010000100000
011010101100010011100110010000010011100011001000100110001100101111100111100110011110110011001110
101101101011000010000101000011000010111011011001110001101101100011010001110101001101011011110110
010000010011100111111010111111100000110110111100111010101001010100100011110100011001110101110010
110011100001001101110100011001111101010101010111101000011100000010100011001010110111100000101011
111110110111111101101000101100011110010110110110101111000001010001010100101101111111000100111101
001111001111000100001110101010100100111000010111101101101101001001101010000100000110011000011011
110010010101010111000000101111010100101100010100000001101111111011011011010010011001010111001111
010110100110111101110001000100001001000100011011001010110110111110101100110101001001101011101111
100001001010000011011001000010000101011011100110110011001101100011011001010011101000101100011000
000001011011011001110000100001000000110001001010011000001111110100010001100011011111001110100010
011100110001111100011100101001110101101000001101100101000010111101001001010000110100010110011111
001011100010110101001110001001000101100101010000011011011101111111000100111001010100001011101001
101100110010000010010001101101010011000010111000111101001001000000010010111000111101001110100100
100000001001010111111101000001010110111000001000000100100101000001011000001110000011001110000100
010010100101110011101101100110001010111110000001011101010001001111010100001111110110110001110011
001001001100010010101011101001001111000000010001111101010100100001101010111010011011101110011110
001000100000111001111111001110111010110000001100110110011000000100100010101111111110110110011111
011101111010010001001111000001111001011001100010101000101000100010100111101100000100010100111110
100010101011111010001001010100010011000011010000011100000000011110111101110110101101110100000111
101001101110110000001010100111110110101100110010010000010010110000010000011100101110100001001000
010010100110011110011001011000001100100000000001011100001010111011101011000000101011000100010011
111101100001101110000110111100001011000101010111100110111000110000110111011001110011100100000001
110101110011100001001001110110101001000010000000101011111010011011100101000100110100110110110010
101100001000000100011110100001010100001000001111011100011110001111101001100010110111010001001011
010011000101010001010001111110100011000111101001111000010011000101000010110010100101101110000101
011100101110000010001000100101001001101101101111111111010110010110111011011110110000100101000110
111110111111000100101000101000111010011100010001100011010110001100011111110011011010000100100011
111000000010010000000010101010000000110000010100101110011100111000011111100110001110001001110111
100110000000001100001100010100100001111000010011110111011001010110110111001111010010000001101010
001101001000110000000111001000000111000000011101110101011011110111010001010010110001010010101110
001001010001001101110011011110101000001001011101100010000011011111001011000000010010001101001111
100001011011010001000010110100100010100010001111100100101111100000101101011111001111100011100001
000111110100001000101001010111001011000110011011110010100110011111101100101010000001100110001110
100010110100110110000100101100010011000010100111100111011000110001100000010100101010000010001110
010101100001110011011111000010010011000000010010000100000101001000011000110101010010110100001100
110011010011111101001100111000101001110010010111101111010110101001011110101111111100001111101110
000010111011111101101111101011110000001101011001000111000001110100100000100110011100110010100110
001100001000111111101110110001101001000110000111100111010110011010100010111000011010011111000011
011001101000110101000111101001011111101000111111011001110010010101101110011001110110001010100111
100101110011011001110000011000010110111010111001111110010111010110010100101000111111010110000100
111000100101111001100100110001110111000001100000011101110111111100101110111111000011000110011010
110111100010110111010011011101001000010101110010001101111111011001111101110011000100110000100011
010000001000000010101000010110011001000111001101001110111001111000110111010111100001000010100100
001101010010000101110001110111010100100100001000001100000000101011010011100011110001111110011101
010011100011010000110100010000000001000010000011111101100110101010010110111100011101001001001000
001011111100011101000001111011000111101101001000011011000111011001000000010001011111110010101010
101011101100100000100001001110101010111101010100100000111010000111100001110001000000111011110110
000000000110111010101101001110000100110101010111011101110101110110010111111100100100001011000000
110000000101011100101101110000010101000101101100011001011010110001010101101011010110101011110011
011001101001101010100110100000011101110010101010111101010100010011100100001111110010000000111101
100100011010000100001110110010010110111011010001110110010011011010011101000000000110001110100111
101100001010110011110000011100001010110110110111001011100111011001111010111101010001011111001111
101010010101101001100011010110111001010001110100010100001000100001000100101001010100000100000010
001010010110100100101011000110100100100111010101010101111000011000010000001100100101011110110111
110101110101001001010100110010111100010010110011101010100010011110111101010010110011010010011100
010101100100011110101110010001101110011010101111001101010000011100010110001010011100110000010000
110110110011110110110111011010000001000010101011111011101011000101000101100011101000001110111011
101110111100001011101101101100111010110011100001010100100100101101011000111010111101110101100001
000000100010000100111001100010100010000111111101111000111011010011110001111100111111010100110100
011111110100000111001010111011011110100001101111011000000111000001010100110101110000000111111000
000011111011000110111000011010111100011111100011111000010011001110101011010100001010001101001101
011110101101010100101010011111011110001100100111100100100101100101010110111101100101010011110010
111000001001010111000110010000100100100110010110011001100001110010110010010001010111101110111001
001100011001001010111111011010100000000101000111111001010111010001110010001000111101000011001111
001001100001011101001111011011010000110001010100011010101100011000001010100100011000110101100011
001011000100110111101010110100110011111101000000000010101000000111010011000100010000100001100011
001100010101110011000000100100001011101011011111101100011011101011000110100110001010110001111110
101011100001001011011010101001011100000000001000001101010110000101010110001001110100110000101000
110101101010000011101100011001000101110011110011111101110100100110011001001001110110100110000011
101101110110110100000000000110110111110011111110111111010101101101000111110100000010001100101000
011101101111000011110010101001101110010010100010100110011110100101001100101001010011000010001001
011010101010111110111000110111101101110100001111111101011001010101000101000010010001001010001101
100100001101111101000101000111110011010100010001100111101000111100001001001100010111110001010010
001111000011010111000101010000010011010000100010111110100111110110001010111001110010000000000110
000111101010100001011011010101010101010100101001000100100011110001001110011100000001101110000011
111111000111110010101100111010100011101001000001001100111011110011000101000010101000011011111011
111001000100011000111111000011011001111001000110000001100000110010011101101110001000011101010100
101001001111111000101111011110100000010110111000110010100110000110000011010111011010111111011111
101100101011010101100010000000011010001111010000000101111110101101000110010011111100001011110101
000111011111000110110000000111101011010011101101010000010001011001101110000000111001100010001100
101111011111001111011110101111100111111010001101000010001100011011001000000101111100010001010011
011000011111111101110100011001001010110111111010001000101110110011011000101010100111011010110111
011100001111111100101100111011110101101001100101001111011010000000101101100000111001101011111100
010011000100100100011011100000000010011100101000011010001111010111100011011101010110001011100011
110001010001001001111001001011111010111010001011111110101101001010100110001100011001010111111111
110011110010000110100101010011101101111101110000110111100100111101101100010011110010101011001100
010111011111111100111111100101111000001101111011001001000111101101101111010110001101000010011100
001110010011010000001001101111111100110111010100001000000011001010100010100110001010010111010111
111001011111000001001111010001111000111011111111010101111100011011110100111010000100001000000100
010010110001001011010000011110101011111111000001011001110011101000110011010000000001100101001000
111000111111010011010100010110110101011111101000010111110011110001010010101000111101000010101110
001000101000010100010101010000000100100000111000011011100100001000110010110101010010110110001110
101011011100000111011101110110011111100000110010001011010011110100100110111000010100000100000111
000101011110101110000011101001100100111100001111000111111111100100100010110001101110101000010111
100011001111111110000001000000010001100110101100010000110011000000000101011110011111000101100011
111110011010010010100110010110000110001011011101100111111101000000001011011010100110000101011100
100011110010111000010100001111111101000001110111011001110001111011101011000010110101111110100000
111100110101101111100010100010010100010000110000000100011001010011000101001101101011011011000111
010110011110111000110000000011001001011001010001111010101000000010111000011100101001110100111001
011010101100100111101110110101100010100010010011001110001011110101100110001010010001000000010111
001010011100110111101110101110100101100100101000010001111001001001000000010001111101100101101101
100111110100111101001010100101010101100111100111010100100110111101011100010001010010001011111110
110000110001111111111110110011100000111001111111100011011010100000001011010111111001111100010010
101110001100100001001101111101111111111011110000000011000111110010100011110101000110111101011111
010001011101001100110101010100000111000111111000000111011111001111001010110011100011110101001110
111011101010101011111100100111111101111001001111110000001111101101000100000101000110110000101110
111010001011001000001100000111110010001101011101110110101111010000010000001110010100110011111100
100000101101100100110101110011101110100001110010011110001100000010001010010011010011110001001001
011100111001110001011100010010010010110010100000111100011010001110010010011010111110110000001100
011001011100100010011110011011110000111001011100011100000001011011001111100110100010010010000110
100000011100101001000000100000110011111010110000110100011100001011011010111111110010001011011000
010011001000010011110101010001011010000101100100100000111110101101010111000001011101001011000010
011101101001110101000101000100010110100100100111000111111110101110100001111000100111001110101101
101110110101000100000110011001001010000011101100001111110101010001111000100010000111101110010000
010000001000010111001100001011000101101101100111111000001010001010101010101111101100100111010101
101101010011000001111111010110110111101001110011010000101010111101111111011010000011110100100010
101111011011110101110001111101010011101011010010001101001011101101000100100000000010100011010110
000100110101011001001010011101101110000101010000110011010110101110000101011010110000110001100100
010110101111101010001101100110010100010110011101011001101100101011010100011010100000010101101000
011001110100010111010010011011101000100000001111110101111011111001110101100011110001011110100111
010111000100011010111011110100111100010110011101101000010111100111100101011110011101110010011101
011101000001001100100100100100001001011000001000010100010001111000010101011100100100100010000011
101010111011111111110000100101010101100111001100101001001001010101101110011110111010101001100001
111110111111100000010001011110010101111111010110011100110111000110010100111101000010101101101110
101101110111001111011111110010001011101000011000000110011000100111110111011110100101100110011101
001000100011000100111100111011011111011011100111110101000111110000101101011011101001111111001101
111010001001000000110001110100011101001000110000000111010000010010110010101111111111101011000000
001111000101000010010101101101000001011010111100101110111001010100001000101111001111001101010011
111111000000011001111111100101100110101011011001001001100010010110101110110110110000111101110110
000101111101001010110101011000101011001100101101111110011110110111100000000100000011001011111010
011001100100011110110110000011101010101101001111100010100110001000010001111111111001001111011010
110000101101010110010101101110010010001011011110010001100110001010011011000100111101011111110011
111011110011111111110000000001010110111000101001001110001011001011110111001000110000010000100001
100110110101110100111110010011010001110100001110001100100000101001000000111000101101110101001101
010000101000110011101001010101110001111101110001101011100101001101010011011110011111001111110010
011011011010111010111100111110011100000011101111100011100010001101100010100101110011011110001011
000110001110010110000100001011010111000001111000101001101100101101110000001100000011000101110011
101110010101110111000110001010111111101111010110100000110010111011000010001010000011110000110010
100001010001010101111111101111110101011110011001010001010001101101010101000101000010011001010110
110101001101101111010111000011110100110100101101101101010010000010111100010111000100011011011101
111100111111100010110000000010011001001011110001111101110010100011000001110110101011011111101010
010011100011011000101110000111110111111000010000001000000011100010101000100110111000110011001100
110010111001111011010011001100010000001110100011111000011101101110011101111001111010110011001111
111101010100111101101100000000000010001011100010101010001100110010010110011110001110010010101001
100100000000000110001010000001011010100000111010001010101111000110100001101100010110011110100001
001000001010000011001111000110000010101011000101010110000011000011000100101110001110100101000110
100011011101101111111101101110100100100011011000010110110101001110101111000101011111100111110000
110000110110101011000000011011100001100011011101011110010011101001100010010100011000110100010011
111110101111100000101100111101101011010001110010001000001101101000000000011011100111100000111011
000001010111100011010110011101001010101010010001010000011001001010111000100000111110001101010000
101000111011001001001110011000100010001011100000100100001100011000101111100111100011111011111000
011001010000001111001111000110100011111110111001001010000101011110011101010011101010011010000110
000110000011001001101000001010010011100110011111001000111000111010111100110000111011110101010111
