011000101000101100101001101011100110000000110010110101000110111100101001000010011011011100001001
001100011100000100011111000110001010001001100000101000001101011110110111101011010010011001000100
100101100110110101110011011001010101001111111101001111000111001011111110111101001010010100000101
100100000011010100001100111111011001000010011111100101000010010101010101101011010001101100101110
011110110001001011100111100110001100001111101111010110101000111001001000100011101001111000110100
111011100011101111010011100111100110001010011001110010011110010000110001011111010101000110011101
001010110110010010001110000101111011011101111100000001110111110101000000110000101001001111110111
111101001011001110001011101110001100001100011000001110001010011010111111000010011011110101100111
101100000011011010011011000110001011011111101010000011001001101110000110101100001101011011100000
110100111101000000100001100010100011000010111011000100010101100001111110100001100100011101110001
010111010111001100110000101011111110111101110101001110100101110100111011001111000101110101001011
110010110111111000001001000011011111011000010011011100000010001110100110101001100011100111101010
100011101100100111111100111001001101011101011010101010100111111000011011100010010010110000000100
111000001000100100110100101010100111110111110111111100000011100010100101001100001111000011101110
001011101011101111011001001111110101000111010010001000101101001000110110011100000110110101011110
000101101011110111010101010000011110010011111010011001000011110001001010010010101100011110010100
100011110101001100101010000001111011010001000010000110100000110001001011100100101001001011011110
000100011101111111111011010010010101110001110001010110100101001010001110011100010111000100000001
111110000100101010111100001111000101010101110010001111001010001101011011010011010010100011011000
111011000010011010101000101000001001101111000000100110101100001101101010101001011101100101010110
110010001000001001001011010001001111100111001111111000000111001101001001101101100000011000111100
010111001111111101000000110000001101011111001001000000001110100000011100010011100110001111110011
101001011011000001100100110000000000000010101111010111011010001011110111100100011111100101011011
010100110011111110101001101101011011110001110111010010110010110001110011011100101111010111000001
101000011011110001101000111010101100100100100011010001111000110010000110000000011101001110110100
101111101100111101110111111110110011001000010000110011000100010000001100100101111111101011010101
101100010000110001110000100110001111101010011110110011010110011101101101111100010110000001110000
101010011001000011011000101001000010000001100111000011111101000001000111010001001001110111100011
101110000001001010010101011110101111001110101000111100110100101111001111111011111010011111111110
101010111110110011001111101100110001001001010100010110101010111101110000110011100000010111010010
011100100010001000111000000111101111101110001001010011011011101000010011001010010111001111011101
001011101000110100110110101001101100110011001101011110000100101100110001000011011011010101101100
110001001100001111101010101011110111110111011000100111101010001100000110110101101100100010101000
011001111001001011001100110110001110010111111110010010001111000010011110001000110000101000111001
100100110110000001011000000010000100101111101101110101001000010100000100110011100101111111101110
101011100010010111010000111101000100100011111110111001111001111101101100010001110000011011001101
100101011010000000111011100110010000000010100110110010001001110010101001001011010000110111010111
100101110111011111001011010011111000101101110010110101100001111110110111110000000010110111000001
101100110010000110111101001010011110100111001011001010000001001101001001011000000110111000110100
111110011001100010111001000111001000011110111110001111010011100110100110110001010101010011101111
111000110010001001110001010000101010000110111000110101100100011000111010101100001001010100001111
111100001011011000101111101100100000010011001110111111111110010100011011011000100101100010101010
100110010000000011101100111101001110110011100001101010110110010000000101011101011101100011111010
101101101001001010101001111101011110000111010110001100001110101010000101110101100000011111010010
100010110101100000101011110010110100111100001101010000010010101110101111010110100101111000010011
110110101000101000110011111110101000110011101010100110100001010011000101111110010001010010100101
110001100010010101011011000111111010101111010010010001110010001001101011011110000110100100100010
111000000010110110001100011111111111111100100110111011001011011110100110101111011001001001101100
011101000110010011101000010000000110101101100000000110100101011111011100001011101001001111110111
000010011110101100110110110100010111111100100000100110010011110111011110100110001001001111000001
010110011011011101001101011011110100110100101110110110110101001001111111111110011111001001000101
111011000101001111001110001101011110011000000111011111101011111100100111111100010101011000110101
101001101100000001010000010100001000110101101101101110100001000001111011111110110010100010011010
101001000110110001111010001001111111010101011001110100101111100101010100000010001101100001111101
100001000010001101100000001101111110110011100110111000100101001010010010001100000010111110101000
110011010110100101010101101000111011010010001101000111011011000011100001001110000110001101001000
010000000110100000000101101111100010100101111111100001111001110001000100100001101001011011100010
001100010101110101000100010001110000110010100101000100111111101101100101001000010000110110010100
010000100011001111101101001011111100010010001000101011001101001010111001110000001101001010011001
000010000110010110110100000000101000010000101101111111010010111011101001010001010111100110011001
001111100111000100100000110100000011001100110010001011001000010100110111100110010100101001000100
001101111111001000110001101010110000111100111000001001101000011011100111110101110111100010011010
000010111000010101010110110000110111110110110111111100000111100011001100001100001101001000011000
000111110010010010001001100111000110000110001101100101000110111110010110100111000010010011110010
101110101011001001000000001111110011001111101111010001011101110101101001110010101101100100101000
001110110011110110101110111001011101100000111110000001111010011101110010000111100001000111110001
010011111100110011110101010010110010111101101000111000000111111101010110100000000001011110001000
100110010000000000101011100000011000111110011110100000011000110001011001100001011100111011101110
001001101111101100011111111011100011010100010101000111011010011101110110111010110110100010011000
110111011100111010011111100110100000110111001100001010110111111010110001111010011010011100111100
000000000110110001101110111101101100111011110000001100011110011010000010011010011101011101011110
011000001101000011101011111100101111110111110010010000111001111011101111011011100111011001111000
100110010001110011011001100011011100101111101000111110001011101001110011100010010101100011110011
111101010010100001011011100010011000001111010011000101110011110101111101001011110110000011001001
011100010011010111110110110000101111101110100000011110101101101001010100111110101101100101100110
010000001011100001001010010000100111000011100000110111101110000011111011111001110001000010100010
111100111000110011111110001111000010101110111010111110000111001100000000100011110101010100010111
000111101100111000100100010110111000010111000100111010110101001101101001010001110110011101000110
010000011000000100001100101100011011000000100101111011100110011100111110111001111010110101100110
111100110110100000001001001010011110001011101010000100011010001010100000100001010011110000010101
001010110010111101110101101100110100001101101111111111010111001111011000101011010110100000001010
100010010001011001110010000101110101010100100001001011111101011111111000111010111100001110010000
011111110001111100000100110011001111101010101001111100110101101011100010011111101010111111101111
001011101100000010100011100001011100100101100000101110011001101101011010111100111000101000001100
111001011010100000011000000101001110110001101111110011110001001110110001111100010010010100001010
010001111000000111100101011011110100100000001000011110000110110000000000100100100000101011000001
111100000100100010010000001001010010101110100101110100011101010001100111011111010010010000010010
000000111101010111110010001000100110011011101100000110111001000011000010100000001110100010010001
111011101010110010010110111010001011011000010111000100110101011110011100010101000011110010111111
010111111000100110001100101001001111001010000100011001001010100110001010110110011011010101100101
010011010011111001110001110101100111111010011011111001111100000110100101100110111000110011011011
111101010101000001011110001100100101010001100110111000000111101011000110101101000010111100000101
011110110100101101111000101110111100010111100001001110010001100000111000011101010010110010111000
011000111010000111011100011001010100100101010111000011010010110011100111011101010110000111111111
011110100001111011101100110000001100011001001110000110111001000000010111000110010100100101001100
011111010111101111101101101110110001110010110111000010110000110110100000101110001010101101100110
100111110011111101010101111011010100001011001011100101001011100101101111101100001110011110100101
111001111100010001101000000001010101101000010101111011010101010110101001110101110100000000100100
000101001011011100111111110110011111011101111010111111011100100001010000001110110100001000101110
101100101000110000011011011001110001100100000011111110100100000001010101011011000011111110111110
111110111001010011111000101101000001000110001010001100011011100110010001010111111100110011110010
000110110101000110011001001110000110000111110100000110111000110100101001011111010010100111000111
101100001010110111011101011011000001101011100001101111110101011011111101111001010111010100011000
110110101101110011001000000001111100110011101111001111101110010100001100011001101111101100111101
010001000001001000010000000011001111011010010011010110111110010101111011101010011101101101110010
100110110010110000110110010010010101101001101111001011100100101100100010101111000101010110001010
001010000010101110001111110000011111101101010101101001001101101110010110100000001110101000000000
100101111001000011001001111101000000111010100101100011001010110011100101001101000011110000011101
001001110011000111010100010110101100100110110011100000001101010100001011001100010110100011011010
001011110110010011000101110001110101100110010111100100110111111001100010001100100011001111111000
010101000100001101000100010110010101110111010001011100110001100100000111100001111010011110100001
100001001000000011101101110100110101101001110110000010010000111010100100111101010110001101101010
011110111000011110000100011011110010100000110011001101101111011100001011110101111101100100010101
101000110111010111101001100100000001000110000111010111000001100111101001011000001101101000100011
101110000000110000100100101100101001111111001110010111111101000100010010101001001110010001100001
001000100001100110011010011111001110011110100011010001000011010110001000000111000000100011100000
110101111010101001101010111101110000101110111110111001000010100001111011111111101001111110100111
011011011010010101010000111110011011001011110111101110011000110010010001000101001110101101001110
110010010110000110110011001111000010000001010111010111011000100101111000110110001111000001110010
110100100000000011000100110111011001000011010010110010010100011101001110100101100001110011000111
000100111111001010101101110101110101111101101110010010111100101011000111001100111100010110110111
010010101000011101110110111001001101010010111101001010001111101101001010010101111111011001010001
100010000100001110111111001001001100101011110011001010100000101001010110011101100100011111000110
110010010000110101010010010110010110010100100111101111010101101000110001111011000110111001000000
000011011011011001011100110101011110001011100101011101110100110100100100100101000011001110001111
000111010000100101010011011010110011001001000110010001110110100110111010101101010111010110110101
010111100001000111110011010100011001101001101001100100101110011011011110101001000001101001001111
110010010000111101110000010001111111111101101101010111000000000011011010111001100000000001100011
100010110100010111010011110100011111011110100010010101010001000100010000001110110101111111011001
001101000110000111010111101011111100000001010111010000011111000011111100011010001110010010001010
010001001100110010101100001101111101000000111110000110001011001100101001111111110011101111000011
101010100001100001000011011001110101100100101110011111001100101100111011001000100110110011011001
010010000011000001100011011111010110101111011110110100110011111111111101111000000001011110001111
111001001001101010111101010001100110100001100000111010000000111001110001010110011010001010000000
000100111100101111011111010010100011110010101111100011110000110010011010001011000110111001010111
000001110010111001010101011111101111010011100010010111110010110100100111100101011110111100110110
010011100010111111111011111111000000100101010111101011011111010010101010000110100011100001001100
111100100101101011000100110110001100011101010011100100101101111111001110011011101010011010000110
001101111111100100100111101110110101011101000100001000111111011001000001011001101110100101010110
010101010110110101001010101100110001000100010110000000010110011110100110101111100001000100101111
000111101001111101000100101101011010110101101001001000110111110101001011010101011001011111110011
101111010101100100000001110011100100101100110101100000101101101000110001011111100010101001011011
110010001000010000100100110110011110000110000011011011100110010001110000010101001001001000001110
011101000011110010011111011001111101011000000101011000100101111011101011010011011001001110111001
000101110010010010111101010101010101111101001011001001111100010001000101010001111011010010000110
101101011011001001111001010001001000100011111110110001111010011111111111000011100111101100111001
100110011111110001110110101101110000001000111010110100010000100001100001111001011100110110001010
000001111101110110011111101001100111001000011100011111011111001010000001100011101101001100110001
100011100100111011011110110100101100100110111001010110111001100001111010100011101111010110110010
110101101101011001010100010011010101000000101000100100100001011010111100101001110100001000110001
000101101111011111010010011101000000001011010100000111010000101110011011110000010111010011101100
111000010000001110011011101010000011001011110000010100110110000100001011000000010111010101100010
100011001011001100011111111000111110100110111000000110001110000100110101100010000100110110110111
000110011000001010101001100100010000100001100111010011101000001001010000100001101111011000000111
000000101111000101100100111110010011011110100000001111110101011111101110000110110101001111000111
101100001111010010100111000000101010110101101100100101000101101101010101000101110111100110100001
100110111111111000101101010100011011011110110110011011001101011101000011101100000100101110110000
101101100110110111010110110010101100010001100011011101001101001110111100000100010100001100100000
101001110010001111010110011101111100011011000011110001001000111110101000010110011010001111000011
101000110101101011101011011100011101101011110001010001000101110000100101001111111110111111001101
001100000110001100101110001001000111100011110100001101000110011010001101110011011100110001111000
010110000100101111010011000010101110000010010000000010010011100010000100111011110000100110111001
001000011110001000001011001011001010110011001010101000111010001101110000000001011110101001010100
011100100111011101100010011110011000011100001000110001100011101011111111011010000110111001100100
000010001000000101001000010100111101001110001101110001001000011100001111111100010001111001110000
010001101010000010000011010010011011101000001111001110000011000001111010001010111101100010111100
111101011110111111100001110111111010001111001110010100100100010100110001011010101110000001100001
000010001100001101101001000001101000000111001111101110111111001001110000100000011111100001110001
010101001010101101010100111110101100010111110000110011011001000010110101011011111010001100001101
100011001011010001000010011010110000100111001010101001011000001000101100100011100110010011011100
101001111101101011001010111011011000100010010101100100101001010100110100110011001101101011101001
101101100111001100011010011101101011110001111101101001101111111001011111101010110110100100101101
100111000100111001110010000110111000101010100001001110100101010101110000100010000011010001011111
101100101110110100110110101010001010100001011011111100111011101010101110011000101100110000010111
101110111111011000111000011111110110010101001101011100011101110010011011000010111010101011110100
100111001000101101010010100010111010111110110000101001000111001110100011100001110100101000110100
100100101100110111110010110011100100000000111011001100010100110000110010100110100101001111010110
010101100011110111111110001110100010111111100011100100000101010010101100001100011011011100101001
001100000111001111011010100101111100001011011100000111101001110011011101101101000011111110111111
111111010100000110101001011011000111000000101101011100010100001011000110101110100011001100100001
101101001011001011100010001011001110010001101011111010010110110111111000010001100100010000110010
101110101000011101010111000111001100100111101111001011000110001010001001001011100110100011111101
001001101111000000000101010110101100000001111000011000011101000101010001101110100011010111010111
011101011000110101110111110000000000001111000111000111001001100111110101001100000110000111100001
010110101100100000111001100100110110100111001000111100010011010010111110001111101110100001101010
011010001100110110011011010100111111011111001000111000010001101101000111010001011000100100011001
011000000000100110111100011001101000111110111100000110110011011001011100000010110100111110110001
001001001011001110101110111010011010110000101001101001110001011001001010110010100110110011110101
100111001100001011101011010010010010110110011001001100110011110110110101010111100010010010000010
101011000101101001010110010100101001110001000111100011100011100110110110001110101101100001100100
000110001011101110101000100010111010101010000111011100111011001101010110001111001110001010111101
110110011101110111000010001110100011100101010111100111100011000011111000110000011100100101001000
100001100000101001001101010111101110001010011001010100010001101111100111010111110111111000000110
000101001100101001110100001000001100111000101111010101110110000111011010111100010001000110110000
011011000001110111111101001011110100101000101110011111111011100000101001001000010101111110111000
110000000110110101110010101000010100000001111111001100000001010000000111011000101001101011110011
100100100100001100011100001101110011001111110010001111011000010010100001111011001111101111000011
111010010011001111110011110011111000101110101001000111000010001011101111011100100001101111100010
100101101010001101000000011100000010000000000000001010000101100100001001010100110101011111111100
100001011001011101001111011010010101001011100001110010001010000100010011110010111100010110001101
110011000010111010101011110111000011101010011010011101010111100100000011010010100110111011001010
100101010011110010111100001001111111000000000100000110001000100101110010000011001001111111010110
000111100101011011011001001101100010101110010001010111001100011011101111110100110101011011101111
111111011011011000100011110100011001111100011001111001101101110010110001111101101011110111010110
001010000010001011111111011010100011110001101101111110000100111001010010001000010000110101110101
101100100111001101011101010001110101111110000101110011111011100111011010101001110111110110110110
010000000110101011011000000101000010111011011010011010001001101111001000011110010110010010011010
111101110110000100110100111001101011011011001000110101100101100101001000010010101111111010110011
011000101010100110010010001100100011001101110001100100000101001010000111000101000101011010010110
011110100110111001010110100100110110111100110001111000110010100111000011101011011111111001110000
101111100000110110001000110110000100100110001010100110110011001110000011100010011100100100100101
110001110111000111111100011111111001111000110100001011111101011011011001111001110101110110010111
011001110111111000101110010111100101001110100001011010110110100001101110000111110011010100101110
011000001011000100011011010110110111000100011110101001110000101100110100011010010111110110001101
110010111010000010000100110111010010010000110000011100010011100100010111000000101111111001110010
100001110000000001011111001001010101100111010110001011100110011010110100110101011100100111111101
001110111110111000010110000001110011110110010111001000011000011111010010101110101110110110111110
011010010010101001110000110101001011001011010001101001111101011101111101110101011000111101000001
010001000000011111101111000100001010000111110011001010010101111000011011110001011011111110010111
011011111111001001111001111111111111111001110101000000101000110000110100000010000101000000001110
110111001000110111011100101001001100100000101011110001100100010101010100010011101011110110101100
111101000111000110100111010011000101000110101001011001111001001001101101100101101010101011001000
110001100010010001100110100110010001100101101101001001101000010110011001011001000110010110001010
011101100000101110001100101111101110110110011111000011100111110011111100010011101000001110011001
101011111100000111101100011011010010111100001110101101110101101101101011111010001101010111111010
100101100011001000001011010111010010111101000001000101011100011110010101111110011001100011110011
011000111011111011110010111101100111001001111011010111001101100100111111000111111011100100101000
110111101111111111100100011111011010111010000011111010111001101111000110111001001111011010000011
101110111101110010111000101100001010001111001100001100101011010010100011101100110011011011111100
101001010001110111001101010010111101001111001111010010100011100010111101000101010110111011111010
011011101011110110000101010010011000010101010111100110101110010101010110010001010001111001111011
110101110001100111101010001111000001101110001010011100101100100010001101011111001110011010110101
010111000000011100100100110000010010001001011111100010011010001111110101111101010011110011001101
111111000001111000101000110011001011111000100111000110010011011101010011011110000001010001110000
101001110000001010000101101011100111100100010000000000010100100000000000110001111100001100101100
001011101011001010110110110001110111010111011111100001011110101001101100111110101001111000111011
011101011100010011010111100011111010001111011011100100101011000111101100010010100011000101000110
001010110001110010001001010101001000011001100101011111001011001010010101000100101011100101110100
000100101100101000001100000111001110101111011011001001000111011011101110100010011110110100001110
111001010000110111111011011001110001000000001011101001110101001110100100000101110100101101100110
101111010111111110001111011101010111111111101101011000000111111100111111000000001111010010101001
101100110000001010000011010011110011011011001010000111111011110111011111011001110010010010110100
101110011101100101110000110110000111101010011100101100111001011111110000000001011000000100000010
000001110001110010111001010000110101101010010100001011011001110111101011101010001010000101111101
101010111101001010011100101101100111110001010000110011100111001110100111110111111101001110011011
110100001101000010110011111011001110101000001100000100001101111001010100110100001111000001100011
010011010101101101000111000111100101000011110011010010001111111101000000110001001001000010011100
000000111111000000010100011001100001010110011111010111001011011100011101111110001110011000011001
111011011001010100011101000000001011000100101101101010100100100100101010100011001001000010101111
001100111101111011010000100000111110000001011011101001111001011000001101000110000110010111101011
101111000101010010101100110000100011001000100001010011111000111101001111001111110100010001000100
111100010110111000101101100110110010111101010101000001001011001100101000101111111000010010100000
110010010110000101011110001101101111010111011100110010011111011111000110110100010010111010110110
110001010000011000101111001010000010000100010000010001110001001001110110101100011001000100100001
111111100001001001111100011011100010000001001100001001110110100011111000011110111000101000100000
010110111010001010000100111100010101011111111000011110110110001011101100010011010010010010100011
110011101101000101000101100111001101010000011100101000011111100011111000111010010001110000101101
100000101001000110010111001111111001101001011100101001110100101101001110000100011100110000101010
111011100001001011001001000100101011100100001001101101110111011100011000011001000001000010111000
011110100000101001000110001100111100000000111000011100011101011010011011011101110011000111100011
011111000001001101101100000100110001001100101110100001100110101111100001110101111110000100001001
011110010101111010011011000011101001000101101111111001100011001000111001101001100011000111001000
110000111001110100001100011001101111011101111010001101001100010100001011111000010110001111010101
000111000110000101000110100111000010000111111101001111111100010000001110001010100100100000000000
000100110110011010000001011100011110100110010110001110001110000101000000110111100001111001110100
111110000101011011101000010100101111010001010110111010011110010110111101111110010001000101100001
111001011110011010011110110110111001011111110111100000010001000101010001010110100001000010001011
001001111000001010000000010001111000010111001101101110100000010100100010100100101101000011101101
010000110010011111000011111111101111000110110101101100010101001000100100001110111011101111100110
011010100001100110111011101010100000001001010010001001000101101000101000101001110110100011000111
001001100010010011000110011100100100010110111000000010010000000001101001110111100100111001001101
010100001101001000100110111011000111010111000011110001000001101011111111110111100010001001100110
010101010010100000111101000011001010111111011101011100101100110001000110010111110111001010011111
001111011100101010110000011111100100111000110111101111000101110101001001011101101000110001100100
010000010110011010110000101011001111000000101111011010011111011011100000110011110000010100011100
010101001001100110100101011110100000010000011111011110100011111000011111011111100001010111011010
001000100111001001010110010011101101011011010010000000001110001011010001001110110100011101101101
001011100011000111111001100100111100000110001001100001000000100000000111111100100001001000011011
111010001000110010001111010000101111010111000100110011100000101101100011111110001100001000000111
101100000100111001001001101000100101011010001101101101101110110010110101100011101110110101010000
001110011111010111011111110100101000000100001111010001011011111010101000001100111100000000011100
101001011010010010111101100000010011101101010011110101011010110111100100111111011100001001010010
101001101010001111100011111011010000010000011111111010101011000110111000000101110000111000110110
000010110110001001111101000010110000000010110111001001010110111101010100111110110010010011000111
100010001011000011011100110100000011100011011011110000101011000000001110101101111000100100111010
110110001100110101010000101010010100110110001010001001110001111001011010101100010111011100011001
110000101010010000001110110000110101001101111011110010000000011100101000011110111100011000111110
110000110011000100011011100001011110000001001011001010110000001100010001000101001110010000100010
000110000010001101010101011000000110110100000101110101001100100110011101100100000000001111000011
001101010010101100010010000000001011000100111010100011001101011011100100001010111010010010000100
010100000000111101100110010111111011110110000010000111011011101111100110000111011011100101100110
101110001111110100111011001011101011101001000011011000110100000001111011000001110101111111100001
100011100100111011011111110111001101111000111101101000110011011110000101001010100000101010011000
111110111011101011111101000110101000001000101110111111011010110100001001011011010000011101000000
100111010000110110101011111100011101100111110100000011001100000101100001101101010001000011111101
100110010001010010011110111000101010100111000001110100001011100110000001011000100110001011001011
011110011100111101101110011101010001011001001000001110011001011110011111010011010101010001100110
000110100001011101001010110010100000010101111000110111001001101010001001111011011100010001001001
011111000111110000110100101101111101010011001101110111010011110111111010010000111010111101110110
010000100100011100010101101011011101011110101110010001001100101000100011110010001111010000000111
