001101110100111011010100111111000110111110010100110010010110100101010110011011011101011111000011
010010101001110001001000100110110101101101010110110011000011001100111100100010101000100010000001
010010101001100010111010110001100101010110011110110011001100011000100101110010100111000101111011
011110001011010101011000111101011011011001101101101100101101111111111110111001011000101011000011
100011011100110000101000001111011000101000100011000110100101111001010111001010001100100111000111
000101100001101100100100110001011000010101100111101101000010111011011110001010010100101110111010
001110010010100011111100001011111110100011000101100011011001111000000000110001100001110110110000
101111111100111111001111101100110110111010000011010011110111111001110001110011101001101100010111
001010100111101000011000010111100100111001010001011100000000110010111100000010011110001010011100
100010010110011011111111011100100111101101000101110000101100111001101110110110001110010100001101
101001000111101111100010011100111101101001101101001101111000000011111111110000111100100110010001
001110101100101001001001000110001001011011110010010001010111011100101110111000111011111101000110
001001100001110010010111110001101010101000011100011110110000000101010110001000001110100011110001
010110111111101011010010010110111100111011001110100111000001010001110111000101010110001000101100
001001011001011010101111010101011010001010100100011010001111111010000110010100110011110101110010
011001000101101010010101111101101001111010011111100000011011000011011111010111010100101100100101
110001001001101110101011100110011000001011000011100100111100011101100000010010000010001110110000
100100101100110010100100001010100110001000000110000111110110110111110110111100010001111101010011
111110000111010001000100110010111110100010010101101000000000010001110111000011010100010000101011
001100111001111110101010110110110110001010000101000101010110011110011110011001001000000100010101
001001111000001000110011010010011100100111011001001100010110100100101010011100010110111000000001
001100000100000111110011010110100010001111110010101111010001010001111000001100100110001010001110
000010001111111101111001100101011001011100000000111101001011100011110101010010111100101011100011
001100001101001000010011111101111011001100011000001101011101011110010000010100111100101111101100
101111101000101101111110000101010110101010110011111000111000011000111111110101011010001011110010
110001101100011001000111000111110001010000011110011100100101101001101101000101010011110011010101
000010000000101011011111100111110100010100000111100010001100000001011001100110100101100111000000
111001000001001101011011000111110110101100010110001001011000111111000101111111111101001100111101
011101111001001111011000100010100110001100001100110010100101111010110011010010101001101011101010
001010111011011000010110111101001011000111001110111110111100111111100101100001000111010001000000
010010010001110010110011110111000111110100000101011011101011011110101110011001000100110010101000
101010111110110011000011111000000000011100100000011011000011111011110110100101100010011111000011
001010101000110111001001110110010100000100000001100111010011000100001011011100100110011000101101
100001000001100101001010011111010101001010110000110101001010100101000010010110000110000000010111
101001011110011111010110010000000100001010010111001110111001001010001010010001101110000100101011
010111110100010111110010001001100110101100100111011000100000011001000011110111001011101100110111
010100110101001000101010000001011100011001111010110110000010000100110110011011010000000110010000
100101011001111010111111000001000110000010010101011011000010111000110011111101110011000111001101
101111010111011100100110000101010011100111110100000010011000010000000010010010100110011110100001
010110110001110010010100010001001000111010000001011111100110101000110111101111100110011010000111
100010110101011110011101101100100010010100000110010001100010010000001011110011010000000010001000
100000001001001001011110011011111001110110000111001101110000000010111110010011110011001101100100
000110001011000100110111011100100011111001001111111011110101100110101011000101011111111100000011
010111100101001101110111000001011110101101000011010100001101110001011001101100010111101000000110
010011011110101111100010111101011110000100011101101000010101000011101100010110001111101001110100
111010001111010111010110110011100010011110110001100011011101011101001010100101000000111011000011
111100111001111100111110001000010101000101101110111000110110001101011111000010111001101001110001
111100101010011011011100111111100011111110110100100110100101000101000000001001101110001000100010
100100111111010111110001001100001100100000000011011000011110010100100010110010110100100101000001
000111010011100100010100001110001010110000001001011010111011011111001110101100001010100010100000
010010010010010111001001000001101000100100010000001010000011001111101010001111010110111111101000
011000110000110011110111001010100101111101111011101000111000010011111110011001110001110010111101
011000110101001110110110101111100001011011111110010010010010101000101100011110000101000101010011
101101100001101010100101001010100000101100000111111110010010000010101000101101111100100101011000
111000111001110110110110101111000100000001000100111101011111101111111000111111010001011100110010
011001100100001101111011100010110111001100011000101100001001000110101100110000010100010100010010
001110010001110111011010011000110111001100111011010011100001010010111101000101010100111010000001
111001011001011111011100010000010011000111111011000011011010110111000100001000000100011010011011
000101010111010011110000111011001011010001010000011100011001101010001010111000000101000010111100
111111111000010010001110100001110000011001100000010010100001001111000001101111101111010010110011
100001000000101111100011011000000100101000001001111100000101100100111010010101000000011001010110
011010011011100000000101001000011100011000011101000100011101011100111111010011110000100101010011
001011001110110101000100101111100010100000100001100111000110111000111111001000101011111101111001
110001111101001111001110111001010101010110010000111000001000101100000000101011100101011001100010
000001001110111000101111010100011001011001110000101010001001111011110101010111110010111100110000
101111011010000000010101000101010111101000111001010100110110011110000011011000111000011010000000
100010000011000010010011000101111111101010101010011111011010000010000010100010010000101101101011
100011101110110001110111100110000111000001111110000110100110100101000111001110000100101110110111
111111100001101111001111100110110111011100000111011000000101000011101100011011110000011001100001
011010000011010010110100101101000100001110001010101111010011100101110010111111001101000101010110
101000010000010011101010100110100001100010001011011110101000011111100000000100010001100000101011
000100100100010011110100100011000001100011010011011011100100000010110111101000111111011100000111
001001100010101110000101010111111111110001101101000011011001100010000110011011111001100101000010
001011000100010110111110000111001101010011111110011111110011110100011000011000100001010100101110
001101101111111111100001101100011111010110011111011101101011110101000000100000110001000111111000
000110001010010110101101010011110100100010110110111011011010101100010110000000000111110101111011
111011000000001010110100101111111001000001101110110001110010001000011111111001001100101010001100
010110110101000011101000101011110000001000011001011010011100000111011101010101000000101110011111
010101111011011111100010010000101101100010000011010011011111110011011110001111011111011010010110
001110110100011010100011000111101100100001001101110000000011110001101101100100010011010010110100
001111010000001001110011001001111111010010010001001110010100101011110010001000111111001011000111
001101101100010000000100110011001010010111011010000010101010011010100110000000100110100000011100
110110110111101010000000000001000100110001000010101010011111001000001000001011000110000000101100
010011011101001011111111011001011011101111111011000110111110001011100000010111100101010111110010
110101011011111110111010100010100010111110110001110011011100110100010010111111000101011111010101
110111001101110111110101110001111011000011011010011111000111100010011011001010110011010111100001
001001101010111000111010010101101100001111010101101111111111100100001100000000011110011010101101
011101100000010101011101101011010010111000001111011011011101110110100000001101100101100101111001
100001100111010010010101001001110011101011111000110011100001110101000110000000000111110011001101
101111000111010001110110100111000011011000111100111111100110101000010101001000011101000011010111
110001111000000000001011110100100110100111011110011110010100011100100100100010111001011000110101
110010100111110001011110110101010111011001000011101111001101010011001011010111010000110111010101
101010111011101001001111001111001101010010100101100101011100011100000000010000001101010110000000
000100000001110001111011111000011001110111111110101101110111011110000110111010111111010100000000
000110001001011000001100000000101011000010010011011011110111001111111100001011010000101010000100
011000011001110001110001100101000010010010100001101011010010011101011111010100010100011101101100
001111011100111100001110100001001001000100111100010111101101110100100101011100101101111010000011
000010101110010111000110101010010111011001111000010011010110101001000100111110010001100010110100
011100000101111011111111001000010100000010001100001111111111101010111010011100011000000000111010
010100010000001011011100111010011101000011010110100001010011011110001101000101100101011010100100
101110011011110111000010001110111010011100011110010011011100101000100010011000100011010010011010
001101101101010000001001110111100100110100101010111100100000000101000011100010100000110101000101
111111011110010000110000010111110010011100100011010110000000010100000001111100001001010011000011
001011001110111111111001111111000101101011100111010111101100000110001010011001001001111110000010
010110000101111011100001110100010100010001111000100101101001010100010010111100101111110101000010
111101011010000011000110000000011001111110001111011011101100110101011100100111111011010001100111
010011010111001100010101101100100110110010001001110111001111011011100010111110101110010001000011
001110010001011001010111010110100110011111001101001111011010111110101000000000000000110010111000
001001001001011011101100000010001111011010001000100001010100000000010101010001110101110110100000
011010110000010011011001110100000101100101101010011000000001110000100100110000100011111101001111
010001111100000111010001110001011110010100000000100011001111011111100110110000010100111000101001
101100110100111001100000101100001010111101011000101111100010010100000011010011111100000100111011
010110001001010010101110111010110111010101000011010001001010001110010001110100010001011010111111
111011110010010100001001000101011000110000110100000100010000001100000101011001001001011100010000
111010100000101100001110111010011000011100001100100000011001011010010010010101101001001000011010
011110110010010010010010011011000110010010010011100001110001110011010110000110100000111011000001
011111011101100101110111010011100111111111101101010100000100010111001110101010110010110110101000
110110110010100000001001111110110001011101101100010111010011000111110000000000010101001001101001
001100011110010010100101110111001101011111001000101110011100010111001101010101010001001110111011
011010000010100110011101001011011101001111000110000101011111000101000010110011010010010100111101
110101110001010101000000110101110001110000101001000110101111001011001111000010111110000000001100
111010001100101101001010110011000011111000110001001101111100011000100111010111111111000101001110
011110111000001001101001100101011001110111111010100111110100000001010000011101001010111000111100
101100001011100111100100100110000011001101000000000000001110010111110111101011110001011000000100
001100110001100000011010000001110001010110011111011010101011011111011110110111110101110100111100
110100110110010111101011100111000010100011111101111010010100101101011101010100111101101110100001
101101001010100000110111000110010000001100011111101110100101101011101100111000111101010100100111
011100001110100010001010111110011011100010110000010101111110101111010010010100100110100110110010
001100001110010010010010000000010011111110011111010000011010101101110100110000010100010111000001
101010101011100100010111000000110110000101110111111111101011101000100010011011000010011110111011
000011001000110011001000000110101111010110011001011110010011001111111110000011100101000001010000
110110110101001101110110111000101010110111000011001001101111101000010011110110101010011101100011
010001101011111101100010101111011010110000111000010111000001001010100011101010000110000101110001
111001001101000000011000111100010001101001000101100000100011000111001100000100000000011010001111
010100011101110101011001111111011101010001110011001011011111111011001010010001110000111111101100
011111101001011111011001010010010100000010001110011100110010010010111011111011110111011001110010
010001000111011110000000000100111111010001011010010100001011011101100101000001101110000001101010
110000101110010010010000010110111110011111011010000010101100100010010010110101011111001110011110
101011001101111001101010010100111000100100001110001111011100011101010010101010010001001000011001
110011110111010101010001001111110101011010011001100101011110110010110001111000011010001111110001
001000011101110101010000001010000100000001001011010010010011110000100010110100000010100001000111
111001110001100000001001010111111000111011111011101110011010110101011010010001001011011000100010
100110001010111011001011001101110101010000110111001001010111101011101010111010010011111111011011
000001100111001001010000000111110000010100101001001100101101100010100000111011011001110000101011
001101110110011000001111100101001010010010101011111101000000001100010111000011010111101100000000
100000010011110001100100001111111111111101110011100000111101111101100000100101010110100010111110
110101101100000110011010111100011110010111100011101110011001111100100100000111110010111001010100
110011000100111101000100111110001101010111101011001011010011110101110100010111000101110000101001
100111100101110101000010001110001111111110110010011011110000010100001101000100011100110011111110
011101000100100111001011101111111010010011000001101100110001011100010011110111101010011010110001
001011100101001010000001110010111000110101100011111000101100010010011011110000010011100100001010
110010000010110111110100011111011100111101101000010001001111111011100101100101001011111101101100
101100110101100101101111111001110011000110000101101111010010100010101110110000111101011101000011
101110000001000010100101001000111100010011111101111010101001010110111001011111100011110101000010
100100111100101110001111110011001000101101010010110001011001110010110111111100000001010110111000
011111101100011111101011101001011000101000010101111010100101101111110111010000000011110100010001
000100000010011110001111010010000110010011000110101111110010100111110011001101010101010001101111
000110000011010010010100111000110110011110110100001000111101111101101101111101000111011000001100
101011100001011110101000001100010011111000101001110010010011001101011011101001110110000010110111
000111101110001010111110001111011000101111011010100000011100101101011111111011010000011010000010
010111010000011011101100101001101001110010100111110111010110010111011111100011001001110000000010
100011110110010110110110100110101111001110010011011101101010010010010100001101000000000001100000
101000100000000001000000010100010100110110110111001110100111100001101110101000110101111110010101
110010100000001011110110111000001100100001100110101011101010011001011010111100001000000011001011
001001110010110110001010001010000001111001011110111010110111110111100000000101110110110101011110
001000111100110000101100101101010110001011100110101011000100010011000001001010111001001101010110
111010100001110010110001100111101001011111000011101100111000010000000111011101110110000111010110
100000011001110001011100100101010000010011100100111101010101110001101110100000101010100111101011
110100100100110100000011110011001001000100000100101010100001011111011001000101110001110111100010
001010101110111011110001101110000011001111101000111001000010001111001101000011011000110110000011
010100010001111001001101100010011111010101110111101100001110100001010100110100101010011001111111
111100110110000011001100000011001110001010001110011010100001000100011111011010110011010111000111
111001011110001000000010110101111001110011000011011110111000111010010100000011101101111100111010
001000110000101000110111000011001011100111100101111000110011111000100110101011110111001110111001
000000110001111001010010111100100001001110101010110101110000100111000011111111011101011010110110
101111110000010001100000111111001011100101110001000101001000001000010010011100111110100110100010
001111111000100100011101110110000010111001110000001100010001000110110110011010110100101110111010
100100011010101101011111001101100010001101101001011001101110111001010101001010100111010100101011
000101111110101110100111010000111100101011111011100010000001111011110011000000110101100000001111
011100101011000101011100011100011100110011010010010010110101010010100000001011110001110100101010
000101000011011001111001111011100111011100010100111011101111111010110110111010100011011111010000
110000001001101111110101101110110001100100010101101011100001000110111000011111010000011010100110
011101011001000101111011111010000111100100001011111000001000100000110100110100101100111011111111
011001000101001010100010001001010010011101001001111010000111011000101010110010011001010110101110
010101000010111101110001001001010101011001010001010010110111000010010000010010001011101100001000
001110110111011101111010110000011110101101101110111110101011000001000100110101001011011011010010
011100100010010101011100101000010001110101101100101110000100110100011110001000011101001110011101
001010000100101011111110101101010010110110110111000101101010010110110010000001110100100110111111
110010100111110110101111100000100111010111000100110011101101100001010101100011111110110011010010
101110001000010100000100101110010101001001100100001100111101100010010001110100100111101011010010
000100101100110110100000001010010101010111000100001000010011011000111110110101110000101000111010
100010011001100000000101010010000010101110000100101000010110101010100010000111100010000000111001
011111000100011001101100010001100111010000101000110011010001001010010000010110010011110111010100
000101010111001011011100111001100111001111100100001100101111100000110011001110001110111011110000
100101100001111011011001000101111110011010100010101000001110110100010011010110100100011101010110
101000100010011100111111111011101010000000000101000010111011101011011101001000101100010011000001
101000101001110110010110010000010011101100101011100111011111010001101100101111100011110101110100
011001001010011001010011111010010010000101110011101111000111110000100011000011111111000100100100
110110110000011001110110111111110010000100010011011011100010001001011001011000110000010000010011
111101110011010001100010011011111111110001011101010001110111110101010010101010100111010011010000
010101001101011110001101011001011011111000010001001000100101110000001101110100011110000111001001
111010000011110100111011100000111100011001100100111110110011110111100100101010000101100001011011
011011011101010101100100010101111110001010101101011111001111000100111111001101111100011100100111
101101011010110010000011000001001010011110010110100001100111000000010110001110000110111111101000
010001011001110000100111111010110001010001010111101111111001101000010011110011001011001000111101
011110110010001101010101010110100011100111011110000011110000011100111100000110010111011111110000
000000010100110001000001010111000011100011110110101010011000111100001111000011000010111000000011
100101010000111100101010101011011000100011010110110111011000011010001010100011110001011011111111
111010010010001101011001110100110010101110000101101010111100010100000101000111000100100100101001
011100010111100111010011001001000001101100100111111111010011010010000111011100001011011011111100
000001011110011101000101000100010011011111001111101110101101110011101111111011111110100000000100
111011011100011001001111010101100000111001000101011000000100000111001010011000111011101011101100
110010110010110001010101100011010010100001000000101101011010101001110110010110011101011110000001
101100100100010000110011010110100101001110000100110010101011101100100011010001110001011000011101
010101001110011111000010011101100101011011110110111101101100111001100001011011101111001110100011
010000111111000010001001110000111100010100011000010011111111100110110010010010011000010010011010
011010011011011010110110010101001100011100111110011010011000110011000111110001110010001100100010
100000010000110000011011111000110001100100001110000111000010011010101110001101010001001001111010
111110101000111101111000000100001001110011101011111001111011100001110110100001000100001000100111
111001101001011010111101110000011001101100100101100111111100001001001000001000011100011100011100
010001001001010001101001011110100101110010110101100000011111000010111110100101000001110101010011
101111111101111000111101101000010010010111100100010010000010000001111000001001100011000111000101
001000001101001100001011101001110101100110111111011111100110111000101000010111110000100010000000
001111001110110111111001110011111110100000001111101100011010011001010111110010001011011111101110
001110101011000000100001010010010000010100100111001110001101011110100101111011111110011001000001
100010110111101111010001100010101011010000100110110111111110101100010001010111111101101110000010
011000001011111110100010010001000010110111100011000111001001101111100101000111010010111111100010
100010011111110011010010011101111011110100100000111110100011011000100000101111000101000001111010
000111110011000000101000000101011100001010010101111011000101011001110101100011000001010010010000
110000011001010011110000001110010110010010101011111000111110011011110001110111001110011110011100
011101111111100010100101100011010001110001000111011111100110000110100100000101001011110111001010
100111111011011010000010101001011000110011010101000010111101000010111101100011111010101000111101
111000111101111010111111111010011010110110101110000001001101010111111000110110111000100000110010
100100101111001011100111011101100101010000100001000010111001110011000101100010110011110111110011
011000100011110000111001110110100100110000001011100001010010101111110000011101001001001011001010
010101111010010000100010011011101101010010110111111110011000011011110000011000110101100000100110
000010100100010011000011010100111100100100101001100000001101001110100000011100100011111000111111
110100000000101100010010100011001010111110001101000111100000101000110010111101001100001100110011
011010111011101011111101001100000010110101100101111010000001011000011111110000000111010101001100
110110011111110011000010001000000000000011010100000101010100001001001100011010000111001011101101
000000101000010010000100111001100111011011110001110010011011010000010100101110000001100000101101
100101001110100101000110110101101101011000011101001011110001000010100111111011101010000000111101
101110011001101000111101110101111100001010000001111100010010111001111101111111011000100100111000
100001101101010001100001101111101111000100100100101101110011000010111100011000101001000011001001
011101111111101111111011110100100011001110010010001011000110000010011011101011110110000100111110
111101111101010001000000100101000100000011111110110011101011001110000011110111000111111000101001
001101001110101010001110010101110110011111100111100100110000001100101101001111101101011011110100
011111001100011111000011001001100101010110010110100100011110111100101110110010011101101110000000
001010100010111110001011100010100100110010001000010011111001011011010101111101000110010010010101
011101010101111100101100010000001110000001100000011110101011011000001000011111000000010010011010
111100111100011010101011101011111000101010011000001000110000011001001111011111000101010101010000
000110110010110101110001100110111001011010101110000110111010111101011010110001101100110101111001
001011010110011000000100100001010000100011111001100001111100011110010010100001111111000110100100
000001100111101111000010001001000100111010110111000001011110001100100001001010101111011100110010
011001011001001101111110100001100010001110101110100001111111001101111101110111001000110100011100
101100110111110000001110001010101101010100101110100100011101000110101111001000010001001111001111
101001011001000111011000110011101001100010101111111000111011110000011000000100101100101101001011
100011000011001100011011111101111100000000101100000001010000000110100001111011100110100010110000
001001111101000111110101100110011010101000001001100100001010110101110111100000011111100100100010
011100111111111010101111000110011000110110101011111100001100001101010111110110010001010010011011
011110010110001010011101001000001000110011010010110001110001110010110101100011111001000011010111
010100100011001001110000010101010010010111011111001010011110101010100101111110010000001110111011
000001111010101100000000110000000001011010110001101011011111000011101100101111111001000001001011
111100101001101010010000111110101100111100000001110011011010011100110110110100011100001010110101
111000111001110101101111100010111100100111000110011010111011011001100011010100000100110010101100
101010101000111011011010111110101010001101111001101101101100101001110011100011001001110111100000
110100110010101000010100011100001011111001110010111101101010100010001101011000100101101010110001
101001010111111111011000110000011010010100000100100001110101101000111110011100001010011001100001
000010111010001110010101110010001101001101111010011100111011110011111111010110101110000111011100
011111011110000010011111001111001110101111100001001010010100001010101111100100011000111000111110
101111001001010100001110101000101111010101000010101100000111101100100001100010000001101111110111
010010110100110011110011110101000111110111110001111000100100100000001011001010010011011010011111
111000100110011100110001111010011101001011111110101000000101110000000101010101111100111001110111
100011001010111111011110001101110111001110101101101011101001010110000001100001110011011110100101
111001010101001010100001110111001111000101001010111111001100000100111101101111001111001000111010
111011001110011010001000100011010010011000011100111011011010001011101011110100111100011110110111
010011001110100000101101111100000000100000100111001000010101001101000001110010010001010100111000
010011110111111001101111101010001100111001000001111001000001111011001000110110000110010100110010
010111001011010100010011011001110000110001101000100110101001111011011111100110100101011011001010
011011010101110000011011110011010111110000110100000000111110010011110001100011101010011100110011
101111110010010110101110111010010011110001010001111000011001010100010110111100101001111001101010
111010101011011111011011110000111101110000010010101010111111010011110010000011111100111100101110
001000100101000100110111000100110010100111111101000001000001011000110111110011100110011100001010
011011001110010110010010011011000110110101101010001101110000101010011101100110001111111110100110
000001101010101001110010101011101101001101101111010001011000100001101110000101110011111011001011
111000100110100000001111001010111101101001000100011101110011010011000101110010000111001100000011
010010110000010100110001101010010101101111010101011000010011111101010100000100011001000111010101
110111111000110101100000100100010000110000011101010011010010100010111010110000010110001000111000
111000110101101101101101100110001111100010000011110011111010111111011000000000000011001011011100
111011010010010101011011100010110000111110011100110010000110110101010010110101001110011010111100
001111001100111000011100100000011001010000101101011001101101100101111111011111011110010000100010
011001111110001000101010101111100010010110110110010011010111100011101001010110011101111100010000
111100000100110011110100100000101001010000000101010000111000111100001010000001011001010101110111
110011100011110000000010000111101101011110010111111000111110111101101110001110000001010001011111
101111101010011111100101011110100011100011111001011011011001001100111000101110011110000110000100
111100000000100111011010110010110011100001101101011100001000001101000011011100001001111001000010
110100011001011011100010010000110000110111100000010000000100001111101101001110111001100101001001
011010111000110010100010111101110100011100110010001100101100000101110111100101111111101110001101
101010111001011100100011001101000010001101001001110000100001000111011011101100111111100111001111
001111110000100100010110111111101111001110101111111101100111110000000111000011010100100011110101
