000001010110100111010111001111111101100001010110010111110001010001100010100101111011000110111111
010100000011001101001111000101011110010001010101001111111011011100001011101000011010111011001101
001100110010011001001000001001100000010100110101110100011111100101000101101011010111000001010110
111000100111000101101111110000010001110011101100001111011111101010001001000110100110010000100111
111100111101010001000011111000101111111001001001110101001000101010110010100101010000110100010010
010001000011001101011000010110000010000001011101111101010011100011100000011101001110100001101111
011000110100101101111110110111100100111010010111100011010111100011011011010001110000001110010000
000000100100100010010101110110000000110110011010011101010001111111000111001101101011011100110010
111000001110111101101101111111110001100101100100000011011010010101101011010100111011101001011110
000001011011101110111000101100011111110000100010100001001110001001011110011111111111010001100101
110010010000101111101000010111110001100001000000100100101011001000100100111010000111011100101111
001100001011001011011100001000101111110011000110001100111100010011101001001011100111100011110111
111110110011011010101010010000001100111000011001100111001001010111101000001011000111101001000000
100000001111001001011101101011001011100010001110000010101110010001000010010111010001011101011111
100100110100110100110101000011011110010100000110000000000100110001100110011001011111110100111000
001001000000101011000001111011010110110011110011000100110100001000100101010011111000100010001010
011011110010000011011110101011101010110110010010110111011110111011110000011010110011010010101110
101110010110001001110100111010111100010000100101011001001111111000111110000100100100101110011011
110100011101010100010000100001100011110111001010001110110010111111101011001011111100111000010001
110100010101011011000111100000110110010000101100111000110001000011100111111011111101010000110001
011010010100010000001100110010011000001110101000110111111110111101101100000100000100000000101011
110110011111100100100010110010000110111000100100110111000011011100101110111010001100100111011011
010101100001101100001000000001110000111100000010110100000000100001011110110000011011010110001010
011001111010000100101101111000100011101000010100100010001100010001000000011000101101001011110110
001100001101010110110010000111110111111100011011011110001000011000000100110111100110011011101111
100000111010100110000010100010011110110001011111101100000101000101011000100100001111100010100111
011000100000100010001011001111010000101111011110111111011001010100011010001011010001100001100110
000100111000111110110110011111011111011111101101001101011111000001000000001001001000110111010110
111000010001100000111001100110011111001110111000001111110111001101011110110110110110101111110110
001001111101010101010111001101010110011001001011111010101001001101011110000101110000110110100110
111001100100010111110001011110100100111011001110111011000000010001001100100000100010100011110000
011000100101011101111110110100101111010000010001010111110100101010111100000010001010010100100000
011001000011011110010100101010100010001101000010110100101101000100111111110001110011110100001111
110010010001010000011101001010000011010001001000111100110010101000101111111111100011110010011101
010111010001001111100000100000110101011000110001001100111101101001011000010001010101110010000001
000001000101000100111100001100000111110010101111011001010000111001001000100101000000111001010110
111111111101010010110101000011010100110001000101000001110101100101000100110100101111010101000011
110001110011101000000111110110000100000110100111011101000100011100010010110100101101010001000000
000000111000100010110101110100101100111110111110001000110110011110100001100101111111100100000111
111011110100111011000011100101001100101111100000000100010000111010100100011110001100001011110000
101011110100001000011000111110110010101100011010011101001001011111010111110001010000000111000110
101100111101110010101001010001001110110101111001111100011001000001100001100101110000111111011100
110101011101100001101110100001100111011010100110100111000101100010011110111010100000010011110000
011101010100110001111000001111101100001001001100001100010111010110110001010110111111001110011110
001001101011110001110110001010110011100011011110011110101110111101101010110001011000001111111110
111010111001000110000111010110111100010011000100000110110000110101101110001100010100110001010110
101111000110010111000111110001011101101110011010101011100000010010011011010111001001111101110101
011001001010101101000000010111100011110011011010000001110100100000100111110100010001001001110110
111111001011110001101100000101001111110110010010110011011111110111111001101100010101100011110101
100111010010000111101100101110101001011000101100001100111110010110101000001100110011111110001011
100100110110011010110100011000110101100111011000110010000101000000101011100011110111110010000011
010111100100100011110101001100111001011011011111111000110000001000101100010010011100001000111111
101001111100010011110100101110110001001011100011011010001001110101100001011010100111000010110010
011100111010110111010110011010100010101100011110001110000010100011111111000001110111111101011010
111101101111100110111111000001000100011001100000011011011000101100101110111111111000111100110001
101001101000101101000101111000011001010000100011100110010100011011001000100011011011100111000100
101101110011100011010111010111111110101000110010000111100110111100001011000000110010011111100110
100011111000010000110011001111010011101000101110001000100001100001101011111100101110111111111110
001101011000010000110000011000110001110101000001011100000001101100101000011101000001110111011110
011110110110111100111100000000101110011100101000010001100110001000111110011001010100110011000010
001001110011101100001010010110010010110010100011010000000011000011011110111110000111000101100110
001010001010110001010110110111100001011010010101010111110011110110011000010000100110101100111000
000001011001100101001000101001101100110010101110100111100001101111111101111110110111000001101110
010001000010011000100010100110001111110101101010011111010110110010110110111000101101011111100000
100010011011001001000000011001000100011001000011101111001001011100000000010000101100001010001011
111100100100101100001100001010110001110001011111110000111110110011110100100001010001110100001111
111110100011011011011000110100101010101011100000001011111000100001011100101110001100000011001001
100110000010101001100110111101010001011011100100010111100110011010110000101100110101011110100100
000110111110000011100001101010001011110110001000001001010001111001010010100110101011100110101000
100101001111100101111111101010100011000100000111001101001000111110000011100010101001110101000001
111000111001001010011011101111100100000101011111010000000111110011010010100100100111000001111010
010100110010110111110010100101100101000110101110110101011000011001010100111000101110001100011011
100110001111011100110000010110000011111110000111010000111101000111101011100000000010100001011111
010100111010001001110001000111001100011010011000111011000011010010100100000001000100110101000101
000111011010001111110011111101110101001111011010001000010100100011011100100111110111100100111001
111001101010111100001011000100111111010101110010001111001101100010101000100011101010111010010100
010110011010101101011010110100011001011000011001001001010010000101100010101100111010101101101101
101001000001001100000110100100101000101100011010100010100001110100110110011000100000100110101000
001110000001110100110111100010000011001110100100111001000001111110111111110000111110111000001000
010010101000011100011100110001111111001110011011101001011111001000000001001100100011100110011110
111110101000110111110000001010110011100010011100100101111000111110101001010010000110111000011001
000100000000000110010101010100111110010011001111101111000001100001111011000101010000001110000100
000001101100100100010001010110011000101000001001001111011011101111011000101010000001011010011010
010001100100010110011001011001010101111101001111101011101000100000111100000101010110110001111101
000100110110010111011011111100010111100110010001111010000010101011001100100100011101101101110011
000111100000101101010110100110111111100000101000100000011101000001010011011010000110100011101011
101001110000101011010101011100001110000011110011101001010010011010001101010010101011011010111001
100101111111110000110001001001010111100001100010110110100011010101011100001001101011111000110101
110111110000000010111111111101010100011011001000110001110111110110001111101010010111000001101111
101101011110011000101100111110011000000001011111001010001001001001010010011011011010010101010111
010001111011000110100011001011101100001110010100100011010010001100111100001000000110100110011110
010010100001111100010101100111000000111110010100110011101111101011111011011011111110010100101010
011101110110100011010010101111110110000111010001110110101100101111101100100000011001110110110001
101011001110101010000100011010001111111101101011011010010111010000100110010110100010111011001110
101100000001101101001110010001110101001000010100111000001011111100100111101001001010011111011110
110100100011001011100010110100101110000111011001001010000110000001011001110001110101111010100100
100011000011110111001100001101000100101000001011000101000010110111001000101010100110111010010000
101000111101010001111000011001000010111100010000011011010100000011010000110100010001101001100110
010000000010000000100010010011000101111111010010011001101111101001101001010100010101001100111011
111110101101011011110010011100001011011111110111011001111110111101000010011001100011011011000011
