000010000010101110111101111010000101011100100101011011001100001000000100110111010100001101011110
101100100000100001100111110101000001111101111001110001001010000110011101100111000011000111111111
000011100111000110100101010010110100111010011010010011100101001101000101111000011101111010111110
011011011011100111101010110000000011101101110011101011101101010111100001001010101110001111001011
000010000010100011001111111110110011000110000110110000110101110111001011010010001011101100001110
011100011000100110100010101011101110000000111000101110011001110011111101000001110100101101010110
100001101100000111001111101001001100110011011111100010100110101110100110001111111110000110011011
100011000001001001000001000001111111101110110010101101010010010101111100010011111101111100110100
111101110100010011000011011001110100001010101011010101111000000001000100001010001111100100100111
110100001011110001111110111010000111110110000001011110100010111100000110001001011101110001000001
100100110110011111001100101101110110110100011111101000100000110101111101101011101110011101100000
111000001001111101100111011010111100010011110001100111000111101100000111111110011100101001010111
000100101101001001111001011001010010001100010000110101111111011110110110010110101010000111100010
001000110011000011000000001001101101110101001001001111010100110011111111110101010001100110001100
010111001100101001111001011001100010011011110001000100001110101100010101001010001110111100111011
111010111111110011000001101010101001000101111010110001010110000110010000000011111011010010110101
001111100010110010011011000001100010000111011101010010010001111001111001001100000111000001010111
010011111011010111110111101100011001001111101101111001001000111110111100101001111000010101000111
101001001011101100010101100010000100110111111110010110011110000101010000001010001101001000110011
000110000111011000001111000011010001101100111110111101111100001110000000111101000011010100001010
010001100001100001100101001110100101100000000100010000100110011111000011000000111110110010110101
101110110111001000010110001101001100000001000001100111000110100000100011100100101101101100010001
010011100100011111001011101011011101010010011110111000100001001000001101111111100100111010110100
101011100110010001111111101111010100101110001111100110100000011100100110101000111101011111101001
010101101010110010110101000011101110101000111100111011111110100010100000100101110100100100100011
001010011010110000111000110100110000000101000010110100100101110101101100110010010111100011110100
011110011101100000101111101010111101001001101001000110010000010111010100101111001011001010001001
010101000011000010011110110110000011100011011110101011000100011100100100101000000111011100000010
001111110110110101110110001001011100001010100011101000000110000011011000011000101101011011111111
011001111010001111011100011110001100110101111111000101110100001101100111101010000101000111111001
001100100010001101001111100011011000001100110101000100001110000100111001101100100110100000110011
000111111000111110100100100010000000000011110101111000101111111000000110010010011001000000100111
010101101000011100000000000001111100101001101110011001011111010011110010100100000100101011000001
011010010010110111101110111101110111101011100111100010000100000100010010111011101111001110101011
011110111001111000011110111001011001010100011001011100111010011000110001110101111011011110101000
110011011101111001100010000100001101000110101111100100010000110011101000001000001011011011000100
111110101000001100100100110011100001011110010011101000111111011010011100101010000000111101100100
000101101111000100011100101001110111101101001110011000101011100111001001101000110000010100100000
001010010100101010110000011111001010101011100110110101110100010010111001001111100010101111001000
111111100110011011101110111000100100111111011111010000100101001001010001001110010011000110111001
111011101010001011110111010111011000000011000011110100111011111100111001100111010010001010011110
000100001100001000001101010000011001111001001100100001111011100101110001010110101010110101000110
101001100001010010111011000011110101001011001101011010110100101000010011110110001001101001010101
101010010010001000111110010000111000000110011100100000101010000011110110111100010100000110010010
111001011011111011011100001110010110110100000101001101011010101010001010111011001000100110001100
100011001011010000101110001000000101010100100101100001000101100011100011111000101011000000101010
101001100011110010001010101011110100101101110000010000110011111000011011001110001111001110001101
101001111100100000000101111000001001110110010110010110101001000100110001111111101011010100101101
011110101110010000001001001100111110111011111100100101010001110011101110110011100111001001000000
001111100100010101110101010000010101110001100011111111001010011101000111101001110010100011011100
000001001100101001100111101011111000101000101000001101101110010000111000111110110001110101001000
010000011000001011110100000111000110101100000110000110100110111101110011010100001101000101101110
000101101011011110100100011110000000001101100000111000101110111000000000011100011101010001010100
010000110101000000101101010110110011111010001100100111101010100000000010001100001000001110110110
111100011000100101011111111111001000100011000011100111010001100100001010110001000000001111111010
010001100000001001100111110011110110010010101011101001010100100011100001000110001010111100111010
000101101000110000011010001011001010000001101011111110011101101110110101110010010010110110110000
000100101110110001110010001001100000110001100010101001011011000111101011101010001100100101111110
000000101100101100001101111010000101110101011110000100100001101000111101111010111010010101010011
111000011100111101111010111000100000000001100000111000100000111100001100100010101010101111010101
101001001001001110000010011110000000101010110111101111111000001001110100110101001011010010100110
000011001101001110111100110110101010101100100001101001100101001100010110100101001110000110100001
111101100001101001110011010001110111001001000001110100000101101000010001011010101100101110001100
000111101100010111100101011110110000010011011011101010110010011100110110000111111101011111001001
100111111001101001010100101010100110000010000001001101010000011000010100110011100010000001011010
011111000000010010101001101011000011101000000101010000001011101001110100010000000001100011100011
111011101110101011110001001111100101110011011100101101100010101100011110010111110110010011000110
111101000011111000110111111011110001010010010100010100111101111100110101110101000001000111010000
001111101100111011001000101101011001001011000010000101000000011111010100010001101001001110010001
101100011101011100011110110011101110110001000010111011111011011101110001011010111010110110110101
100011000111001011100100111000010001011111110000000100001101001010011110011110010001000101101110
100111011010010001100011100111010100101000101101010000001111111101101101101101101010110011100111
111001000111111111110100101110011100110111000001011101001001101111100011001101110101010100100010
111110111001011000011000110100000001100010001111011111000000101000101100010111000100110011110111
001111001011001101101000110110010111100111100010101011001101010100010100100111011101010001100011
010011100100011110010111110001011111100110000011010000100110011000010010011010100011101101101101
001000100110011000101100100011001011001011011010011100110101000011110011110110011110100010100101
011100000110001010100110011000111011001100100111010000001110101001111110010011010011010111100011
100000010111101101100001000010101000111000000110111010001111100011010111110101010101001110011111
110011001011110011100011101000000010001110010111010111101001001100001101001000111111010010001011
101010000110010010111010010101111100000111001110010000111010000010011001110111101010110011000001
101111011101101111000011101111110110110100101100111101101110010001011110111000011101001111111010
000110100101000101100110000100000000110110100111110001100010110110000100111001100001100110001000
110010011111111110011101000101100010010100101001011010110111010111011010011100111110010100111000
111110100010100000011100101100000010001011010010111101100100000000000011011111000110001001101101
111000110011101011100010110011000010011110101101000001100101111001101100100110111101101111010101
110100010011110100011101100110000111011110101010111101110011100000000011001101111010000101110110
001000000101101110010111000000110000100000001000010100000111011111100101110100000100111101101001
100001101000100010000001101000100110111011101000010100110100110100111111000000011000100111010111
000000010100010010011001111110111100110011111001011110011000101001111011011011001010000011001011
001111001100010010110000001100000111100110000111000110110111100111010110111100011010001110011000
110100010100101000001111111111010001001010110110000011100110101010101100001101100000110011000010
010110100111111101010011110100000001100100010001010100010101010010100110001000100110101100011110
011010100001101000000000010011100100110010011001010100000111101001001000000101101100001101111100
010110000101111000010110011100101011010010110010010101110111001101010110110000101110001110101001
000100100000001011011101001001110000111011001001001000111110011000110010011101010001000011110110
001100110111010101010001110000100011101000001111010101010000010001101111101001110001100111100011
010000011010101110010000011011001110001000110101101110111011010000110010100100111001001110100101
101011110101001111000001000101110101111111010110100110011010110100101111110011000000000110110110
100100000110000100001001111001101001010111101111010111000101110100110011000101000110110101100110
