111110010011011110100001001000011101111100101011000010110110000011100010010010100000001100011100
100101011100101100011011010000110111111100111001101011110100001011101011111101010011101011010101
011100010010001110011010000101011101101000100110001110001110100011010100100100011010111001101100
010111111111100101000111001011010001010100110111101010110000110001110110111011110100101110100100
111111111011011010001110011010110100111111011001010110011001110011001111010000110110000010010001
101110101101101110011101000010101101010101001111001110110011000000000111011111110111111111000010
100101100001011110110000100110111001011101100100001010001110001110010101110011010101001101000001
110001000111000001010011111101000100010110001101000001001110111011010011100000111001000100110000
111000010100110111111111110000011010011110101011000011111001100111000100110011011111000100110001
100101100001111110100001110000111100010001000111010110100001010100100001111110000101111011000111
111001011010001010010011011111101001010101111101000110110110101011000010111010010100101110000110
111010100110010000010000001100110000100111111110010110110011010001001001000101101111100001001101
001101101000110101111100111111000101100011001110010100101100100000001011101100101000000001101111
001001000010011001110011111001010011011001101001001101001011111101011011111100101000010000011111
011111100000101100000101110010000000110000101001000011111011110111001001100110011110001010100100
000010001001100101001011010111111101111011101000011101110000110111111000111110110110111001110011
110011111100111010100000010100010101001010011100110010011100110011001011110101100010000001111010
001000000000101101010110100001111011000111110010100010001111000110000000011010110001101001011111
010111001101000011100100010110000010100110011001001110100000111101101011110000110011101010010100
000000010100100010101011101001010111010100000010010011110111011110101100111000111010100110110100
011000000010000001010001111111011001111110010101001011001001100000111101100100101001100111101000
111110001011001010110110100110000110110110010011110111011000101010111111110101101111111110011100
011100100001011000001111111001000110011011001010010110101101111000011010001101100100110010011100
010000111011000111101111001001100000101110001110111111110110110100110110010011110100000111011001
001101110111001100100001111110000101010111000001000110011111111111111011010111100011011001111101
001101001100110110101001001000010010100101011100011001000100011110101001001000011000110001111011
001111101100000010100111000010101001011010011101110001111010110110001000100100111101011000111011
001100111101101010011011111100111111001001010011110111011101010110100011011010001101011111000110
111011111110101000000110100000100111011110010100000000110101111110101011011101101000011101110100
110001010111000010101100011010001101011111001111110000011000111001011100110001010110001000110010
111000011110000101011111001101011011000111110110101001110111111101110011000100000111010010111011
111111110010010011111010001101011101000000100100011101010011001001101010001010111110001110101101
001000000001111011101111000010111001101011011100100100000101110101110101100101100001001100101011
011101000001110101110110101001110110001010001100011010101100001101001111101101111111110111000010
010000011101011010011111100011101111001110111011000001001100010101011010000110110100101000101111
110101010000000001010111100010011111111001000011010111010101111101010000110000011111000100010100
000011000100111111001001111001111011101000101001100011011011011111111110010001010011101010000001
001111001011010101011110010001101011010010100101001011111010011110010110010010100100110011110011
010011011011101111000101110111011011101001101110001010010101011110101010111010011111110100111011
101111000110101011110010011100010111000010011000011101111010101100111101100111111101010001111011
010111000000001010100110010111100110001010110011001010111000100001110001101001000101111000100001
000011100110110100100100111010001110111110001111111101010100101000100101000011110100110101101100
101110011111111111010100111100001011101110100010110010111111010110101011110111111101010001101011
110100101100010011111110100001011100111011000001100110100000111010100011001011110100110111000101
100100011111000010011111110010111110000100111110001111111001010010100010010011001110110101100000
010101000001100001100011101111010010011100000110001100000110000110001100011000100101100001100100
001011001011100101010011111001010100001110100110111001001111101101100010110010010010001000100110
010000011000111000000001111101101001011110000111110100110000010110000000001111111100110110000101
010101010110100110001011010110010111110110111111001010001101101111101011011010110100111001001110
101100111111111011101001101110101000011001001010111011010011110110101111110000010110011110011110
001010101110011110000111101100111010010110100110010001010111110111011101100111001111001011101000
100100011110001001000010100111110100011011111001111001110000011110101010110111111001010001101100
001111010010110111000011011111000110101000010001001100011110000000101101100101101001010000010000
010010110111111001001000110110011101011010100011000011100001011010011010010001110100001000011001
001011101001011111110111110110010001111101110101000000100010100110100010000110110000000111101001
110100111100100110010111101011010011001011100110011100000100011011100000100101010101010100011001
101000111111001011110011010110100010110101000101010101100111010100001001101011111000001110010100
001001110001011001000000110100100000110011110001101100110000110000011000001000000011000100100110
100111101110011100111011000110011111010110001110110000011011111000111001010100110110100000011011
001001001110101100010100111111000100010010101011010111110101101101111110111111101111001101101000
010001110110110001011011010000101000101101011101010101010010101110010110100001111000000110100101
010110010100010001111111001011011000101111010101010000000011100011100100010100000000011000111000
100101110000011110100011000111110001111100110011011100011010001111100011111001101101001110110000
001101101101001101101100010010110001011000100010001101100000100110100110001000111011101101001110
100100110000100101010001111011010000101000111001011100010101010110110010010011111000101111011111
110000101101101011110011110110000110010000011001011000000101000011000111001001000011011101000101
001001000100010011111001011011001010100101000000101111011010111011100110000011011101010010100101
101111101011011001111000100111000000000011011111011000110010010001111101010100110011111001111011
001000101111101011010111011110001001101001100101101101110010101000011010100111011101101001100011
001100001001010011101011011001100110000110111100100100001000110011010001011100111110011000000111
000011001010001110100010111010010000101111110101110010101101110000001010001001101100000000010101
101110100001000010110001101011011000011111000010101000010011101011110000001000100100110010100001
111001000110111111101100000010000011011000111001101001100110100100111000001011100000000101110010
101001111111011111011101010001011000100110010010001011011001011011010111110100010010100110110011
010100001001001001010000110001110100001011010111011011010100110011110111111000011000100101001110
100100111110101010011001010101111000010010111001111101010011110001110011110001100001010000011110
101000000110101101110110000100100110011010010000101111101101000100010010111100100000000111001111
010001011100101000001111001111101101010110000111010110011111111110101100101101111000000110011100
000001110001010110100010111111110110010110000011110101011000111100111010010001000100110111010111
110100100010001101010110111110111111001100101101011010000000111011011100010110101000100001000000
001011000010010110110111010010011111000110111100010100110110110011001111000111110011111000100010
010101011010001110001101000110100111110110001101010110000001111001001000110010110010010000100101
101110000011011111101011110111111111111111100000010101111001111010000111001001110100101010000110
011011101010110001000001110100110001000110010000100100010000101000100111011101101100001110101101
110011011110011101101010011000011010010010110101000110010001100011101001100011111011101100000010
101010001100101101101001010100011010111110110010001110110111001010010110100010011111111001111000
011100011110000000110100010010000010011110000110101110110111011010110110011100111011110001010111
110111010011111000001000100100011011101101101101011100000100101110100001100000110111111011110101
111011101010110011110110000010000000101001111010000111011011111001101000111110101011000100100100
011110111001000011001010110010101110100100010000010101100010001111000101110100010010000010100110
001100101000010001111111011001100101010100000001111100101100000010010010000010011011110101010111
100101101000001110100111110000100001001011001110000100100111001111100111010011100001010110010010
101001110001011100110000110100010010011100001110100100010011100111010111111000001100001000100000
110000101010101100010000000011110110110111101001110000101110101101000011011110110111011000011111
100011100100001101110001110001011100100001101010100000111110000100010001101100000111100110011010
010100101111000001011110000111001000100100010011111011011101111100010101100101001101010000001010
010100101010011010001000101010100110010111101010101100100100010100010100011000100000101010101100
000110110101111000110010111111001001001110010101001011111100010010010010000001110001011110111010
001000100110011011101011110001100101101000101010110011100100100000101010011000000011010110101111
010110000001000011010100100001000010000111001101110110100011010110100000001001110101110000110101
