011110111000000101001110110000100111110111001010101100111000010100110001000011001011101011100100
111010010011110001110110001110101001110000111110000000100010010001000010001000000110010101100111
000000110001011001010011110011010010011111001011011101001001110001111100011000011000100010001011
001000011100000011100011110111100100010100001011111110000110110011100110101001111100010101101110
011111011010010001101101100010100000111100100011000001101001001011110101011000110000010011001010
100100100000010001011011101000011100001010110110110110011011001100000011110111010111100000000111
111101011110010010011010010011100101011110001000000000111001000011101111011001101001010010101110
000010010011111000101100101010001110111111011001100110001111001000001010100001111011100100010111
101110000010110101100111111000111110000101100100001001101111011001010001011101000111001111011000
011111010010101100111001000001011111110101010110000001111001000001000100111101011110010111010011
011000000101000011110000000110111010111100000010101110100011000110011000111110110110010111000011
010010111111000011101001110101000001001111100111001101110100001001000010011110100101010111111110
100111101100011000010001010010111000111110111010011100110101111010011111001001011111001110000100
111000111100011000101001000111100001000001000100111100111001111010111111100101100000101111100110
001011111110000101011001110110010000010111111101011011010010010100100110001110011111010011010000
001100001010101100101000010011000010001010100010100011010010111000001010101011100100110010001010
010000010011010100100101001000110101101101000000010111010100111000010000101000000110001011011111
010011011101001010110101100001111111111100010111011101011111110100101011001000000100101010100101
111110111111111000101111010001110000111000011111000110001110101011011011100011010101011111111100
100101110010001010010011100111010001101011111000001101100001010010100100101011011000100000000000
001000100100011011101001011011010110010101011001011011011001101000011011111011111110000101111101
001111011000110110011100101110111100001101110001010111001101101010001101111010000011011010001110
111111000111100001110101010010000011110101110100110011110001010100000001111111001010010111000010
001001001111110110010010001000110100110001101111100110110100100110100010100011101011000001011001
101001111110000100101010010111011100010001110111011111101011010000000110010011101010100111100111
100111111001101110100110100111001101101101110011010101101010011000111001110001110101100001111011
000100111000100000100101000010001101011110001011000001011101110100011110110001001110100011110101
101001110110010010111100000111101100110100110000001011011110111000100010010111001001100101001011
001111000001101011111100101111101101110100001011111011110001010111001000011000000011100000011101
100001011001010100011000001010010111100010100101100010010000011000110001110010111100111100110011
111011010011011101010111011000010110010110010011111010010100111001011000111100010011111100000000
101100110110000101011011110100011010001000101101111111111111010001110011111001111100001101001110
100011001001100010001110011111000010011110011100010011000110010001100110001010001111010000011111
101101101101111110011111011111001100000110110111101001000001000100110000110110000110000011101111
000111101100101110011100100100000010100010001111000001111011010111111000110010100101001100000100
100110010111110111011100011011000001110101010010101011010110111000100001000101001111011110100100
001010000101011010100100111010001010100110010111000100001010011011111101011101011111100110011100
110111011001010011111001010110000010011101011011110000100101010001000111001001101111000000000001
010001001101100010101001011000001001010101001010110111011001011100011100000100111101011101011000
001101111001100001001111000111010100101000001101100111110111011010011000000000011111000111111001
111101111001110100011000000100101001100111001011100110000111000001101110011111100001001110101110
101011110110111000100000001011001001000100100010000010000000101000101010000000100010010011010000
010110101000000110111000010101100101001101110101110010111101000110010110111111111110010001101001
110011100100011001010010001110100100101101001110101101100101010101111101011110011011000110011011
111000111101001011110000110111100010111110101000110100011001100010110000010101100110101100100001
111011111110111010100001000101101101011111110000101001011110100001010010011010011001000001110010
000010001001100011111111000100111010001011100101111001011010101100111001110101001001000100100100
000000000001111101101010010001100110110111111110011101110011000110101001011100100001000110010111
110100011111000001100000111011111111101100000111001110001011111111110110010011011100010111101110
000000111100101001000000100011000100101001001100000000011101110000010010101110110011110110000010
000011111111000000100101100101111011100110010100111011100110101110000111111011101111100100011010
110000001110010110110001000001000100001000110000010111100011011000100011110011011000011000100011
000110010001010100000010011100010010001000110111110011001010101011001010110110100100100010000000
100101000011001100010110010100101111001101001011011011101111101111011010111000110111011011111101
001010001110101011010101110010011011011111101001110110011001110010110010111000101010101010111000
010100100100111100000010101110010101111110110010010110000111101101111101011000110111111101011101
101110111000011011000011111011001010000111111010011010000000011101100110111100010111101011100101
100100110000001111011110111110011000111001110101101101110001100000000110111101000101100010010110
011100000001001111000110000010110010001100100001111101001010001100101101101111110111110011100110
011111101001001000111110010101111110000111111100111001100110000111110001001111000100001111010001
011010101001000111011111110110101110011001001000101010000110010100101110011101100000001010000000
111011011100010000000001100010101001011001110000001111011000111010010011001101110011101100000100
001101100101100100001000011001111101110000110110001100000010011110010100011100001001110100000111
101001010000010100001011111111001010000000010100010000100001101110000001011110000010000111111001
000100100110001101000010111111010111100010001000110100000001010000111111010110101010110100001111
001010111101100011001101111100101001001100001010001001000010111110100101011010101111010100001100
111011101111101110011010100001111011011010001001000001001011011000001110101011001000000111001101
011010111111010111110001010101100111111110010101100110011001010111101000110000010110010010011111
111111110111001111101001010010001111110011000000010110010010100011011110001100000000111111110001
010000011001110000001011001001010101000111011000111111110110011001001010000001001010101010111000
110001111000111010110011101110011010000100101010000110110101111100111010101001011100101000010000
010111000000001110000000010110110110000111000000100111010101110100001010011101110000000111111011
001111100101001001101100000100011010101111111100010101111000010010110111010100011001010100010110
001001000000011010110001000010001110111100100100000000011101110000111110010000100100111111101001
000101111100111100001011100001001000011000110001111101111100101001001100111111100001111100110010
111110111111001110110100111101111100110101110000000011101011110100000110001101010101101010111001
001110111010110110110110110110100110111101000101100110100010110010011101100010111110100001110111
100101111000111100101000010000100111101000011001010111111110011010001001011001100100001110010100
000100001000010001111011011100100010111100100010001100000100100100111111001110000010001111100010
100001011101000000100001111010001000101110101011010110011100100111010011010001001100100011011000
011000001000010110110000100001111110111110000100100000110100111010010100110110100101111000000101
101010111010000000000010100011101100101001000010100011110001010001100101100010101011011101111000
111111001111101010100000101000001101101010101001110110001111001000111000101110010110110110011110
101100100110011000110101110011101010100010110101010111101101011111100100110011100010011000011011
000110100010101101100111011011011010000001000000110011011011100001000101001100111000010110001010
011000011000000011100001100001110001101110100101010100011110100011111110001110000100000101111100
000011111010111001001110110001000000101010101110111001011100111101100110110000110000001101101000
011011000100011101000001100111110100000101111110010110010100011101111011001101111100101100010111
011011001101010110010011111111011111101010110111100000001011101010000100000010000010010111111001
011011000000010011001101000011010000100011110111011111101011000101111101100101011110100110000110
110001000010001001111100101011101110001010010000011001011110001101010100110111100001001111111000
011011001101001100000010110001011111011110001011001110011000101111110011010011100101110011000011
011111001000111101110001011010010101011111101101011110001101000001011001010100100101010011001101
011000011000100001010011100010111111011011101111111001001101101000100101001100101100101110101011
000000101100010110011101111110110000111001001000011011111000010100100011000011111001000001010111
011100100100011000000101111000011000010101011001110010011100011110100100001110001110011000000011
111111000100110100001101010101100101110001001011100001011111111011101101010101110001111010111010
110100100111111000001101100101101000100110101010011011000011111000000110101011010001110110010010
010110110100011000011111110111011101010010101101111100101000111101000101010100000011001011010000
101101010000010111010000100101010111000101011001001010110001000011001010001010111110111010110110
