000000000000000000000000000000000000000000000000000000000000011011010110101001101010011000000101
000000000000000000000000000000000000000000000000000000000000010111001010010100001111101011110011
000000000000000000000000000000000000000000000000000000000000111011011111101000000101011100101000
000000000000000000000000000000000000000000000000000000000000111110111011000001110111110011100110
000000000000000000000000000000000000000000000000000000000000001000001101100101001001001001111110
000000000000000000000000000000000000000000000000000000000000100000000101110100011100101010111001
000000000000000000000000000000000000000000000000000000000000101010000111000000110111010110110001
000000000000000000000000000000000000000000000000000000000000101100011111101100010010110110001101
000000000000000000000000000000000000000000000000000000000000100100100000000011100110001011101000
000000000000000000000000000000000000000000000000000000000000000110111110111010011100111110010010
000000000000000000000000000000000000000000000000000000000000011001111001111101111010011011101011
000000000000000000000000000000000000000000000000000000000000011110011110000011111110010000000100
000000000000000000000000000000000000000000000000000000000000111111111000100111100110000110001110
000000000000000000000000000000000000000000000000000000000000011011011100101100011001000111110000
000000000000000000000000000000000000000000000000000000000000100001001010100000011111111010100011
000000000000000000000000000000000000000000000000000000000000001111000101110011001110110000011001
000000000000000000000000000000000000000000000000000000000000101010111111000010011011110111101000
000000000000000000000000000000000000000000000000000000000000101000111100010001010101000000000110
000000000000000000000000000000000000000000000000000000000000000011001000110111010101111100101000
000000000000000000000000000000000000000000000000000000000000111010110011001011111010101110000010
000000000000000000000000000000000000000000000000000000000000011100000111010010011110000000100011
000000000000000000000000000000000000000000000000000000000000011010100000010001100011001010011110
000000000000000000000000000000000000000000000000000000000000110110001000011011011111011011000011
000000000000000000000000000000000000000000000000000000000000100101010111101111111010001000110010
000000000000000000000000000000000000000000000000000000000000110111000001011000000111001010110011
000000000000000000000000000000000000000000000000000000000000110000101010011011011110101001000101
000000000000000000000000000000000000000000000000000000000000111110101001111011111110001000010011
000000000000000000000000000000000000000000000000000000000000101101101001000111100011000010101110
000000000000000000000000000000000000000000000000000000000000100100111000111100101111110011100101
000000000000000000000000000000000000000000000000000000000000101010110001101100100101010000101101
000000000000000000000000000000000000000000000000000000000000000001101011001000110001101011010110
000000000000000000000000000000000000000000000000000000000000001010011001100101011101101001110001
000000000000000000000000000000000000000000000000000000000000000101010011011100001011010001010001
000000000000000000000000000000000000000000000000000000000000101111101101001010110000110000100100
000000000000000000000000000000000000000000000000000000000000011001110000011011000010101001011110
000000000000000000000000000000000000000000000000000000000000011101110000110100100010101100110000
000000000000000000000000000000000000000000000000000000000000110101000011101010101111010010001110
000000000000000000000000000000000000000000000000000000000000011011110001111001101100110010110001
000000000000000000000000000000000000000000000000000000000000010001110100101010010111100111000000
000000000000000000000000000000000000000000000000000000000000110110001110100100000101101000010100
000000000000000000000000000000000000000000000000000000000000001000011101010011010000001010001111
000000000000000000000000000000000000000000000000000000000000110110110011110010110100100001110000
000000000000000000000000000000000000000000000000000000000000001011001110000011010100000011111101
000000000000000000000000000000000000000000000000000000000000101010000001100110101111111110010000
000000000000000000000000000000000000000000000000000000000000110111001111000001110010101110011000
000000000000000000000000000000000000000000000000000000000000111100100110001110111111011000000000
000000000000000000000000000000000000000000000000000000000000001110000011011010101000000001101001
000000000000000000000000000000000000000000000000000000000000010001001000011101100111000001110110
000000000000000000000000000000000000000000000000000000000000010100010110011001010011001100000100
000000000000000000000000000000000000000000000000000000000000110001010101001001100100001100000100
000000000000000000000000000000000000000000000000000000000000001100000100000000100101110000011100
000000000000000000000000000000000000000000000000000000000000111010001010100001011101110010001001
000000000000000000000000000000000000000000000000000000000000101110111101111100011100000110110110
000000000000000000000000000000000000000000000000000000000000101001111000001011001100011010000000
000000000000000000000000000000000000000000000000000000000000110001110000000101101010110111010110
000000000000000000000000000000000000000000000000000000000000001111001000000110100110101100101001
000000000000000000000000000000000000000000000000000000000000101110000111100010110010001110100010
000000000000000000000000000000000000000000000000000000000000000111011010111000000101000111111010
000000000000000000000000000000000000000000000000000000000000101101110110100010000011100001000010
000000000000000000000000000000000000000000000000000000000000001100001010010011110010111000111110
000000000000000000000000000000000000000000000000000000000000011001111110101000110010101111100101
000000000000000000000000000000000000000000000000000000000000000100000110100001010100101111000110
000000000000000000000000000000000000000000000000000000000000101100001110100110000001101001111010
000000000000000000000000000000000000000000000000000000000000000101100111101100111011111000010010
000000000000000000000000000000000000000000000000000000000000001100101101100101111001111100100110
000000000000000000000000000000000000000000000000000000000000100001101110111011101011010100011001
000000000000000000000000000000000000000000000000000000000000100101100011110111001111001011100000
000000000000000000000000000000000000000000000000000000000000111101000011011101001010011101011100
000000000000000000000000000000000000000000000000000000000000001010010101011100101111111110111000
000000000000000000000000000000000000000000000000000000000000101110001101111000000110110111110100
000000000000000000000000000000000000000000000000000000000000010100000010101000000111111110111101
000000000000000000000000000000000000000000000000000000000000111010101111101101000001110100100000
000000000000000000000000000000000000000000000000000000000000101011001101101111110110110110100110
000000000000000000000000000000000000000000000000000000000000100000101010100011001100011010010111
000000000000000000000000000000000000000000000000000000000000100001010101011011001010001010001110
000000000000000000000000000000000000000000000000000000000000001010010111011111100110000001001000
000000000000000000000000000000000000000000000000000000000000011111111101111101001110100001000000
000000000000000000000000000000000000000000000000000000000000011100011010111000110100001110110111
000000000000000000000000000000000000000000000000000000000000001011111001000110010100111011000101
000000000000000000000000000000000000000000000000000000000000000101111000001101010101101011001001
000000000000000000000000000000000000000000000000000000000000000110111001010001101101011010110110
000000000000000000000000000000000000000000000000000000000000111111001000000010111110000000111110
000000000000000000000000000000000000000000000000000000000000000011011100011111101111101010110001
000000000000000000000000000000000000000000000000000000000000000000111110010001111011100110111000
000000000000000000000000000000000000000000000000000000000000000110010110100100111101011111000101
000000000000000000000000000000000000000000000000000000000000010101001001110000101111001100011011
000000000000000000000000000000000000000000000000000000000000110000101001010000101001010000111101
000000000000000000000000000000000000000000000000000000000000101011100110100111111010101011111011
000000000000000000000000000000000000000000000000000000000000000011011010100000111001111001110101
000000000000000000000000000000000000000000000000000000000000101101111011110000000011100010000001
000000000000000000000000000000000000000000000000000000000000010111010001101011110010001110110111
000000000000000000000000000000000000000000000000000000000000111001010101011001101010000111001001
000000000000000000000000000000000000000000000000000000000000100110111111110011011110001111110000
000000000000000000000000000000000000000000000000000000000000111111101110100000010110110001100101
000000000000000000000000000000000000000000000000000000000000000010101011111001011000010100101011
000000000000000000000000000000000000000000000000000000000000011000110100011001101010011010110010
000000000000000000000000000000000000000000000000000000000000001010101110011011011010111010101010
000000000000000000000000000000000000000000000000000000000000111011111001101110010101110100010111
000000000000000000000000000000000000000000000000000000000000111111111100000000000010011101000111
000000000000000000000000000000000000000000000000000000000000101111011100010010010010011000001110
000000000000000000000000000000000000000000000000000000000000111111110011111011101101011000011001
000000000000000000000000000000000000000000000000000000000000110010111000100010011101010110110100
000000000000000000000000000000000000000000000000000000000000000000110100000001101001010111000100
000000000000000000000000000000000000000000000000000000000000111100101110010001000001110011100000
000000000000000000000000000000000000000000000000000000000000101100111011000010001101110001101100
000000000000000000000000000000000000000000000000000000000000100010101101111000010111011101000110
000000000000000000000000000000000000000000000000000000000000110100101101011011100111011101011110
000000000000000000000000000000000000000000000000000000000000111110010111001011010010010001001011
000000000000000000000000000000000000000000000000000000000000111101101011101001110010100110110010
000000000000000000000000000000000000000000000000000000000000010010101001011111010010111110110100
000000000000000000000000000000000000000000000000000000000000111111100000011100011100110110001000
000000000000000000000000000000000000000000000000000000000000101011101110100100011111000010010001
000000000000000000000000000000000000000000000000000000000000100000101000101101110110110111101000
000000000000000000000000000000000000000000000000000000000000111011010101010000101101111010001111
000000000000000000000000000000000000000000000000000000000000111110001010100001001000000000110011
000000000000000000000000000000000000000000000000000000000000010111011000101100011011111100000111
000000000000000000000000000000000000000000000000000000000000100110101001011000011111001111011001
000000000000000000000000000000000000000000000000000000000000001101101100110111101001010011101110
000000000000000000000000000000000000000000000000000000000000100101111001101001011000110111111001
000000000000000000000000000000000000000000000000000000000000111101100000111011001001100110001001
000000000000000000000000000000000000000000000000000000000000110101101001000100101100101111111010
000000000000000000000000000000000000000000000000000000000000101100011010111101110011100001010011
000000000000000000000000000000000000000000000000000000000000011111100000000100111110000101011000
000000000000000000000000000000000000000000000000000000000000100111101011011010101011000010001111
000000000000000000000000000000000000000000000000000000000000010110111101101100010001010101101001
000000000000000000000000000000000000000000000000000000000000101100100100011110010001110110000111
000000000000000000000000000000000000000000000000000000000000010110001110010001100101100011000100
000000000000000000000000000000000000000000000000000000000000001101011110110001100011011011111000
000000000000000000000000000000000000000000000000000000000000110100011111101111100100011100101011
000000000000000000000000000000000000000000000000000000000000101100011111111110100000110001110011
000000000000000000000000000000000000000000000000000000000000001110011110000000000000010100011011
000000000000000000000000000000000000000000000000000000000000101000110101111001100011110000101111
000000000000000000000000000000000000000000000000000000000000110101010101111101100101101010110011
000000000000000000000000000000000000000000000000000000000000111001110100111100101010001000000010
000000000000000000000000000000000000000000000000000000000000100000010101110011010001000000100000
000000000000000000000000000000000000000000000000000000000000100011111010000111110101101010010100
000000000000000000000000000000000000000000000000000000000000111001010001101100010011100000100011
000000000000000000000000000000000000000000000000000000000000100111001000101110001111110010111010
000000000000000000000000000000000000000000000000000000000000010010000111101101010000000100000011
000000000000000000000000000000000000000000000000000000000000011111011110000010100001000000110111
000000000000000000000000000000000000000000000000000000000000110001011110010111010110101110110100
000000000000000000000000000000000000000000000000000000000000010001011010110001100001110110111011
000000000000000000000000000000000000000000000000000000000000001111010100001000010100110010110110
000000000000000000000000000000000000000000000000000000000000111011010100111100110111100000000100
000000000000000000000000000000000000000000000000000000000000001000001111000011011000110111101111
000000000000000000000000000000000000000000000000000000000000001000111000101011101110010001101001
000000000000000000000000000000000000000000000000000000000000111101011110111100001110100001001010
000000000000000000000000000000000000000000000000000000000000110010101010010100011100010011101000
000000000000000000000000000000000000000000000000000000000000101111011000011000100000000000101011
000000000000000000000000000000000000000000000000000000000000100110111110010011111110101110010111
000000000000000000000000000000000000000000000000000000000000000000100001001100011110101000101011
000000000000000000000000000000000000000000000000000000000000110000011100010001010000111111011100
000000000000000000000000000000000000000000000000000000000000111111100011001101100001101010000000
000000000000000000000000000000000000000000000000000000000000011111101101111000100100100101000001
000000000000000000000000000000000000000000000000000000000000111100000100101001010101011000100110
000000000000000000000000000000000000000000000000000000000000011100101111001110111110010111000111
000000000000000000000000000000000000000000000000000000000000000100000000010000011000100111101100
000000000000000000000000000000000000000000000000000000000000101101011100001110000000100001010101
000000000000000000000000000000000000000000000000000000000000011101011010011101111010101111100011
000000000000000000000000000000000000000000000000000000000000100001101010000111111111101111111010
000000000000000000000000000000000000000000000000000000000000110110001111001001010011000101011010
000000000000000000000000000000000000000000000000000000000000010101000011010000000100011111101001
000000000000000000000000000000000000000000000000000000000000011100010101010010001100101101000100
000000000000000000000000000000000000000000000000000000000000110111001011111101110011100010011101
000000000000000000000000000000000000000000000000000000000000011001110011010001110111011101011001
000000000000000000000000000000000000000000000000000000000000011001111101101011011111000110000000
000000000000000000000000000000000000000000000000000000000000010001010111011000111010100010101110
000000000000000000000000000000000000000000000000000000000000101001101110001001100011010111101000
000000000000000000000000000000000000000000000000000000000000101111011000111011001100110000001111
000000000000000000000000000000000000000000000000000000000000110010001010110011001000100001000000
000000000000000000000000000000000000000000000000000000000000011000101001000000001000110010111011
000000000000000000000000000000000000000000000000000000000000101011100010001010011111011001100100
000000000000000000000000000000000000000000000000000000000000010110110111101111010011000010101101
000000000000000000000000000000000000000000000000000000000000100011001110011110001111000001010100
000000000000000000000000000000000000000000000000000000000000001011110111111111100101011011111001
000000000000000000000000000000000000000000000000000000000000011100111100100101011110110101101111
000000000000000000000000000000000000000000000000000000000000000000011011101110101110010110111011
000000000000000000000000000000000000000000000000000000000000011101110001001011110100110100010011
000000000000000000000000000000000000000000000000000000000000001111100100001100110011110111001110
000000000000000000000000000000000000000000000000000000000000000001001001101001111011011011000110
000000000000000000000000000000000000000000000000000000000000000110100101010101100011011111001111
000000000000000000000000000000000000000000000000000000000000100010001101000111011001010111101101
000000000000000000000000000000000000000000000000000000000000000001010111000000100000001011000100
000000000000000000000000000000000000000000000000000000000000110110001100100010001100010001110001
000000000000000000000000000000000000000000000000000000000000001010010010111010010110101000011101
000000000000000000000000000000000000000000000000000000000000001000111100011010111000110100011111
000000000000000000000000000000000000000000000000000000000000100011111110100100001001111011101110
000000000000000000000000000000000000000000000000000000000000101111100101111100001100001010110011
000000000000000000000000000000000000000000000000000000000000101011010001001011101101100100100011
000000000000000000000000000000000000000000000000000000000000001001110001010011000111001000111110
000000000000000000000000000000000000000000000000000000000000100111010111011100001100010101000100
000000000000000000000000000000000000000000000000000000000000011100000001001010001101010000100000
000000000000000000000000000000000000000000000000000000000000110001111000000101010000100001001100
000000000000000000000000000000000000000000000000000000000000110101001110100000101011101010011001
000000000000000000000000000000000000000000000000000000000000110100111101001100101001000001011000
000000000000000000000000000000000000000000000000000000000000110100110001001110110111000001100100
000000000000000000000000000000000000000000000000000000000000010010110010110000000000101011110001
000000000000000000000000000000000000000000000000000000000000100010100101111011000111010111101010
000000000000000000000000000000000000000000000000000000000000000101010000100001010011000110101111
000000000000000000000000000000000000000000000000000000000000101001001110010010101101010001011010
000000000000000000000000000000000000000000000000000000000000011111001110100010000000111001101110
000000000000000000000000000000000000000000000000000000000000000001011000100010110011101101001110
000000000000000000000000000000000000000000000000000000000000000001101001111101110100010001110110
000000000000000000000000000000000000000000000000000000000000100111100111010101011100111000000000
000000000000000000000000000000000000000000000000000000000000011000110011001110010000000101010010
000000000000000000000000000000000000000000000000000000000000110100000010001110000001010101011000
000000000000000000000000000000000000000000000000000000000000100100110010111010010110000110100100
000000000000000000000000000000000000000000000000000000000000110011000111101111010100111000001001
000000000000000000000000000000000000000000000000000000000000010111100100101000100011001010001111
000000000000000000000000000000000000000000000000000000000000001111110110001001110100101010010011
000000000000000000000000000000000000000000000000000000000000110011010110000110000001100111010000
000000000000000000000000000000000000000000000000000000000000000001111010100001100100001100011001
000000000000000000000000000000000000000000000000000000000000111111101010010000001010000000001011
000000000000000000000000000000000000000000000000000000000000001011000011111011001100101100001100
000000000000000000000000000000000000000000000000000000000000100011010100000100001000110100011111
000000000000000000000000000000000000000000000000000000000000000001100000111010111001001111000110
000000000000000000000000000000000000000000000000000000000000010110111100011110000111111101010111
000000000000000000000000000000000000000000000000000000000000111100110110000001000010011001101011
000000000000000000000000000000000000000000000000000000000000001110001110011111001101011001101000
000000000000000000000000000000000000000000000000000000000000100100100110000100001100100111101101
000000000000000000000000000000000000000000000000000000000000011110111110101101001110011111111101
000000000000000000000000000000000000000000000000000000000000101100001110101100111000011101101110
000000000000000000000000000000000000000000000000000000000000000010001110010011101111001111100000
000000000000000000000000000000000000000000000000000000000000001110010001000011111111010100010011
000000000000000000000000000000000000000000000000000000000000010111001101111000100111000101001010
000000000000000000000000000000000000000000000000000000000000101010110101100000101011011011011100
000000000000000000000000000000000000000000000000000000000000111100101010010000011110111101110110
000000000000000000000000000000000000000000000000000000000000001110000001000110001100100010011110
000000000000000000000000000000000000000000000000000000000000110000100010011111001111000111101110
000000000000000000000000000000000000000000000000000000000000111001110111111110001101100110100110
000000000000000000000000000000000000000000000000000000000000011100111111011010110010111011000011
000000000000000000000000000000000000000000000000000000000000010011110100111111000010001000010100
000000000000000000000000000000000000000000000000000000000000110110110010000100100100111001110100
000000000000000000000000000000000000000000000000000000000000011111110011000100100000000110011010
000000000000000000000000000000000000000000000000000000000000000101011111001000011011101011100010
000000000000000000000000000000000000000000000000000000000000111110011101100001110011011011100001
000000000000000000000000000000000000000000000000000000000000000110101011000001000111100100111100
000000000000000000000000000000000000000000000000000000000000001000001001111101000011101010100000
000000000000000000000000000000000000000000000000000000000000010111011001100110111001011110111110
000000000000000000000000000000000000000000000000000000000000001111111011000010101010101110000111
000000000000000000000000000000000000000000000000000000000000110110110001000000000001101001001001
000000000000000000000000000000000000000000000000000000000000011010101011111000111001000100111110
000000000000000000000000000000000000000000000000000000000000101000111100000110111000001101110111
000000000000000000000000000000000000000000000000000000000000000010001101000110111001110100111111
000000000000000000000000000000000000000000000000000000000000101011101100000101001101100101011011
000000000000000000000000000000000000000000000000000000000000110101110000010100100000100101101100
000000000000000000000000000000000000000000000000000000000000110100101000110011010001010110010110
000000000000000000000000000000000000000000000000000000000000010111011101011011111010000000101000
000000000000000000000000000000000000000000000000000000000000101100010100011111111101010000100111
000000000000000000000000000000000000000000000000000000000000100101100000100101010001100000000110
000000000000000000000000000000000000000000000000000000000000111010101101011001011000011100000101
000000000000000000000000000000000000000000000000000000000000011000001100010110011110100001101111
000000000000000000000000000000000000000000000000000000000000011001000000000001011000100100111010
000000000000000000000000000000000000000000000000000000000000011101001010000110111011100101011010
000000000000000000000000000000000000000000000000000000000000100000100000100110100010000010000101
000000000000000000000000000000000000000000000000000000000000100000000011111100101001101010010000
000000000000000000000000000000000000000000000000000000000000011000101101000000101110000011001110
000000000000000000000000000000000000000000000000000000000000100110001101010011001101010100111001
000000000000000000000000000000000000000000000000000000000000100101100011011101010111011001111110
000000000000000000000000000000000000000000000000000000000000111000110110101000110010101001101000
000000000000000000000000000000000000000000000000000000000000110011110001001000000000110100011110
000000000000000000000000000000000000000000000000000000000000100010010101110101100111111100110001
000000000000000000000000000000000000000000000000000000000000010001110010110011100000100010000011
000000000000000000000000000000000000000000000000000000000000011100100000000100110100011001100100
000000000000000000000000000000000000000000000000000000000000111111111101010001110111110011000011
000000000000000000000000000000000000000000000000000000000000100111111100001011111100110001001011
000000000000000000000000000000000000000000000000000000000000011101111011110100000100010010001101
000000000000000000000000000000000000000000000000000000000000010111010110011001110101001110000111
000000000000000000000000000000000000000000000000000000000000000001010000101111010100101100001111
000000000000000000000000000000000000000000000000000000000000110100101110011011011001100011010100
000000000000000000000000000000000000000000000000000000000000010110000000010001110100011100100010
000000000000000000000000000000000000000000000000000000000000110010011010010100101011101101001100
000000000000000000000000000000000000000000000000000000000000101011001100111001011010010110111101
000000000000000000000000000000000000000000000000000000000000001001001011010001010000101111001111
000000000000000000000000000000000000000000000000000000000000011001011000010000010110100000100101
000000000000000000000000000000000000000000000000000000000000111101111001001110010101110101101001
000000000000000000000000000000000000000000000000000000000000110110011010000110011111101000101101
000000000000000000000000000000000000000000000000000000000000000100011001010110011001011101010100
000000000000000000000000000000000000000000000000000000000000000000011101100100100110100011000111
000000000000000000000000000000000000000000000000000000000000110111100101000001101011100110010011
000000000000000000000000000000000000000000000000000000000000111010100110001101100110101110111111
000000000000000000000000000000000000000000000000000000000000101110100011111100011101010000100111
000000000000000000000000000000000000000000000000000000000000111111110010010100011111011111010101
000000000000000000000000000000000000000000000000000000000000110100010101010111111110101111101000
000000000000000000000000000000000000000000000000000000000000001001111100011110001010000110000011
000000000000000000000000000000000000000000000000000000000000010000100000110001110000011111111001
000000000000000000000000000000000000000000000000000000000000000001011101011010110110110111100000
000000000000000000000000000000000000000000000000000000000000001001001000011101110100010100001001
000000000000000000000000000000000000000000000000000000000000011011111111011000001001100101100110
000000000000000000000000000000000000000000000000000000000000110100011111100110101111011110011100
000000000000000000000000000000000000000000000000000000000000101011100011000110110111100110110000
000000000000000000000000000000000000000000000000000000000000110110110111001011010001101111101010
000000000000000000000000000000000000000000000000000000000000010000111110110101110101100110100010
000000000000000000000000000000000000000000000000000000000000101101100001000001101010011101011010
000000000000000000000000000000000000000000000000000000000000100101100111000000110100011010010000
000000000000000000000000000000000000000000000000000000000000010010100001011011000101011111000000
000000000000000000000000000000000000000000000000000000000000011011110100111100111110111001111110
000000000000000000000000000000000000000000000000000000000000100100010101100000110001011011001100
000000000000000000000000000000000000000000000000000000000000001010110100100111001101101011001011
000000000000000000000000000000000000000000000000000000000000000011100111110110000111111011011001
000000000000000000000000000000000000000000000000000000000000101100111001000111010110110001101111
000000000000000000000000000000000000000000000000000000000000001011001111011111001111011101101100
000000000000000000000000000000000000000000000000000000000000100001011000100111010100111101001111
000000000000000000000000000000000000000000000000000000000000001000111001101101000010110010001001
000000000000000000000000000000000000000000000000000000000000000011110011101101000111110000101011
000000000000000000000000000000000000000000000000000000000000001000000110011111010001100101110011
000000000000000000000000000000000000000000000000000000000000111111000110111000100110010100000111
000000000000000000000000000000000000000000000000000000000000011100110110010100111101100110100010
000000000000000000000000000000000000000000000000000000000000100111101101111010101111110000111101
000000000000000000000000000000000000000000000000000000000000100011011011111010000001110111110101
000000000000000000000000000000000000000000000000000000000000111001110011110001100000000010101101
000000000000000000000000000000000000000000000000000000000000001111001011111001110111010111001101
000000000000000000000000000000000000000000000000000000000000101100100100110101111111101001101101
000000000000000000000000000000000000000000000000000000000000011010000100010101011111100100111010
000000000000000000000000000000000000000000000000000000000000111000000010000101100100000101110110
000000000000000000000000000000000000000000000000000000000000111101100000010111101000011110001011
000000000000000000000000000000000000000000000000000000000000010110101001101100111011101000111010
000000000000000000000000000000000000000000000000000000000000101001111011001110110010111110001100
000000000000000000000000000000000000000000000000000000000000111110000101001101001011011011010011
000000000000000000000000000000000000000000000000000000000000001000010111000010111110011010011110
000000000000000000000000000000000000000000000000000000000000110110011110101101000101011011111101
000000000000000000000000000000000000000000000000000000000000000000100111000011001001101110110000
000000000000000000000000000000000000000000000000000000000000101010010010011100110001010100110110
000000000000000000000000000000000000000000000000000000000000111111000100010011110110100101010011
000000000000000000000000000000000000000000000000000000000000011111000011001100101111010100010111
000000000000000000000000000000000000000000000000000000000000001101110000011110100101100110101111
000000000000000000000000000000000000000000000000000000000000010000100011010011101101110011001000
000000000000000000000000000000000000000000000000000000000000110110001101010000000111101011001010
000000000000000000000000000000000000000000000000000000000000000110001100111100101000111011001110
000000000000000000000000000000000000000000000000000000000000001001000010110101100011110011001011
000000000000000000000000000000000000000000000000000000000000101110001110101111011011111000011111
000000000000000000000000000000000000000000000000000000000000011010101001001011010011100111111100
000000000000000000000000000000000000000000000000000000000000100011101010011110011000110011000101
000000000000000000000000000000000000000000000000000000000000101111100110011011101010101101011101
000000000000000000000000000000000000000000000000000000000000100101101110110010001000101100001111
000000000000000000000000000000000000000000000000000000000000000100011001010101001011100010000111
000000000000000000000000000000000000000000000000000000000000111111001011100011000010100011100011
000000000000000000000000000000000000000000000000000000000000110110010001101110101000000110000010
000000000000000000000000000000000000000000000000000000000000000111010110110110101100001001010100
000000000000000000000000000000000000000000000000000000000000010000111110111001000111000001010110
000000000000000000000000000000000000000000000000000000000000100101001010001110111011011001000001
000000000000000000000000000000000000000000000000000000000000010111111011000011010101010001110111
000000000000000000000000000000000000000000000000000000000000110001101110001100010001111010000101
000000000000000000000000000000000000000000000000000000000000111010111111100010111101010111011110
000000000000000000000000000000000000000000000000000000000000010001101010010110010111110101001110
000000000000000000000000000000000000000000000000000000000000111011011100010101000000011110100000
000000000000000000000000000000000000000000000000000000000000110110000001101000001110011010110011
000000000000000000000000000000000000000000000000000000000000011000101111000011000100001100000101
000000000000000000000000000000000000000000000000000000000000010101010100011011001010011100110010
000000000000000000000000000000000000000000000000000000000000000111111101000101101010010000010010
000000000000000000000000000000000000000000000000000000000000010011011010011110010101100100101101
000000000000000000000000000000000000000000000000000000000000010100111100100111101000010110011101
000000000000000000000000000000000000000000000000000000000000110101110010001111100101101100111010
000000000000000000000000000000000000000000000000000000000000011011100111100111011011100000010010
000000000000000000000000000000000000000000000000000000000000110011101001000001110101010101011101
000000000000000000000000000000000000000000000000000000000000011110110001110110001011001000010010
000000000000000000000000000000000000000000000000000000000000000100010011100001101111111010101011
000000000000000000000000000000000000000000000000000000000000100101110111010010010001010110101000
000000000000000000000000000000000000000000000000000000000000001101110011111110000101010010100011
000000000000000000000000000000000000000000000000000000000000010011010011111100000101110110100010
000000000000000000000000000000000000000000000000000000000000010001111100100101100000100111101011
000000000000000000000000000000000000000000000000000000000000011101101000010111101101110111111101
000000000000000000000000000000000000000000000000000000000000010110100000000001101010011100001110
000000000000000000000000000000000000000000000000000000000000100001011000110110101111010011101101
000000000000000000000000000000000000000000000000000000000000101110001110101000011000000101101111
000000000000000000000000000000000000000000000000000000000000101111111011000110100011011011101010
000000000000000000000000000000000000000000000000000000000000000111010101010101101101101001001000
000000000000000000000000000000000000000000000000000000000000111010100100001110111100011001101000
000000000000000000000000000000000000000000000000000000000000010110010011110101010001011000001101
000000000000000000000000000000000000000000000000000000000000011111111101001100110110000000110001
000000000000000000000000000000000000000000000000000000000000001000011111000111011000010110011110
000000000000000000000000000000000000000000000000000000000000100000101001100001101101010101110010
000000000000000000000000000000000000000000000000000000000000100100101101000110110110001110011110
000000000000000000000000000000000000000000000000000000000000001010111101000101111101011010100001
000000000000000000000000000000000000000000000000000000000000100101100001100000111010010010100100
000000000000000000000000000000000000000000000000000000000000011011101111111111001000000011111100
000000000000000000000000000000000000000000000000000000000000010111101100001111011001010101110011
000000000000000000000000000000000000000000000000000000000000011100111110000000111101111011101111
000000000000000000000000000000000000000000000000000000000000110011000010100101101100100111001111
000000000000000000000000000000000000000000000000000000000000100100100000111100011110100111010111
000000000000000000000000000000000000000000000000000000000000101010000100011000100000001010101001
000000000000000000000000000000000000000000000000000000000000101111101011011010011111000000000100
000000000000000000000000000000000000000000000000000000000000110011011000100011000001110001100100
000000000000000000000000000000000000000000000000000000000000111101010000000000011001000111011011
000000000000000000000000000000000000000000000000000000000000011001010110101011000101010101000011
000000000000000000000000000000000000000000000000000000000000011001110101111000100101000000000000
000000000000000000000000000000000000000000000000000000000000110110110111100111100000011110101110
000000000000000000000000000000000000000000000000000000000000111100001101110011001010101011010010
000000000000000000000000000000000000000000000000000000000000010001011100110000000111111011100000
000000000000000000000000000000000000000000000000000000000000010100000100111110000011000101100010
000000000000000000000000000000000000000000000000000000000000011111011010111110010011001100100010
000000000000000000000000000000000000000000000000000000000000100011000001101110100111100011110011
000000000000000000000000000000000000000000000000000000000000011000001111011011000111111111001101
000000000000000000000000000000000000000000000000000000000000111111011000111111100001111101011101
000000000000000000000000000000000000000000000000000000000000001011100000101111011110101111111111
000000000000000000000000000000000000000000000000000000000000000001010100010100100101110010001001
000000000000000000000000000000000000000000000000000000000000010001000110101111010000101111111110
000000000000000000000000000000000000000000000000000000000000100000011111001011000100111101100001
000000000000000000000000000000000000000000000000000000000000000110011101011010001010011011110101
000000000000000000000000000000000000000000000000000000000000010110100100000001111001000000101001
000000000000000000000000000000000000000000000000000000000000010100101010001001000111101001110111
000000000000000000000000000000000000000000000000000000000000111100000001110110001110111011110011
000000000000000000000000000000000000000000000000000000000000000110010101100111000010100101001100
000000000000000000000000000000000000000000000000000000000000101101011010001100001010100101011001
000000000000000000000000000000000000000000000000000000000000111000101011100110100111010000010001
000000000000000000000000000000000000000000000000000000000000001110011000011011111011011110110101
000000000000000000000000000000000000000000000000000000000000111110010001110001110011000111100011
000000000000000000000000000000000000000000000000000000000000001110011001001001010011000110011000
000000000000000000000000000000000000000000000000000000000000101001010011001111101111100100110111
000000000000000000000000000000000000000000000000000000000000100010000101001111110001110111111111
000000000000000000000000000000000000000000000000000000000000011001100100110111000100001100011010
000000000000000000000000000000000000000000000000000000000000101010111110101101011110000010000000
000000000000000000000000000000000000000000000000000000000000001100010110000010110011111010010010
000000000000000000000000000000000000000000000000000000000000011111000111111110000111010110011111
000000000000000000000000000000000000000000000000000000000000101011111010100111100000001001001011
000000000000000000000000000000000000000000000000000000000000010001110010110110001010000001011010
000000000000000000000000000000000000000000000000000000000000101110110101101110101010101000011000
000000000000000000000000000000000000000000000000000000000000000000001011000101111011011010111011
000000000000000000000000000000000000000000000000000000000000000011001011101001011000001110000101
000000000000000000000000000000000000000000000000000000000000101001100100000110001011001010101111
000000000000000000000000000000000000000000000000000000000000010001000011101100000001111100110110
000000000000000000000000000000000000000000000000000000000000011100011010011010001011000111011101
000000000000000000000000000000000000000000000000000000000000010111111010110011000011110000001100
000000000000000000000000000000000000000000000000000000000000111011100001001111111011111101111111
000000000000000000000000000000000000000000000000000000000000000101101001101110100011011100110001
000000000000000000000000000000000000000000000000000000000000100000001100010101000110101001011011
000000000000000000000000000000000000000000000000000000000000000000000110101001001100110101010111
000000000000000000000000000000000000000000000000000000000000011111101000110110110011000010110000
000000000000000000000000000000000000000000000000000000000000000111001011111001011011000010011101
000000000000000000000000000000000000000000000000000000000000100000011110111000101010011010010110
000000000000000000000000000000000000000000000000000000000000100101011100011101011111111010110111
000000000000000000000000000000000000000000000000000000000000001000101110101100110010110111101010
000000000000000000000000000000000000000000000000000000000000001100001110001010111000000000110101
000000000000000000000000000000000000000000000000000000000000001011011011010001101010000001001000
000000000000000000000000000000000000000000000000000000000000001010111111100001000000101101110010
000000000000000000000000000000000000000000000000000000000000111101110000100011000111110110010010
000000000000000000000000000000000000000000000000000000000000001100011000111010010100101101110110
000000000000000000000000000000000000000000000000000000000000100001001000100100010101101111001101
000000000000000000000000000000000000000000000000000000000000111101011111101111000010101101100000
000000000000000000000000000000000000000000000000000000000000000011101110110110100010101111101111
000000000000000000000000000000000000000000000000000000000000010011001111101110101011110000000110
000000000000000000000000000000000000000000000000000000000000011100000100110100000010010010100010
000000000000000000000000000000000000000000000000000000000000000010100111000110110000101101110100
000000000000000000000000000000000000000000000000000000000000000101000001100100010111000001000001
000000000000000000000000000000000000000000000000000000000000111100101101101101011000100000111001
000000000000000000000000000000000000000000000000000000000000101101001010001000111111111010010100
000000000000000000000000000000000000000000000000000000000000101001101011101111100100001111011000
000000000000000000000000000000000000000000000000000000000000001010111000000001100101100110100111
000000000000000000000000000000000000000000000000000000000000000011010011000010011100011100000101
000000000000000000000000000000000000000000000000000000000000010110001110110001101010110011111110
000000000000000000000000000000000000000000000000000000000000000010000010010110010110001010111000
000000000000000000000000000000000000000000000000000000000000111100000100100011000110000010011111
000000000000000000000000000000000000000000000000000000000000001010001001011111011001111010110110
000000000000000000000000000000000000000000000000000000000000110010100110111110111110001010110101
000000000000000000000000000000000000000000000000000000000000101110111000000010011111100100000011
000000000000000000000000000000000000000000000000000000000000010101000100110100000101011111000100
000000000000000000000000000000000000000000000000000000000000011011110111101000111000100001111100
000000000000000000000000000000000000000000000000000000000000010011100001010110101001110011001011
000000000000000000000000000000000000000000000000000000000000100100000100110000111111100011001001
000000000000000000000000000000000000000000000000000000000000101010010000001101001010001000100001
000000000000000000000000000000000000000000000000000000000000110110110010000000001001001100010101
000000000000000000000000000000000000000000000000000000000000101110110110100010001100000100101111
000000000000000000000000000000000000000000000000000000000000000011111111010000101000110000111011
000000000000000000000000000000000000000000000000000000000000011101011110101010010010100011000100
000000000000000000000000000000000000000000000000000000000000100111101000011101110111111110111010
000000000000000000000000000000000000000000000000000000000000111001100000101111010011100010001111
000000000000000000000000000000000000000000000000000000000000101011110010010101110000101000011001
000000000000000000000000000000000000000000000000000000000000100000001100010111001001011101011011
000000000000000000000000000000000000000000000000000000000000010010000000000010110100100111010101
000000000000000000000000000000000000000000000000000000000000000011001110001110011000110010010100
000000000000000000000000000000000000000000000000000000000000101010000101000000100100100010010011
000000000000000000000000000000000000000000000000000000000000100001000001101110011001110001111000
000000000000000000000000000000000000000000000000000000000000010000101001100001001011011001110100
000000000000000000000000000000000000000000000000000000000000100111110010011100101000111010001111
000000000000000000000000000000000000000000000000000000000000110110010001000111001111011110101101
000000000000000000000000000000000000000000000000000000000000001011000100011111101111100101010110
000000000000000000000000000000000000000000000000000000000000001100010000111101001100111000110010
000000000000000000000000000000000000000000000000000000000000001110010001110111001111110100110001
000000000000000000000000000000000000000000000000000000000000011010111000101111101000011101011111
000000000000000000000000000000000000000000000000000000000000110011010001110010100110100000110001
000000000000000000000000000000000000000000000000000000000000010110010011101101000001110000010001
000000000000000000000000000000000000000000000000000000000000011000010011010011010100110010011010
000000000000000000000000000000000000000000000000000000000000001110010110010000110001100111101000
000000000000000000000000000000000000000000000000000000000000001110011101111001111011011001000011
000000000000000000000000000000000000000000000000000000000000111111001110111001100101010111111011
000000000000000000000000000000000000000000000000000000000000010010111110001000100110110001100110
000000000000000000000000000000000000000000000000000000000000001011000101001000101000110000100000
000000000000000000000000000000000000000000000000000000000000100000101111001110011000110001001110
000000000000000000000000000000000000000000000000000000000000100000101011111010111111111000010110
000000000000000000000000000000000000000000000000000000000000101100000010100011111110101001101001
000000000000000000000000000000000000000000000000000000000000011001010110100101110011111101101100
000000000000000000000000000000000000000000000000000000000000001001110000101000001011111011101101
000000000000000000000000000000000000000000000000000000000000001110111001110000101101100100000010
000000000000000000000000000000000000000000000000000000000000111000010110110110001111001001100110
000000000000000000000000000000000000000000000000000000000000001010011010001010100111010001100000
000000000000000000000000000000000000000000000000000000000000010101101001110101110010100010111001
000000000000000000000000000000000000000000000000000000000000110000101111111001111111000101111111
000000000000000000000000000000000000000000000000000000000000000101010111100010001010011001110010
000000000000000000000000000000000000000000000000000000000000111010110001111000001000001100111000
000000000000000000000000000000000000000000000000000000000000011100000111011100110100010011000101
000000000000000000000000000000000000000000000000000000000000010110001011101010000010110000111101
000000000000000000000000000000000000000000000000000000000000000100100001101011011111011111010011
000000000000000000000000000000000000000000000000000000000000011011110100110001000111010110010000
000000000000000000000000000000000000000000000000000000000000110010010010001000111001000101010011
000000000000000000000000000000000000000000000000000000000000110100110011001011011111111101111100
000000000000000000000000000000000000000000000000000000000000111001111010000000101110000010000010
000000000000000000000000000000000000000000000000000000000000010010011101001001111010000010111100
000000000000000000000000000000000000000000000000000000000000110010101011110110100110000100000010
000000000000000000000000000000000000000000000000000000000000001010100101110011001001000000101110
000000000000000000000000000000000000000000000000000000000000011101110000100100101110011100110110
000000000000000000000000000000000000000000000000000000000000111000110111110100010100110001111110
000000000000000000000000000000000000000000000000000000000000100001010011010111110111001101111111
000000000000000000000000000000000000000000000000000000000000110010001000111110111000101100000111
000000000000000000000000000000000000000000000000000000000000001111110000001100111011100001101001
000000000000000000000000000000000000000000000000000000000000010011011110011010010000110000101010
000000000000000000000000000000000000000000000000000000000000010001111010011010011110001001010001
000000000000000000000000000000000000000000000000000000000000101100110011010110101011101100001101
000000000000000000000000000000000000000000000000000000000000101000011110011001111010111010100010
000000000000000000000000000000000000000000000000000000000000011100010011110011000001000000101111
000000000000000000000000000000000000000000000000000000000000110011010011101011101000101000011001
000000000000000000000000000000000000000000000000000000000000110101010110011111010000011010110001
000000000000000000000000000000000000000000000000000000000000111011010010100000001111010101010001
000000000000000000000000000000000000000000000000000000000000001110011000010001101010110101000110
000000000000000000000000000000000000000000000000000000000000001001000101100000111100110110100001
000000000000000000000000000000000000000000000000000000000000011111010100001000000110011100110110
000000000000000000000000000000000000000000000000000000000000010100100110011110100010100000011010
000000000000000000000000000000000000000000000000000000000000000110011010100110110100110010011111
000000000000000000000000000000000000000000000000000000000000111011101001101010000011100111010101
000000000000000000000000000000000000000000000000000000000000010000110010001000011110111111011100
000000000000000000000000000000000000000000000000000000000000100001000100011000100000100111010011
000000000000000000000000000000000000000000000000000000000000110111011000000110000110011001010011
000000000000000000000000000000000000000000000000000000000000010100100010010111011111010001110011
000000000000000000000000000000000000000000000000000000000000011010111111000001101010010010111111
000000000000000000000000000000000000000000000000000000000000000000011101011111101110111100111101
000000000000000000000000000000000000000000000000000000000000010001000110000011111001100011000100
000000000000000000000000000000000000000000000000000000000000101110110101001011010010100110001101
000000000000000000000000000000000000000000000000000000000000111010111011010000101000001001111110
000000000000000000000000000000000000000000000000000000000000000001000111010111010110000101010110
000000000000000000000000000000000000000000000000000000000000111010000111011101001000010010100111
000000000000000000000000000000000000000000000000000000000000011011111010100011011001101010000001
000000000000000000000000000000000000000000000000000000000000100000000001010100000111111011111100
000000000000000000000000000000000000000000000000000000000000010110100010011111001100011101010111
000000000000000000000000000000000000000000000000000000000000001000001110001101010001000110001011
000000000000000000000000000000000000000000000000000000000000001000100010110100111011100000001100
000000000000000000000000000000000000000000000000000000000000110111011010001001010100010100011010
000000000000000000000000000000000000000000000000000000000000000110000111010110000011010101010010
000000000000000000000000000000000000000000000000000000000000111010100011110001000000111011011000
000000000000000000000000000000000000000000000000000000000000110101010100111010111111001010101111
000000000000000000000000000000000000000000000000000000000000110000110011001001011001100010000001
000000000000000000000000000000000000000000000000000000000000110100010011101111111010111110010011
000000000000000000000000000000000000000000000000000000000000101111001001010000001110000111011010
000000000000000000000000000000000000000000000000000000000000000010011111100011011000011010100000
000000000000000000000000000000000000000000000000000000000000000100001101100001111100111001010101
000000000000000000000000000000000000000000000000000000000000011000100101010101101110001110011001
000000000000000000000000000000000000000000000000000000000000101010100010110001000010000010001011
000000000000000000000000000000000000000000000000000000000000101100111010001010101111110011110011
000000000000000000000000000000000000000000000000000000000000101110111000111010011111000001010010
000000000000000000000000000000000000000000000000000000000000100001001111010000111111101000111100
000000000000000000000000000000000000000000000000000000000000010011101001010111100000010101000111
000000000000000000000000000000000000000000000000000000000000100100010001001010111100110111111011
000000000000000000000000000000000000000000000000000000000000100010011001100010011011010001101001
000000000000000000000000000000000000000000000000000000000000101001000101001100010011000110010011
000000000000000000000000000000000000000000000000000000000000100000110111010111101011110000100010
000000000000000000000000000000000000000000000000000000000000101111100110000000001111011001000101
000000000000000000000000000000000000000000000000000000000000000100101010000001101001001110101011
000000000000000000000000000000000000000000000000000000000000001000011101001011101001011100010110
000000000000000000000000000000000000000000000000000000000000111011101000010100011110111001011011
000000000000000000000000000000000000000000000000000000000000100110000001011010111100110110000011
000000000000000000000000000000000000000000000000000000000000100110010000011101101100011100110011
000000000000000000000000000000000000000000000000000000000000001000111010111001010011001011110111
000000000000000000000000000000000000000000000000000000000000110111000101100010010101010000011101
000000000000000000000000000000000000000000000000000000000000100101101001110010010000000110101010
000000000000000000000000000000000000000000000000000000000000001000111001010101101001010000010110
000000000000000000000000000000000000000000000000000000000000101001000010001110100100101010111011
000000000000000000000000000000000000000000000000000000000000000010001101110110111010111001010001
000000000000000000000000000000000000000000000000000000000000001011001110000011000110110001100101
000000000000000000000000000000000000000000000000000000000000001011011000110101101000110010101111
000000000000000000000000000000000000000000000000000000000000110111111011100111011010010101101111
000000000000000000000000000000000000000000000000000000000000011001010011001101100011011011100001
000000000000000000000000000000000000000000000000000000000000100111110100010010010000000010001011
000000000000000000000000000000000000000000000000000000000000100111000011111001000000101101001101
000000000000000000000000000000000000000000000000000000000000001010000000011111100000010101011111
000000000000000000000000000000000000000000000000000000000000001101110001101000010110000101111000
000000000000000000000000000000000000000000000000000000000000101101010011110001000000111010000111
000000000000000000000000000000000000000000000000000000000000001110111000010010101000000011111111
000000000000000000000000000000000000000000000000000000000000100000110011011001101110010111000001
000000000000000000000000000000000000000000000000000000000000110001111011000010100100010101011011
000000000000000000000000000000000000000000000000000000000000100011010111110110010100111111011110
000000000000000000000000000000000000000000000000000000000000001000101101101011011101100011001110
000000000000000000000000000000000000000000000000000000000000111101101010000010100001101111010011
000000000000000000000000000000000000000000000000000000000000000010001000111010111100000010100001
000000000000000000000000000000000000000000000000000000000000001000011110000000000101010011111010
000000000000000000000000000000000000000000000000000000000000100010001010001010111010001100000111
000000000000000000000000000000000000000000000000000000000000101101101011101010100010001010110111
000000000000000000000000000000000000000000000000000000000000010100000010001110011001100110110011
000000000000000000000000000000000000000000000000000000000000000110000000110001100111111111110000
000000000000000000000000000000000000000000000000000000000000101101101101111100100010011100101001
000000000000000000000000000000000000000000000000000000000000111111100110101001100010101010111110
000000000000000000000000000000000000000000000000000000000000011000010011001100011000000000000011
000000000000000000000000000000000000000000000000000000000000001111101010011110000010111011010111
000000000000000000000000000000000000000000000000000000000000011110110110100010111101010100010000
000000000000000000000000000000000000000000000000000000000000111101001110000011001010111000101000
000000000000000000000000000000000000000000000000000000000000000000111101000111011111101000110101
000000000000000000000000000000000000000000000000000000000000100101111010101111011101110000101111
000000000000000000000000000000000000000000000000000000000000111111101011110101101000010001101100
000000000000000000000000000000000000000000000000000000000000110110110001111011111011011011110111
000000000000000000000000000000000000000000000000000000000000010010010000100110100100110110100011
000000000000000000000000000000000000000000000000000000000000010001001101100000101110100111111111
000000000000000000000000000000000000000000000000000000000000100001010110111111111110111000100010
000000000000000000000000000000000000000000000000000000000000110011110010111000010100101001001011
000000000000000000000000000000000000000000000000000000000000100111110101011000101111110100101011
000000000000000000000000000000000000000000000000000000000000111101001111100101100111001110110001
000000000000000000000000000000000000000000000000000000000000010111111111000100010111001101101001
000000000000000000000000000000000000000000000000000000000000101000010001011111011011011101101010
000000000000000000000000000000000000000000000000000000000000010101010000111001011001000110000100
000000000000000000000000000000000000000000000000000000000000100010111100110100111111110101100001
000000000000000000000000000000000000000000000000000000000000101100000010011011101101000011111011
000000000000000000000000000000000000000000000000000000000000010000010001110000011000110111101101
000000000000000000000000000000000000000000000000000000000000111100010110000011001111011101101010
000000000000000000000000000000000000000000000000000000000000110001011111101100100100110101001111
000000000000000000000000000000000000000000000000000000000000110110010011110100000100110111011010
000000000000000000000000000000000000000000000000000000000000101010111101100100100101010100011001
000000000000000000000000000000000000000000000000000000000000110010110111101011110010110001110101
000000000000000000000000000000000000000000000000000000000000110010110011100001101001100101010111
000000000000000000000000000000000000000000000000000000000000001100011000110110111110110100011011
000000000000000000000000000000000000000000000000000000000000110001100000000001110001010000100110
000000000000000000000000000000000000000000000000000000000000000111000101110011100010010000111111
000000000000000000000000000000000000000000000000000000000000101011011011001010101100000110010100
000000000000000000000000000000000000000000000000000000000000001111111001010101010100000110100100
000000000000000000000000000000000000000000000000000000000000010001001101011010000001111110100111
000000000000000000000000000000000000000000000000000000000000001010100011001110100010011001111001
000000000000000000000000000000000000000000000000000000000000011101100000010010000000100010010001
000000000000000000000000000000000000000000000000000000000000110101001001110111000100111010011100
000000000000000000000000000000000000000000000000000000000000110101100111010010100101010010000111
000000000000000000000000000000000000000000000000000000000000001010001001101000001010001111110000
000000000000000000000000000000000000000000000000000000000000101010101010101111001011000010111001
000000000000000000000000000000000000000000000000000000000000011101001011101001011100000000011000
000000000000000000000000000000000000000000000000000000000000000001001001000101110110011100101011
000000000000000000000000000000000000000000000000000000000000001000100011011000110000101001011011
000000000000000000000000000000000000000000000000000000000000001010110000011001010101010111001011
000000000000000000000000000000000000000000000000000000000000100110001010101101001011010101111010
000000000000000000000000000000000000000000000000000000000000111001110011111101100011101110010000
000000000000000000000000000000000000000000000000000000000000101101100111110000101000000001001101
000000000000000000000000000000000000000000000000000000000000100101100011111011010000001011101000
000000000000000000000000000000000000000000000000000000000000100000110101110100010101111100000110
000000000000000000000000000000000000000000000000000000000000011001100011101011110000010110000000
000000000000000000000000000000000000000000000000000000000000111111100110101011111010100011100010
000000000000000000000000000000000000000000000000000000000000000100110111100000010000010000001001
000000000000000000000000000000000000000000000000000000000000110000011010001100011011100101100111
000000000000000000000000000000000000000000000000000000000000111111111001001100001010101100110010
000000000000000000000000000000000000000000000000000000000000000000000011011001100100001000101001
000000000000000000000000000000000000000000000000000000000000010111000100111001001111000000011001
000000000000000000000000000000000000000000000000000000000000111000110011000010010110100011001001
000000000000000000000000000000000000000000000000000000000000000010111010101001011101010011101100
000000000000000000000000000000000000000000000000000000000000001101001110100100011111001001011000
000000000000000000000000000000000000000000000000000000000000100000100111101110001111000100111101
000000000000000000000000000000000000000000000000000000000000111010101111111001100010000111101110
000000000000000000000000000000000000000000000000000000000000001100000011111010010101100111100001
000000000000000000000000000000000000000000000000000000000000011011000110110100000111100010100010
000000000000000000000000000000000000000000000000000000000000011101110110100101010110101010100101
000000000000000000000000000000000000000000000000000000000000111111010000011010101100010110101100
000000000000000000000000000000000000000000000000000000000000001010100010001001001011100001110111
000000000000000000000000000000000000000000000000000000000000010001110011111011101000000100100110
000000000000000000000000000000000000000000000000000000000000101010011111110011000111110001001101
000000000000000000000000000000000000000000000000000000000000010010000110011101000011010110011101
000000000000000000000000000000000000000000000000000000000000000001110111110100100011010100100110
000000000000000000000000000000000000000000000000000000000000010110000001001010010011010100101110
000000000000000000000000000000000000000000000000000000000000100101100010010101011100011101011111
000000000000000000000000000000000000000000000000000000000000101001001110101001110010110110110000
000000000000000000000000000000000000000000000000000000000000110111001011010110110111100110000010
000000000000000000000000000000000000000000000000000000000000111111111100111001010001101011011010
000000000000000000000000000000000000000000000000000000000000010011100111011010110000001111010000
000000000000000000000000000000000000000000000000000000000000110001011010011010000100000000010100
000000000000000000000000000000000000000000000000000000000000011101001100010000100100111101100101
000000000000000000000000000000000000000000000000000000000000011111111111101100111010010000010110
000000000000000000000000000000000000000000000000000000000000001100001110010110111101000110011100
000000000000000000000000000000000000000000000000000000000000001001100000010000010001110000111110
000000000000000000000000000000000000000000000000000000000000001011111010000000101001110011000001
000000000000000000000000000000000000000000000000000000000000111010110001110010001100011101000011
000000000000000000000000000000000000000000000000000000000000011010101100110111100011001010011011
000000000000000000000000000000000000000000000000000000000000100110010111001010101100001111101110
000000000000000000000000000000000000000000000000000000000000000000001000010000001101110111100101
000000000000000000000000000000000000000000000000000000000000110100100010001001000011001111100111
000000000000000000000000000000000000000000000000000000000000010010111110101000101001001000111111
000000000000000000000000000000000000000000000000000000000000000010001111011010010011010111011000
000000000000000000000000000000000000000000000000000000000000111111000100001000110000001010101111
000000000000000000000000000000000000000000000000000000000000000101110100001100111110100011000011
000000000000000000000000000000000000000000000000000000000000110001111010010011001000101100100000
000000000000000000000000000000000000000000000000000000000000110010001110010101010101001110110111
000000000000000000000000000000000000000000000000000000000000011111001000010111100001101001101111
000000000000000000000000000000000000000000000000000000000000111011101011111000001011111001100111
000000000000000000000000000000000000000000000000000000000000011111101011101010000001001100101111
000000000000000000000000000000000000000000000000000000000000010100111010100101111110101010101000
000000000000000000000000000000000000000000000000000000000000100000101011000101011001100010101001
000000000000000000000000000000000000000000000000000000000000110001101010011010111000100111110001
000000000000000000000000000000000000000000000000000000000000100100010101001100001111000011111101
000000000000000000000000000000000000000000000000000000000000111010011101001101100011001110010000
000000000000000000000000000000000000000000000000000000000000010000101001010100010100101000101101
000000000000000000000000000000000000000000000000000000000000110100100100111110110010001000100100
000000000000000000000000000000000000000000000000000000000000100011101100101101111111101100000010
000000000000000000000000000000000000000000000000000000000000100001101111011111111010001010011111
000000000000000000000000000000000000000000000000000000000000111110101100010001010110001100100001
000000000000000000000000000000000000000000000000000000000000110001100101110011010011111101011000
000000000000000000000000000000000000000000000000000000000000111010100111010010010001010010101111
000000000000000000000000000000000000000000000000000000000000001110011010110001101100101110000001
000000000000000000000000000000000000000000000000000000000000001110000100000010001100111010100101
000000000000000000000000000000000000000000000000000000000000111011110011000011011010011011001100
000000000000000000000000000000000000000000000000000000000000101000011100110010101011010010100000
000000000000000000000000000000000000000000000000000000000000011000111111110100100111110111001010
000000000000000000000000000000000000000000000000000000000000101011000010111101001011101011100100
000000000000000000000000000000000000000000000000000000000000110001100110011000110011110110011001
000000000000000000000000000000000000000000000000000000000000000101111011001000101111110010001000
000000000000000000000000000000000000000000000000000000000000011110111110010100110010011110101100
000000000000000000000000000000000000000000000000000000000000010010101011011011101111100110111000
000000000000000000000000000000000000000000000000000000000000010101111001110110011111001001010101
000000000000000000000000000000000000000000000000000000000000110101110111100010010000001101001110
000000000000000000000000000000000000000000000000000000000000100011101000100010110000111000110010
000000000000000000000000000000000000000000000000000000000000101110010111100011111011001010001011
000000000000000000000000000000000000000000000000000000000000100111110001000111110010111000001011
000000000000000000000000000000000000000000000000000000000000000101010001111011010101110000001010
000000000000000000000000000000000000000000000000000000000000010110001001100110000100001111000100
000000000000000000000000000000000000000000000000000000000000110010111001011011100110010100010001
000000000000000000000000000000000000000000000000000000000000111000101001100101001000000111001100
000000000000000000000000000000000000000000000000000000000000000101001011000110111110110000110101
000000000000000000000000000000000000000000000000000000000000101111010001010000010111110000001000
000000000000000000000000000000000000000000000000000000000000011011000011010010101011000101011100
000000000000000000000000000000000000000000000000000000000000111101010101101000011010100000001001
000000000000000000000000000000000000000000000000000000000000101011010000100010001101001010011010
000000000000000000000000000000000000000000000000000000000000001001110010010101010010100011011011
000000000000000000000000000000000000000000000000000000000000111101110101001100100110111110001001
000000000000000000000000000000000000000000000000000000000000100110001001001001100011001000101100
000000000000000000000000000000000000000000000000000000000000001000000010100101110010011010111011
000000000000000000000000000000000000000000000000000000000000011111000011100000101101001101101110
000000000000000000000000000000000000000000000000000000000000110001100011000110010000011001110011
000000000000000000000000000000000000000000000000000000000000110011001010111011111011110010000101
000000000000000000000000000000000000000000000000000000000000110000111111010110001100001000111001
000000000000000000000000000000000000000000000000000000000000000111010101000010111111100111000100
000000000000000000000000000000000000000000000000000000000000100011101100000100011000011110100001
000000000000000000000000000000000000000000000000000000000000110101110011101001001111111001010101
000000000000000000000000000000000000000000000000000000000000111000111111011001100001011100001001
000000000000000000000000000000000000000000000000000000000000010100111001110111110111100011111101
000000000000000000000000000000000000000000000000000000000000000101010000111111100001101101110000
000000000000000000000000000000000000000000000000000000000000011100111010001001000001111110100000
000000000000000000000000000000000000000000000000000000000000010111110011011011011111110001001100
000000000000000000000000000000000000000000000000000000000000011011011001100101111110100101011110
000000000000000000000000000000000000000000000000000000000000001010111111101100001011101010111110
000000000000000000000000000000000000000000000000000000000000110110010011110010011101010000001000
000000000000000000000000000000000000000000000000000000000000100111000010011001100000111000011111
000000000000000000000000000000000000000000000000000000000000011010010010010011101000000010111111
000000000000000000000000000000000000000000000000000000000000010111001110001111010101001000000110
000000000000000000000000000000000000000000000000000000000000111011000010100011000101100100001001
000000000000000000000000000000000000000000000000000000000000011000001000110101001111111011101110
000000000000000000000000000000000000000000000000000000000000101100001111010101110011010010011000
000000000000000000000000000000000000000000000000000000000000100001010101101111111010000100001101
000000000000000000000000000000000000000000000000000000000000011101101000101010010101111010100010
000000000000000000000000000000000000000000000000000000000000111101101010000101010011110100100111
000000000000000000000000000000000000000000000000000000000000101000111101101010101011011001101101
000000000000000000000000000000000000000000000000000000000000100111001101000101000000001011000000
000000000000000000000000000000000000000000000000000000000000001001010001100001111000010111001010
000000000000000000000000000000000000000000000000000000000000001011010000111000110000001100100011
000000000000000000000000000000000000000000000000000000000000111111000100010111000001001010001011
000000000000000000000000000000000000000000000000000000000000111000111101111100011010101101010001
000000000000000000000000000000000000000000000000000000000000110101010110100011000010010010100110
000000000000000000000000000000000000000000000000000000000000111010011101111110010100101000010001
000000000000000000000000000000000000000000000000000000000000101111101110011011010100111011011011
000000000000000000000000000000000000000000000000000000000000100011011100001110110000001011101111
000000000000000000000000000000000000000000000000000000000000111000111001111110111110110001110011
000000000000000000000000000000000000000000000000000000000000000111000100111110111001000110011111
000000000000000000000000000000000000000000000000000000000000011101001011011010000110101101011111
000000000000000000000000000000000000000000000000000000000000100010100111011101010111111000101001
000000000000000000000000000000000000000000000000000000000000000111110101011001111011000111111011
000000000000000000000000000000000000000000000000000000000000110111001001101001010010110110101011
000000000000000000000000000000000000000000000000000000000000010011110000101001111110001011000000
000000000000000000000000000000000000000000000000000000000000100111100110010000110000110100111010
000000000000000000000000000000000000000000000000000000000000101111110111111100100101010010000000
000000000000000000000000000000000000000000000000000000000000110010000000001010000010000110010110
000000000000000000000000000000000000000000000000000000000000100000101010110100000011111011001101
000000000000000000000000000000000000000000000000000000000000110000100011001111101110100101000111
000000000000000000000000000000000000000000000000000000000000100011001100000101110001101101111001
000000000000000000000000000000000000000000000000000000000000000101101010111011111100101011110001
000000000000000000000000000000000000000000000000000000000000111101000110101110000111111010001101
000000000000000000000000000000000000000000000000000000000000011001000001111000101100100000010001
000000000000000000000000000000000000000000000000000000000000001001001001011110010111110000011000
000000000000000000000000000000000000000000000000000000000000111110010001011011000110000100101100
000000000000000000000000000000000000000000000000000000000000110000111000111010101011010001111101
000000000000000000000000000000000000000000000000000000000000111101101111000010001110000100111110
000000000000000000000000000000000000000000000000000000000000001101000010000010000010011110111011
000000000000000000000000000000000000000000000000000000000000101111010101001000100111000110010000
000000000000000000000000000000000000000000000000000000000000001110101001011100010100011101000010
000000000000000000000000000000000000000000000000000000000000001101110011011000001100010000011100
000000000000000000000000000000000000000000000000000000000000110100010110110001101010010100001001
000000000000000000000000000000000000000000000000000000000000101100100110111010001010011100101110
000000000000000000000000000000000000000000000000000000000000000110100110101010111111010111001000
000000000000000000000000000000000000000000000000000000000000111000101110111001111110000100101101
000000000000000000000000000000000000000000000000000000000000100100000111110111101110001110111000
000000000000000000000000000000000000000000000000000000000000101111101100000100100110011110000100
000000000000000000000000000000000000000000000000000000000000000111101000110111101011101100111010
000000000000000000000000000000000000000000000000000000000000011110000010110100101100011111110010
000000000000000000000000000000000000000000000000000000000000101111011101011011100000111101000101
000000000000000000000000000000000000000000000000000000000000110000001011001111001011011010111011
000000000000000000000000000000000000000000000000000000000000010111101100000011010001111011001000
000000000000000000000000000000000000000000000000000000000000010101110011001110011001011011010000
000000000000000000000000000000000000000000000000000000000000110111101101000100110101100011000101
000000000000000000000000000000000000000000000000000000000000011000001100010111111001100101101111
000000000000000000000000000000000000000000000000000000000000010001000100010100010000100110001100
000000000000000000000000000000000000000000000000000000000000111110010110101011101111111000111000
000000000000000000000000000000000000000000000000000000000000111101100010000111110111011001101010
000000000000000000000000000000000000000000000000000000000000010100001111000010010100000111011011
000000000000000000000000000000000000000000000000000000000000111111111111001110110000111111110001
000000000000000000000000000000000000000000000000000000000000100001100111111000111111010010110100
000000000000000000000000000000000000000000000000000000000000110110100101110101111001100011110100
000000000000000000000000000000000000000000000000000000000000101111101100110111100100011110110011
000000000000000000000000000000000000000000000000000000000000000111010110000111111111110001000110
000000000000000000000000000000000000000000000000000000000000000110110111111100111110001011001111
000000000000000000000000000000000000000000000000000000000000110101110100011110100001101100000011
000000000000000000000000000000000000000000000000000000000000010001110000001001000110001100000111
000000000000000000000000000000000000000000000000000000000000100110100000010010000111110010011110
000000000000000000000000000000000000000000000000000000000000101010000001000101111010111101000001
000000000000000000000000000000000000000000000000000000000000011110111100010010100010110000010100
000000000000000000000000000000000000000000000000000000000000000110000000111111101110101100000110
000000000000000000000000000000000000000000000000000000000000110000000001101010000101011000011011
000000000000000000000000000000000000000000000000000000000000011100010011111101100000001111000011
000000000000000000000000000000000000000000000000000000000000010011010011110000111010110110000010
000000000000000000000000000000000000000000000000000000000000011011100110010111110000011000101001
000000000000000000000000000000000000000000000000000000000000001110010100010011101010101111010110
000000000000000000000000000000000000000000000000000000000000011001110011101111110001100011111100
000000000000000000000000000000000000000000000000000000000000111011001001010100000111011010100011
000000000000000000000000000000000000000000000000000000000000011100011010111100011110011000001000
000000000000000000000000000000000000000000000000000000000000100000111100001111001000110001010000
000000000000000000000000000000000000000000000000000000000000000001001011101110000010110011011010
000000000000000000000000000000000000000000000000000000000000001100011011011101010110011111000110
000000000000000000000000000000000000000000000000000000000000110011011101111111111011100100101101
000000000000000000000000000000000000000000000000000000000000110110110000000110010101100101000000
000000000000000000000000000000000000000000000000000000000000001011101111100001110111111101010100
000000000000000000000000000000000000000000000000000000000000000101000011110000001000001110101011
000000000000000000000000000000000000000000000000000000000000000101010000101101100010000100101111
000000000000000000000000000000000000000000000000000000000000101101111111010001110011001110111010
000000000000000000000000000000000000000000000000000000000000100111001110010100100110000111101101
000000000000000000000000000000000000000000000000000000000000001010100000000110011010001101010111
000000000000000000000000000000000000000000000000000000000000100000011010011001000101111001001101
000000000000000000000000000000000000000000000000000000000000010100001110110100010110100001011011
000000000000000000000000000000000000000000000000000000000000100110101010110010111111001110100001
000000000000000000000000000000000000000000000000000000000000000111011100101100011010111111101000
000000000000000000000000000000000000000000000000000000000000001110101000001111011100011010000100
000000000000000000000000000000000000000000000000000000000000011000010000001000010001001001011010
000000000000000000000000000000000000000000000000000000000000100000110110101100110100100000100101
000000000000000000000000000000000000000000000000000000000000100101001110011110010100010001111111
000000000000000000000000000000000000000000000000000000000000101011110110110011000110111000011111
000000000000000000000000000000000000000000000000000000000000000001100101001010000011011011110001
000000000000000000000000000000000000000000000000000000000000100110010011010010101100111011011000
000000000000000000000000000000000000000000000000000000000000111110011001111010010100010000001011
000000000000000000000000000000000000000000000000000000000000110000010100110110011000100010010100
000000000000000000000000000000000000000000000000000000000000001111011110001011101010000110101011
000000000000000000000000000000000000000000000000000000000000111000000101110011111000011001101110
000000000000000000000000000000000000000000000000000000000000011101011101111001011100101010001110
000000000000000000000000000000000000000000000000000000000000101100000010001111011111001100101001
000000000000000000000000000000000000000000000000000000000000001010010100100011111010100101100011
000000000000000000000000000000000000000000000000000000000000001001011010001100011010110000101011
000000000000000000000000000000000000000000000000000000000000011111000101100110111101000011001101
000000000000000000000000000000000000000000000000000000000000011110110000011000011101010110010100
000000000000000000000000000000000000000000000000000000000000110111100111100001011001101010111101
000000000000000000000000000000000000000000000000000000000000010110110001010111101000010000101110
000000000000000000000000000000000000000000000000000000000000100100101011101000100010010110001010
000000000000000000000000000000000000000000000000000000000000101011100001111110010011011101011100
000000000000000000000000000000000000000000000000000000000000111111110100100111000101111010110000
000000000000000000000000000000000000000000000000000000000000010010110010010100101111111100100111
000000000000000000000000000000000000000000000000000000000000101000101101010000010101010001101111
000000000000000000000000000000000000000000000000000000000000100011010010110000011001110111011001
000000000000000000000000000000000000000000000000000000000000100100101011100111011000111101010001
000000000000000000000000000000000000000000000000000000000000010010000000110010011010011100010101
000000000000000000000000000000000000000000000000000000000000011011110001010100000001010111100011
000000000000000000000000000000000000000000000000000000000000111111101000010110111001000000100111
000000000000000000000000000000000000000000000000000000000000000011111111101100110110010000111110
000000000000000000000000000000000000000000000000000000000000110101011010011101000111010111100111
000000000000000000000000000000000000000000000000000000000000111110001001110000011111100000101000
000000000000000000000000000000000000000000000000000000000000101010000101100100101011010000100100
000000000000000000000000000000000000000000000000000000000000100010011000100001000110001100000010
000000000000000000000000000000000000000000000000000000000000100010000000111011011111001110110101
000000000000000000000000000000000000000000000000000000000000101010011000111101010010011101101101
000000000000000000000000000000000000000000000000000000000000110110101001011101101110001000101101
000000000000000000000000000000000000000000000000000000000000110110100010000101110011110110010100
000000000000000000000000000000000000000000000000000000000000010101111111011001111100110101111000
000000000000000000000000000000000000000000000000000000000000001000111110001011110110011111010011
000000000000000000000000000000000000000000000000000000000000100101110000101000100101100101010100
000000000000000000000000000000000000000000000000000000000000110011011101011110011110001010010001
000000000000000000000000000000000000000000000000000000000000101111010000101000011101110100010000
000000000000000000000000000000000000000000000000000000000000001101110100000001100000111011010011
000000000000000000000000000000000000000000000000000000000000000111011001010011101111000110100101
000000000000000000000000000000000000000000000000000000000000100011101101000101010110001001100010
000000000000000000000000000000000000000000000000000000000000001000001011101011010000000101110100
000000000000000000000000000000000000000000000000000000000000011010000000000001100110010001011011
000000000000000000000000000000000000000000000000000000000000011101001100001000011101010111011101
000000000000000000000000000000000000000000000000000000000000011110000110001110001011110010011010
000000000000000000000000000000000000000000000000000000000000000111110100001101011100110100111111
000000000000000000000000000000000000000000000000000000000000011110011000011100011010001100001100
000000000000000000000000000000000000000000000000000000000000110110001010000010111110000011100111
000000000000000000000000000000000000000000000000000000000000110000000011110011111110100010000010
000000000000000000000000000000000000000000000000000000000000110101100111110111011111001110010111
000000000000000000000000000000000000000000000000000000000000101011100111111011011011011000101001
000000000000000000000000000000000000000000000000000000000000010100001100000000110011110010101001
