000000000000000000000000000000000000000000000000000000000000111101110001111111100111001011100100
000000000000000000000000000000000000000000000000000000000000100001001011011001010011010100010001
000000000000000000000000000000000000000000000000000000000000010100011010101000000111110111001000
000000000000000000000000000000000000000000000000000000000000101111111001001010011000000010010010
000000000000000000000000000000000000000000000000000000000000011001001001000100110111011110000010
000000000000000000000000000000000000000000000000000000000000011111110101101100000100101011011010
000000000000000000000000000000000000000000000000000000000000011010100100111000111010111001111011
000000000000000000000000000000000000000000000000000000000000101001111011100100110011000011010101
000000000000000000000000000000000000000000000000000000000000111100100001011100011100110001001000
000000000000000000000000000000000000000000000000000000000000100100010010111010100110011001011100
000000000000000000000000000000000000000000000000000000000000101000101001111001111111100001010000
000000000000000000000000000000000000000000000000000000000000111000101111000010110001011001001100
000000000000000000000000000000000000000000000000000000000000011110101001110001011011000000110111
000000000000000000000000000000000000000000000000000000000000101111000110010011110010100000001000
000000000000000000000000000000000000000000000000000000000000011111110100010000011011110000011000
000000000000000000000000000000000000000000000000000000000000001101011110111000100100100000101000
000000000000000000000000000000000000000000000000000000000000100001000000101101100011000110110111
000000000000000000000000000000000000000000000000000000000000111001110111011101100101011111100011
000000000000000000000000000000000000000000000000000000000000010001010100001110101000100001111010
000000000000000000000000000000000000000000000000000000000000011100100100111101111110111000101101
000000000000000000000000000000000000000000000000000000000000111011001000100110000111111111000000
000000000000000000000000000000000000000000000000000000000000000100010011101110000110101101111011
000000000000000000000000000000000000000000000000000000000000101001110000111011010011101000111110
000000000000000000000000000000000000000000000000000000000000010110011101001101001100101011011000
000000000000000000000000000000000000000000000000000000000000010001000100101011100100100001011001
000000000000000000000000000000000000000000000000000000000000010100001010100001001110010100011010
000000000000000000000000000000000000000000000000000000000000111101001110011110110000011000001010
000000000000000000000000000000000000000000000000000000000000011011110111110111100101010111010010
000000000000000000000000000000000000000000000000000000000000001111000111100101110100001011100010
000000000000000000000000000000000000000000000000000000000000011100110100001111011111010010001110
000000000000000000000000000000000000000000000000000000000000100011011110110101011011001100100110
000000000000000000000000000000000000000000000000000000000000001111010011110010101110001110100001
000000000000000000000000000000000000000000000000000000000000111010011000110011101111100001000001
000000000000000000000000000000000000000000000000000000000000011101100001110101011110010010110100
000000000000000000000000000000000000000000000000000000000000100001001100010001110001001011101100
000000000000000000000000000000000000000000000000000000000000101101111010101011111011111010000101
000000000000000000000000000000000000000000000000000000000000001011111100010011101001111110100000
000000000000000000000000000000000000000000000000000000000000111111011010111100000110110111010000
000000000000000000000000000000000000000000000000000000000000010101110111010110001010100100100101
000000000000000000000000000000000000000000000000000000000000111111111100000110000010100000111011
000000000000000000000000000000000000000000000000000000000000110011011001001100111001010101000111
000000000000000000000000000000000000000000000000000000000000001101111001001111111011100101001101
000000000000000000000000000000000000000000000000000000000000101110101011011101000000010110001111
000000000000000000000000000000000000000000000000000000000000101111110011000101011011111111011111
000000000000000000000000000000000000000000000000000000000000100110001010011111001110101101110101
000000000000000000000000000000000000000000000000000000000000001100010101001110100011001001110010
000000000000000000000000000000000000000000000000000000000000100010100110011100001100110011111011
000000000000000000000000000000000000000000000000000000000000011101010001000000011111010110110111
000000000000000000000000000000000000000000000000000000000000010010001001101001101110100111110001
000000000000000000000000000000000000000000000000000000000000111000011111110000001011011100000000
000000000000000000000000000000000000000000000000000000000000001011010110110111110110001001101100
000000000000000000000000000000000000000000000000000000000000001010000101000100010001000010100101
000000000000000000000000000000000000000000000000000000000000001001000010110010110111101010011000
000000000000000000000000000000000000000000000000000000000000001001000010000110110000110010100000
000000000000000000000000000000000000000000000000000000000000100011011010111000011011010010001110
000000000000000000000000000000000000000000000000000000000000000011100000101111000011001010001010
000000000000000000000000000000000000000000000000000000000000111100011001111110110011001000111010
000000000000000000000000000000000000000000000000000000000000000001011111111100001100101010010001
000000000000000000000000000000000000000000000000000000000000010001101010110110010111101000100100
000000000000000000000000000000000000000000000000000000000000100110101110011101101111111111110010
000000000000000000000000000000000000000000000000000000000000100100000110011110101010001111101110
000000000000000000000000000000000000000000000000000000000000010110000101001110110100100111011110
000000000000000000000000000000000000000000000000000000000000100000000100001111011001100110110101
000000000000000000000000000000000000000000000000000000000000010010000111110011010100101001010000
000000000000000000000000000000000000000000000000000000000000001000100110101100010000010011001110
000000000000000000000000000000000000000000000000000000000000100010111100001001010100000000100010
000000000000000000000000000000000000000000000000000000000000011010101101101001101010100110000100
000000000000000000000000000000000000000000000000000000000000101101100100100000011010110100001000
000000000000000000000000000000000000000000000000000000000000100100000101101011110111111110000001
000000000000000000000000000000000000000000000000000000000000111111010000001101001010011010010111
000000000000000000000000000000000000000000000000000000000000111000001011110000011100100110111101
000000000000000000000000000000000000000000000000000000000000000110101110011100100010011100010010
000000000000000000000000000000000000000000000000000000000000111010110011001001101111000101100001
000000000000000000000000000000000000000000000000000000000000101111101110011010000000000010001111
000000000000000000000000000000000000000000000000000000000000101010011010101111010010000111111011
000000000000000000000000000000000000000000000000000000000000000110101000111001001000000101101101
000000000000000000000000000000000000000000000000000000000000101111110001011010011101111100000011
000000000000000000000000000000000000000000000000000000000000010110110001000100000001110010110010
000000000000000000000000000000000000000000000000000000000000000010101010000000011000111011110000
000000000000000000000000000000000000000000000000000000000000111001001110010101011100011001100001
000000000000000000000000000000000000000000000000000000000000000101001011011000010111000001000110
000000000000000000000000000000000000000000000000000000000000111010010010010100000011110111000010
000000000000000000000000000000000000000000000000000000000000100110100110100111101011011111001110
000000000000000000000000000000000000000000000000000000000000111010100100000000101001000010111011
000000000000000000000000000000000000000000000000000000000000010010011010010101110100000000001101
000000000000000000000000000000000000000000000000000000000000011111001111001100011110000001011001
000000000000000000000000000000000000000000000000000000000000111011010111011101011111111000010001
000000000000000000000000000000000000000000000000000000000000000111001001000001000101010101100001
000000000000000000000000000000000000000000000000000000000000100100111001100101100100101011101001
000000000000000000000000000000000000000000000000000000000000011101001111010011001110110110100110
000000000000000000000000000000000000000000000000000000000000101110100110000011111101000011001001
000000000000000000000000000000000000000000000000000000000000001010010001110110001001100010001110
000000000000000000000000000000000000000000000000000000000000111000011011111000100000100100010100
000000000000000000000000000000000000000000000000000000000000010110110100110111100000001011001101
000000000000000000000000000000000000000000000000000000000000000011010000110111011010011111101010
000000000000000000000000000000000000000000000000000000000000101101010000011101111100011001001111
000000000000000000000000000000000000000000000000000000000000011011111010101001110100001000000010
000000000000000000000000000000000000000000000000000000000000100010110100001111000000011010101111
000000000000000000000000000000000000000000000000000000000000000010110001101101101011111111100001
000000000000000000000000000000000000000000000000000000000000110001111000111100101001110110101110
000000000000000000000000000000000000000000000000000000000000001011000100111010101110111011101110
000000000000000000000000000000000000000000000000000000000000110101101000000100010000000001101001
000000000000000000000000000000000000000000000000000000000000110000000000010011001000010110111110
000000000000000000000000000000000000000000000000000000000000000000000111011010011111100101010000
000000000000000000000000000000000000000000000000000000000000010010000110111111001001010000101011
000000000000000000000000000000000000000000000000000000000000001110100101100010011110010001001011
000000000000000000000000000000000000000000000000000000000000001100000111101010111101110101100111
000000000000000000000000000000000000000000000000000000000000100010010010000000101010000100101100
000000000000000000000000000000000000000000000000000000000000101100011001110010111110000111100110
000000000000000000000000000000000000000000000000000000000000010111011001010001110011101111110101
000000000000000000000000000000000000000000000000000000000000010110111110110000000000000001000010
000000000000000000000000000000000000000000000000000000000000110011010010011011111010001000101001
000000000000000000000000000000000000000000000000000000000000001011111011011001101100111000111100
000000000000000000000000000000000000000000000000000000000000100111101011011100111010100010010100
000000000000000000000000000000000000000000000000000000000000110100111100110000110000111110111000
000000000000000000000000000000000000000000000000000000000000010100011000001001101110010001100000
000000000000000000000000000000000000000000000000000000000000100011111101001000011001010111010010
000000000000000000000000000000000000000000000000000000000000111111111000110000100101111001001110
000000000000000000000000000000000000000000000000000000000000010011111000100000010101001111001011
000000000000000000000000000000000000000000000000000000000000000101000011111000101000011101010010
000000000000000000000000000000000000000000000000000000000000100111111010110111011000111101110100
000000000000000000000000000000000000000000000000000000000000010101010000100111010001010001000011
000000000000000000000000000000000000000000000000000000000000001001010100111001101010010110110101
000000000000000000000000000000000000000000000000000000000000101101010001000110010111100101110111
000000000000000000000000000000000000000000000000000000000000101000100101100000001110001010011001
000000000000000000000000000000000000000000000000000000000000111011101001000111001101101000101001
000000000000000000000000000000000000000000000000000000000000001100100011011110101110111001000011
000000000000000000000000000000000000000000000000000000000000101111111111011111111111100010000000
000000000000000000000000000000000000000000000000000000000000000101010000100000110101100000110101
000000000000000000000000000000000000000000000000000000000000010111000100000101110100011010011101
000000000000000000000000000000000000000000000000000000000000010001101101111001011000010000110110
000000000000000000000000000000000000000000000000000000000000010001100001101111001101011010001111
000000000000000000000000000000000000000000000000000000000000011110100111000010001101001110111110
000000000000000000000000000000000000000000000000000000000000011100111100001110001111101110101101
000000000000000000000000000000000000000000000000000000000000111100001101111010111000001001010000
000000000000000000000000000000000000000000000000000000000000100011110000011111010110001111100001
000000000000000000000000000000000000000000000000000000000000100011111010101111001110000010110111
000000000000000000000000000000000000000000000000000000000000100010011110000110011001110001010011
000000000000000000000000000000000000000000000000000000000000011110111111110100011011101000001010
000000000000000000000000000000000000000000000000000000000000010100111101110111011000110011011011
000000000000000000000000000000000000000000000000000000000000001100000111100001001100101110110111
000000000000000000000000000000000000000000000000000000000000011010010111111000111010110011100011
000000000000000000000000000000000000000000000000000000000000000110010001110010000001011110011101
000000000000000000000000000000000000000000000000000000000000110100101100110001011001110010100111
000000000000000000000000000000000000000000000000000000000000010101000001000010110010001000111111
000000000000000000000000000000000000000000000000000000000000110110100001001101111111000010010011
000000000000000000000000000000000000000000000000000000000000101110010001111111100100011100110101
000000000000000000000000000000000000000000000000000000000000011101000100011111110101010010111011
000000000000000000000000000000000000000000000000000000000000011111101111000010100010110011110100
000000000000000000000000000000000000000000000000000000000000010010000011000000110000110111011111
000000000000000000000000000000000000000000000000000000000000111011001111000100000010100011011010
000000000000000000000000000000000000000000000000000000000000111001111110100100101111000011101100
000000000000000000000000000000000000000000000000000000000000101000011100101000011011011001100111
000000000000000000000000000000000000000000000000000000000000010100111000111000100010011010000101
000000000000000000000000000000000000000000000000000000000000100000010001011110010010110011111001
000000000000000000000000000000000000000000000000000000000000010000000111010101011011111000110010
000000000000000000000000000000000000000000000000000000000000100110011000001011001100010110000111
000000000000000000000000000000000000000000000000000000000000101101000001010101101101010110001111
000000000000000000000000000000000000000000000000000000000000100000010101110010010000001111110100
000000000000000000000000000000000000000000000000000000000000111101000001100100111101000111000011
000000000000000000000000000000000000000000000000000000000000000110011111111001110011011011010001
000000000000000000000000000000000000000000000000000000000000110000100110110011100011110010110111
000000000000000000000000000000000000000000000000000000000000110011010101010011001001110010111011
000000000000000000000000000000000000000000000000000000000000101101011111110010011011100110111111
000000000000000000000000000000000000000000000000000000000000001010001000110001001110101110010100
000000000000000000000000000000000000000000000000000000000000010111111011011110111011000100101011
000000000000000000000000000000000000000000000000000000000000001011110001001010000101000110011101
000000000000000000000000000000000000000000000000000000000000001111101110101000000011001010010000
000000000000000000000000000000000000000000000000000000000000011111110011001110100101100011010010
000000000000000000000000000000000000000000000000000000000000111001100001010011111100111110101101
000000000000000000000000000000000000000000000000000000000000010010001101001100011101011100001000
000000000000000000000000000000000000000000000000000000000000101010011001000111101111010011010001
000000000000000000000000000000000000000000000000000000000000111011111111100000001001000001011110
000000000000000000000000000000000000000000000000000000000000011111111100101110111110100110101101
000000000000000000000000000000000000000000000000000000000000011100011001011101011100001011111100
000000000000000000000000000000000000000000000000000000000000110010101100011011001000111111001110
000000000000000000000000000000000000000000000000000000000000111110101000100000100010010011110011
000000000000000000000000000000000000000000000000000000000000000110110000110011010011011111000000
000000000000000000000000000000000000000000000000000000000000111001001011111101000100010000010000
000000000000000000000000000000000000000000000000000000000000010010011011000011111101011010101010
000000000000000000000000000000000000000000000000000000000000011010000011111101101010110011001101
000000000000000000000000000000000000000000000000000000000000000010010111111100101010001000111010
000000000000000000000000000000000000000000000000000000000000111111010001001101000100010111000110
000000000000000000000000000000000000000000000000000000000000101100010100011011100001101011001011
000000000000000000000000000000000000000000000000000000000000101001111011111101011101001101000110
000000000000000000000000000000000000000000000000000000000000101110110011100100010101100010000111
000000000000000000000000000000000000000000000000000000000000000100011111000001110110101101111101
000000000000000000000000000000000000000000000000000000000000000000001010101100011001111001111010
000000000000000000000000000000000000000000000000000000000000011001111011110011111010100001011011
000000000000000000000000000000000000000000000000000000000000011101001010111001011001110001111000
000000000000000000000000000000000000000000000000000000000000010001110010101000010100010011010001
000000000000000000000000000000000000000000000000000000000000100011011001001101101010000001101101
000000000000000000000000000000000000000000000000000000000000001011100110010001110011101001000010
000000000000000000000000000000000000000000000000000000000000001011101010110001001101111000101100
000000000000000000000000000000000000000000000000000000000000101110110010111100101000001101011111
000000000000000000000000000000000000000000000000000000000000000110110011101101111000101010100110
000000000000000000000000000000000000000000000000000000000000101101000100010010110111001011100000
000000000000000000000000000000000000000000000000000000000000111110001101010100000110000010000100
000000000000000000000000000000000000000000000000000000000000001000111010111000101010110101111011
000000000000000000000000000000000000000000000000000000000000000111010111010001000011111111001001
000000000000000000000000000000000000000000000000000000000000001100001001101010100110110001001010
000000000000000000000000000000000000000000000000000000000000000000110110001110010011110010101001
000000000000000000000000000000000000000000000000000000000000100101010110011011101010001101110110
000000000000000000000000000000000000000000000000000000000000011100000100110100100010001100100101
000000000000000000000000000000000000000000000000000000000000101110011001001101100100000110010001
000000000000000000000000000000000000000000000000000000000000111000111011100100101010111110110100
000000000000000000000000000000000000000000000000000000000000000000010011001110100101011111111100
000000000000000000000000000000000000000000000000000000000000100010001101011101000110011100011111
000000000000000000000000000000000000000000000000000000000000110000001011101000001011011011111001
000000000000000000000000000000000000000000000000000000000000110111111110111110000110011100100111
000000000000000000000000000000000000000000000000000000000000100111010100011001011111100010110010
000000000000000000000000000000000000000000000000000000000000011011011011100111100101011010101000
000000000000000000000000000000000000000000000000000000000000110010010110101011110011111101110111
000000000000000000000000000000000000000000000000000000000000001110000011110001110000001000110010
000000000000000000000000000000000000000000000000000000000000000100000000100100001110000111010111
000000000000000000000000000000000000000000000000000000000000011011110011110001100111101011011000
000000000000000000000000000000000000000000000000000000000000100010111011010100011001110111100001
000000000000000000000000000000000000000000000000000000000000000000001011110011110000000000101100
000000000000000000000000000000000000000000000000000000000000110111011111000100001111010001100110
000000000000000000000000000000000000000000000000000000000000011001110110111011100000001111010010
000000000000000000000000000000000000000000000000000000000000001101010101001000101100110000111111
000000000000000000000000000000000000000000000000000000000000101010011101100100111001111011000101
000000000000000000000000000000000000000000000000000000000000111111000100101101111101111010101010
000000000000000000000000000000000000000000000000000000000000100111001001100010111110000000110011
000000000000000000000000000000000000000000000000000000000000000010001001001001010111011010110100
000000000000000000000000000000000000000000000000000000000000001010010101100001111100111101001101
000000000000000000000000000000000000000000000000000000000000110010001110011101110101100101001001
000000000000000000000000000000000000000000000000000000000000110000100100000011010000111001011110
000000000000000000000000000000000000000000000000000000000000011101101110011001010111010100111100
000000000000000000000000000000000000000000000000000000000000101011001000111010100111110001010011
000000000000000000000000000000000000000000000000000000000000101111110101011100011101111110111000
000000000000000000000000000000000000000000000000000000000000111001001101001000000110010111000111
000000000000000000000000000000000000000000000000000000000000000110100000011001010010110110111010
000000000000000000000000000000000000000000000000000000000000111110000000110111000110110010001000
000000000000000000000000000000000000000000000000000000000000100110011100001101101000011011010001
000000000000000000000000000000000000000000000000000000000000001001001101011011000001110100110000
000000000000000000000000000000000000000000000000000000000000101100110001001101110101010110101000
000000000000000000000000000000000000000000000000000000000000111000011010010000111010001100001110
000000000000000000000000000000000000000000000000000000000000001000000000000110011010100100100010
000000000000000000000000000000000000000000000000000000000000110011011011100000101111001110011110
000000000000000000000000000000000000000000000000000000000000011110011000110000011000111010111010
000000000000000000000000000000000000000000000000000000000000110111101001111101101111010001101010
000000000000000000000000000000000000000000000000000000000000111011010110000101100011100101100101
000000000000000000000000000000000000000000000000000000000000110000001101010101101110001001110101
000000000000000000000000000000000000000000000000000000000000010110100110110010101110001001101011
000000000000000000000000000000000000000000000000000000000000101110111001101101000000100111110110
000000000000000000000000000000000000000000000000000000000000100110000100001101010111111111101111
000000000000000000000000000000000000000000000000000000000000001111000110001111110111000101100101
000000000000000000000000000000000000000000000000000000000000001101101001111111000111110111101101
000000000000000000000000000000000000000000000000000000000000100011011001011101010110010101000111
000000000000000000000000000000000000000000000000000000000000111001101001000010111111110001101010
000000000000000000000000000000000000000000000000000000000000100010101111010100110001111110101000
000000000000000000000000000000000000000000000000000000000000000100101001010100001101110010110000
000000000000000000000000000000000000000000000000000000000000000011001100101010010000111010111011
000000000000000000000000000000000000000000000000000000000000011010110010001100110011011100000010
000000000000000000000000000000000000000000000000000000000000011101100100101100000101010011111101
000000000000000000000000000000000000000000000000000000000000101100110010100000011001010100111101
000000000000000000000000000000000000000000000000000000000000111010111110000101111110011111010101
000000000000000000000000000000000000000000000000000000000000011101001000011111101010001101111100
000000000000000000000000000000000000000000000000000000000000100101101110100100000001001000100110
000000000000000000000000000000000000000000000000000000000000000011000101011101010101010110110010
000000000000000000000000000000000000000000000000000000000000000010011101101000101011110001110111
000000000000000000000000000000000000000000000000000000000000011010010010111110001000000010100111
000000000000000000000000000000000000000000000000000000000000101100011011010110000000101001111001
000000000000000000000000000000000000000000000000000000000000100101101000100011000111000000011010
000000000000000000000000000000000000000000000000000000000000010101011010110010011110000011111110
000000000000000000000000000000000000000000000000000000000000111001001111101000101000111100100010
000000000000000000000000000000000000000000000000000000000000001110100000001000111010010101100101
000000000000000000000000000000000000000000000000000000000000010101011101001011011110111011111000
000000000000000000000000000000000000000000000000000000000000000100010111100011010000110100010101
000000000000000000000000000000000000000000000000000000000000010110110110100100010111000110011110
000000000000000000000000000000000000000000000000000000000000011000110100100001010110100001010010
000000000000000000000000000000000000000000000000000000000000000110110111110001011111110011010111
000000000000000000000000000000000000000000000000000000000000111010010011011101110111100001001100
000000000000000000000000000000000000000000000000000000000000010010111111001000111011100100111101
000000000000000000000000000000000000000000000000000000000000011101010110111010001000100000000001
000000000000000000000000000000000000000000000000000000000000011111110110010010001000101101111111
000000000000000000000000000000000000000000000000000000000000011111101101100111001011000111000100
000000000000000000000000000000000000000000000000000000000000100001001101000111100001001110101011
000000000000000000000000000000000000000000000000000000000000110111001110000100111011011001000011
000000000000000000000000000000000000000000000000000000000000111100000111110011000100111101111000
000000000000000000000000000000000000000000000000000000000000100100100011001001100001110011011000
000000000000000000000000000000000000000000000000000000000000010000011011110111100100111101001001
000000000000000000000000000000000000000000000000000000000000110010111100111110000001111011100111
000000000000000000000000000000000000000000000000000000000000101010111101100000100110011011111001
000000000000000000000000000000000000000000000000000000000000011111010011101111110110111110110101
000000000000000000000000000000000000000000000000000000000000011100110011110110110101111100011110
000000000000000000000000000000000000000000000000000000000000101101101100000100110101100001111111
000000000000000000000000000000000000000000000000000000000000100111011010000001011001000001011000
000000000000000000000000000000000000000000000000000000000000000110100000001011011101111001110000
000000000000000000000000000000000000000000000000000000000000001000000011100000011110001010101110
000000000000000000000000000000000000000000000000000000000000011101110000100101010111100011010001
000000000000000000000000000000000000000000000000000000000000000101011010110000011000100100010100
000000000000000000000000000000000000000000000000000000000000100101010000000010110010101011100011
000000000000000000000000000000000000000000000000000000000000100101011001011011011001001111011100
000000000000000000000000000000000000000000000000000000000000000001000101000100110110111100010100
000000000000000000000000000000000000000000000000000000000000110011010101001110111111011011100111
000000000000000000000000000000000000000000000000000000000000010011111111101011000101100110001000
000000000000000000000000000000000000000000000000000000000000001010111110110110101110110011110011
000000000000000000000000000000000000000000000000000000000000111100001111001101101011101010100011
000000000000000000000000000000000000000000000000000000000000110000110101010111110110110001000000
000000000000000000000000000000000000000000000000000000000000000110000100010011011100010000101000
000000000000000000000000000000000000000000000000000000000000011000011010010110101111110100101011
000000000000000000000000000000000000000000000000000000000000011101110010000110001001101001000000
000000000000000000000000000000000000000000000000000000000000101110000000001010000011000001100101
000000000000000000000000000000000000000000000000000000000000101000110111100100100000001101001000
000000000000000000000000000000000000000000000000000000000000100101101000100101110010001000100111
000000000000000000000000000000000000000000000000000000000000011100011010101000000101001010011100
000000000000000000000000000000000000000000000000000000000000100011010111011000001001101100000110
000000000000000000000000000000000000000000000000000000000000010110011110101010011110011000000110
000000000000000000000000000000000000000000000000000000000000010110101011111011000111110011100110
000000000000000000000000000000000000000000000000000000000000111011001001101110010011010111100001
000000000000000000000000000000000000000000000000000000000000101100001011101011011000011010000001
000000000000000000000000000000000000000000000000000000000000111110101110011101101011000111000100
000000000000000000000000000000000000000000000000000000000000111000001011000010010010000100010011
000000000000000000000000000000000000000000000000000000000000000000101010010010010110100000110001
000000000000000000000000000000000000000000000000000000000000010100110100000110010011111000111100
000000000000000000000000000000000000000000000000000000000000111011100110011101101000110111100011
000000000000000000000000000000000000000000000000000000000000010010000101000110000011110011011101
000000000000000000000000000000000000000000000000000000000000100010110111000111111101111000011110
000000000000000000000000000000000000000000000000000000000000010110100100110001101011111011010100
000000000000000000000000000000000000000000000000000000000000110000100010111101001001000101000110
000000000000000000000000000000000000000000000000000000000000000101011010010000111001110000111111
000000000000000000000000000000000000000000000000000000000000101010010001011001011100000101110111
000000000000000000000000000000000000000000000000000000000000011011110110011001110011101011010100
000000000000000000000000000000000000000000000000000000000000111100011000010000111001100100010011
000000000000000000000000000000000000000000000000000000000000010011011101001000000001101111100110
000000000000000000000000000000000000000000000000000000000000100101010010011111000110111100110100
000000000000000000000000000000000000000000000000000000000000110010111010101101111011000010101101
000000000000000000000000000000000000000000000000000000000000110010111000000100000110111110101011
000000000000000000000000000000000000000000000000000000000000010111011110011001010010001000011110
000000000000000000000000000000000000000000000000000000000000010110011110111111101111000101011010
000000000000000000000000000000000000000000000000000000000000100011001100111010100101010100110111
000000000000000000000000000000000000000000000000000000000000010100101000100011111100110010100101
000000000000000000000000000000000000000000000000000000000000110000011000110001101011011100010000
000000000000000000000000000000000000000000000000000000000000000100111011110101001100110010101000
000000000000000000000000000000000000000000000000000000000000111110000001001001000111000111110110
000000000000000000000000000000000000000000000000000000000000001100111101110110001111110111010001
000000000000000000000000000000000000000000000000000000000000110001001111101100110101010000110101
000000000000000000000000000000000000000000000000000000000000010100000110010011010100000001111110
000000000000000000000000000000000000000000000000000000000000001011000011010001100011111011011001
000000000000000000000000000000000000000000000000000000000000101011011010110101110001110011111011
000000000000000000000000000000000000000000000000000000000000010111111111011011111010000100111011
000000000000000000000000000000000000000000000000000000000000100100010100110011001001000000110001
000000000000000000000000000000000000000000000000000000000000101110010011010010001110000110001101
000000000000000000000000000000000000000000000000000000000000010001010110011010101100011001111001
000000000000000000000000000000000000000000000000000000000000000110110010111110101001110100110010
000000000000000000000000000000000000000000000000000000000000010110110110111011000110001110101111
000000000000000000000000000000000000000000000000000000000000100111101001101111100010101101000000
000000000000000000000000000000000000000000000000000000000000011011100001011001000111001000001100
000000000000000000000000000000000000000000000000000000000000101111010001110101111101110010000100
000000000000000000000000000000000000000000000000000000000000110000000100001011101111111000011010
000000000000000000000000000000000000000000000000000000000000101000111100011110000010011111011000
000000000000000000000000000000000000000000000000000000000000010111001100100011010010100001101000
000000000000000000000000000000000000000000000000000000000000110110100000101111101010101101001111
000000000000000000000000000000000000000000000000000000000000100100000011011100110111101110100110
000000000000000000000000000000000000000000000000000000000000011111000111101000100001011100010010
000000000000000000000000000000000000000000000000000000000000110011110110001001001011000011101000
000000000000000000000000000000000000000000000000000000000000110011110101000100000111111111000110
000000000000000000000000000000000000000000000000000000000000111000010111100110110010110110000110
000000000000000000000000000000000000000000000000000000000000101001111000110010010001000111101001
000000000000000000000000000000000000000000000000000000000000001110111000111100100010110001010010
000000000000000000000000000000000000000000000000000000000000111011000111011000110001100101111000
000000000000000000000000000000000000000000000000000000000000010001010111111100111000101110010110
000000000000000000000000000000000000000000000000000000000000100101101011110110111111100110100100
000000000000000000000000000000000000000000000000000000000000010111101011011011110000011001011111
000000000000000000000000000000000000000000000000000000000000100001001010110011011101011110011000
000000000000000000000000000000000000000000000000000000000000110001101010001101100001110010100110
000000000000000000000000000000000000000000000000000000000000001010010010010101110100111010111101
000000000000000000000000000000000000000000000000000000000000001010011001000010110111011011110010
000000000000000000000000000000000000000000000000000000000000101110011000110101100100001110001001
000000000000000000000000000000000000000000000000000000000000001010100001100101111000000001000101
000000000000000000000000000000000000000000000000000000000000010110111011100011001110001111100111
000000000000000000000000000000000000000000000000000000000000101011011010011101011010101100001100
000000000000000000000000000000000000000000000000000000000000101001000010111111010011010110110010
000000000000000000000000000000000000000000000000000000000000110101010000111010100100110101110001
000000000000000000000000000000000000000000000000000000000000001111101110010010000100011100101001
000000000000000000000000000000000000000000000000000000000000110001101101100101001110100101100101
000000000000000000000000000000000000000000000000000000000000000010010110111010011101011110100001
000000000000000000000000000000000000000000000000000000000000100111001010000010101100001011111111
000000000000000000000000000000000000000000000000000000000000110110100101010110110010111100001001
000000000000000000000000000000000000000000000000000000000000010010000010111110010110111100010000
000000000000000000000000000000000000000000000000000000000000010000110010011111110010101101111011
000000000000000000000000000000000000000000000000000000000000011101001001011010010111010111010000
000000000000000000000000000000000000000000000000000000000000001011010110001101010010011001000110
000000000000000000000000000000000000000000000000000000000000110100110010011110000111100011010101
000000000000000000000000000000000000000000000000000000000000001010110011100011101100001011100001
000000000000000000000000000000000000000000000000000000000000010000100010110110110100100110000111
000000000000000000000000000000000000000000000000000000000000001100111000011111110001011100001100
000000000000000000000000000000000000000000000000000000000000000111100100101000000010001111010101
000000000000000000000000000000000000000000000000000000000000110010001001000010010110000011100110
000000000000000000000000000000000000000000000000000000000000001110001000111110100011110111010100
000000000000000000000000000000000000000000000000000000000000110001111000100111000101001001100010
000000000000000000000000000000000000000000000000000000000000011010000011001111111000001001100001
000000000000000000000000000000000000000000000000000000000000000011001001101000101011110100111101
000000000000000000000000000000000000000000000000000000000000010000111110001101110000101100001011
000000000000000000000000000000000000000000000000000000000000000100001100110010101000011000001110
000000000000000000000000000000000000000000000000000000000000111011111000101110110000111010001100
000000000000000000000000000000000000000000000000000000000000101110101110100011000100010010010010
000000000000000000000000000000000000000000000000000000000000111100001001011010100101010010100110
000000000000000000000000000000000000000000000000000000000000000100101010100000011011101111011111
000000000000000000000000000000000000000000000000000000000000011100111111110011100100111000001110
000000000000000000000000000000000000000000000000000000000000110100011010111010011100011001100111
000000000000000000000000000000000000000000000000000000000000001010000011111010000101101101110011
000000000000000000000000000000000000000000000000000000000000110101010111011100010010010101111001
000000000000000000000000000000000000000000000000000000000000111110001101101011111110111000110001
000000000000000000000000000000000000000000000000000000000000101010011101111001011001110100010101
000000000000000000000000000000000000000000000000000000000000111001101100110101000110111001001010
000000000000000000000000000000000000000000000000000000000000001101011001001111110101110111110000
000000000000000000000000000000000000000000000000000000000000100101101101101111011010011010011000
000000000000000000000000000000000000000000000000000000000000110111001011001000000010010010000111
000000000000000000000000000000000000000000000000000000000000100110010001110110110001110011100011
000000000000000000000000000000000000000000000000000000000000010011010111110011000000001001100000
000000000000000000000000000000000000000000000000000000000000110111000000001011010101010000100001
000000000000000000000000000000000000000000000000000000000000000110111111011101100000110011011011
000000000000000000000000000000000000000000000000000000000000001100001100111001101100011111000000
000000000000000000000000000000000000000000000000000000000000000011010100001011011010100000101100
000000000000000000000000000000000000000000000000000000000000001001000010011101110001101101100100
000000000000000000000000000000000000000000000000000000000000011111100110011000100100111101010011
000000000000000000000000000000000000000000000000000000000000100111111111110000100100011111101100
000000000000000000000000000000000000000000000000000000000000010111110111111111011000000100011100
000000000000000000000000000000000000000000000000000000000000110000011001001100101111000100000000
000000000000000000000000000000000000000000000000000000000000000011111001000000100000100100101100
000000000000000000000000000000000000000000000000000000000000101011101110000110001110000111101010
000000000000000000000000000000000000000000000000000000000000110011001001011101011010110001011110
000000000000000000000000000000000000000000000000000000000000111111011000000000010000101000100110
000000000000000000000000000000000000000000000000000000000000100100011110010110011110010110111111
000000000000000000000000000000000000000000000000000000000000001100000011100110001100111000111111
000000000000000000000000000000000000000000000000000000000000100010110011001111110000000011110100
000000000000000000000000000000000000000000000000000000000000111011110100010000001011011101100110
000000000000000000000000000000000000000000000000000000000000100110010110000101011100100111101000
000000000000000000000000000000000000000000000000000000000000000001011110100000011011100001001011
000000000000000000000000000000000000000000000000000000000000111110010011010101101011110000011011
000000000000000000000000000000000000000000000000000000000000111001000110101111101100000001010010
000000000000000000000000000000000000000000000000000000000000011000111000010001011100111101111010
000000000000000000000000000000000000000000000000000000000000101001001001010001011111010001001000
000000000000000000000000000000000000000000000000000000000000101001100100101011110100011001011010
000000000000000000000000000000000000000000000000000000000000011011110000010011100111100110010001
000000000000000000000000000000000000000000000000000000000000010010000001000001001000001111101010
000000000000000000000000000000000000000000000000000000000000001001111100010010010110001111110010
000000000000000000000000000000000000000000000000000000000000111111001100001010011111011010110110
000000000000000000000000000000000000000000000000000000000000001111011100000000010010000100100000
000000000000000000000000000000000000000000000000000000000000101001001111110001011100101001111000
000000000000000000000000000000000000000000000000000000000000011110110110101011010101010111101011
000000000000000000000000000000000000000000000000000000000000000111011110111001111101111110100100
000000000000000000000000000000000000000000000000000000000000011100011111101010010100100010011010
000000000000000000000000000000000000000000000000000000000000110011111001110100101101101111110101
000000000000000000000000000000000000000000000000000000000000110100111010101000001111101101010001
000000000000000000000000000000000000000000000000000000000000100000011011011111011100010111110001
000000000000000000000000000000000000000000000000000000000000111111001011010001100000100101001101
000000000000000000000000000000000000000000000000000000000000110010100001100011111000110101000000
000000000000000000000000000000000000000000000000000000000000110100001000000111011101110010000001
000000000000000000000000000000000000000000000000000000000000010000010111111100000101110010000000
000000000000000000000000000000000000000000000000000000000000111110011011011010010011110100111001
000000000000000000000000000000000000000000000000000000000000010011111001011100110011011100001000
000000000000000000000000000000000000000000000000000000000000111100101011100111101011111111111000
000000000000000000000000000000000000000000000000000000000000000001010001010101111101101101010000
000000000000000000000000000000000000000000000000000000000000010111010101101010001110000001011110
000000000000000000000000000000000000000000000000000000000000101011010011000100000101111101010100
000000000000000000000000000000000000000000000000000000000000000010000101111011100000011010011010
000000000000000000000000000000000000000000000000000000000000100111001110010111110111101101111001
000000000000000000000000000000000000000000000000000000000000000110010010000001010000000001101110
000000000000000000000000000000000000000000000000000000000000111010110001101111010011001110101000
000000000000000000000000000000000000000000000000000000000000011001010000010100111001100110011011
000000000000000000000000000000000000000000000000000000000000110100110100100011100100110011000011
000000000000000000000000000000000000000000000000000000000000111111111101010001000101011100001010
000000000000000000000000000000000000000000000000000000000000111110001100000111110010100101001101
000000000000000000000000000000000000000000000000000000000000101100101100110101111000101011000100
000000000000000000000000000000000000000000000000000000000000111101110110100111111000010100101101
000000000000000000000000000000000000000000000000000000000000111001001110100001101101010111011100
000000000000000000000000000000000000000000000000000000000000010000101011101111110001001000111100
000000000000000000000000000000000000000000000000000000000000100010100001111111101011101111001010
000000000000000000000000000000000000000000000000000000000000000101000000101001111110100110100001
000000000000000000000000000000000000000000000000000000000000011001101110111100101101111100010101
000000000000000000000000000000000000000000000000000000000000110110000011000001010101100111000001
000000000000000000000000000000000000000000000000000000000000110101011111111101010000111101010000
000000000000000000000000000000000000000000000000000000000000001100100101101100101110001111001100
000000000000000000000000000000000000000000000000000000000000001001100011011100101011101011110011
000000000000000000000000000000000000000000000000000000000000000101001011011100001101010100001010
000000000000000000000000000000000000000000000000000000000000110000011110110001000010011001000101
000000000000000000000000000000000000000000000000000000000000100110001110111110000101110000101001
000000000000000000000000000000000000000000000000000000000000101001010011101000110100010001011101
000000000000000000000000000000000000000000000000000000000000111010010010101111011010001101001001
000000000000000000000000000000000000000000000000000000000000000100110000100000000011001101111001
000000000000000000000000000000000000000000000000000000000000001011001100101100111001101101110111
000000000000000000000000000000000000000000000000000000000000101010011001001010011100111100100110
000000000000000000000000000000000000000000000000000000000000111101011111111100000001010111001010
000000000000000000000000000000000000000000000000000000000000011100001111111111110000101000010100
000000000000000000000000000000000000000000000000000000000000001011001110101000111101101100111110
000000000000000000000000000000000000000000000000000000000000010010100000110001010000111101110110
000000000000000000000000000000000000000000000000000000000000110001001001111110101111111010000111
000000000000000000000000000000000000000000000000000000000000111110000110101100101010001100111101
000000000000000000000000000000000000000000000000000000000000110100110011010101101110011111110110
000000000000000000000000000000000000000000000000000000000000101010111100001000011000010110110001
000000000000000000000000000000000000000000000000000000000000110010100001110000010001000100011001
000000000000000000000000000000000000000000000000000000000000110001111111111010110010001000101111
000000000000000000000000000000000000000000000000000000000000100101101001111110000010001001100010
000000000000000000000000000000000000000000000000000000000000010011010011011001010011001111110101
000000000000000000000000000000000000000000000000000000000000111010010111010001100011110001100000
000000000000000000000000000000000000000000000000000000000000101101001111011111001111010010011001
000000000000000000000000000000000000000000000000000000000000011100011011000100101001111000111100
000000000000000000000000000000000000000000000000000000000000001111111011011000111110111100011110
000000000000000000000000000000000000000000000000000000000000111001100101010000111101000101000110
000000000000000000000000000000000000000000000000000000000000110001110101001110110111010001001111
000000000000000000000000000000000000000000000000000000000000100110001101100101011101000010101110
000000000000000000000000000000000000000000000000000000000000100010100010101011110000000011101100
000000000000000000000000000000000000000000000000000000000000100101011110001111111000010001110000
000000000000000000000000000000000000000000000000000000000000100110100011101100000111001111000100
000000000000000000000000000000000000000000000000000000000000101100000010100001010111110010101010
000000000000000000000000000000000000000000000000000000000000001011100011111000011111010010000100
000000000000000000000000000000000000000000000000000000000000000111100110001100110011110010000101
000000000000000000000000000000000000000000000000000000000000000001100101011100001010111011000011
000000000000000000000000000000000000000000000000000000000000101010001010011100110001101001111010
000000000000000000000000000000000000000000000000000000000000011101011101000000001110111001111101
000000000000000000000000000000000000000000000000000000000000011011011001010000111011100101000101
000000000000000000000000000000000000000000000000000000000000100100111110110111101010001001101101
000000000000000000000000000000000000000000000000000000000000110110101110111110000101011101111111
000000000000000000000000000000000000000000000000000000000000110001101100101000000000000111001011
000000000000000000000000000000000000000000000000000000000000001000100111100101101111010000100110
000000000000000000000000000000000000000000000000000000000000001010111100110010011001110110101010
000000000000000000000000000000000000000000000000000000000000100111000010100101010011101001110111
000000000000000000000000000000000000000000000000000000000000010100111111001000010001100110101010
000000000000000000000000000000000000000000000000000000000000110001101111110100011010000111100101
000000000000000000000000000000000000000000000000000000000000111001110011011001000010010101010001
000000000000000000000000000000000000000000000000000000000000110101100010000101111101010101010010
000000000000000000000000000000000000000000000000000000000000110011000100101010111110101010101011
000000000000000000000000000000000000000000000000000000000000110010111111001111010101001100111000
000000000000000000000000000000000000000000000000000000000000000010001010110010011001110101101100
000000000000000000000000000000000000000000000000000000000000011100011001110010111011100001011101
000000000000000000000000000000000000000000000000000000000000111011010000100011110000111100000010
000000000000000000000000000000000000000000000000000000000000100111011001110011010101010111011100
000000000000000000000000000000000000000000000000000000000000010100111001010010000010010111110101
000000000000000000000000000000000000000000000000000000000000100111010001010110100100011111101011
000000000000000000000000000000000000000000000000000000000000101111100000101101000001100110100000
000000000000000000000000000000000000000000000000000000000000110100111101110110110011100001110001
000000000000000000000000000000000000000000000000000000000000111111100111100010111010110011010000
000000000000000000000000000000000000000000000000000000000000011001010110011110101100001010100000
000000000000000000000000000000000000000000000000000000000000000011101011101011101011011011000111
000000000000000000000000000000000000000000000000000000000000011001100110011110010110001101001011
000000000000000000000000000000000000000000000000000000000000010100010010010011001110101111101100
000000000000000000000000000000000000000000000000000000000000110010110011001101101010110010010011
000000000000000000000000000000000000000000000000000000000000001101011110011001111000101100111000
000000000000000000000000000000000000000000000000000000000000000100011100001111011011011001001000
000000000000000000000000000000000000000000000000000000000000011011100001011011011101100110100000
000000000000000000000000000000000000000000000000000000000000010011110101011000111100101100110101
000000000000000000000000000000000000000000000000000000000000101101001100000000010100011001100001
000000000000000000000000000000000000000000000000000000000000101110100011010111001111110010110011
000000000000000000000000000000000000000000000000000000000000100010100101010001100000110000100100
000000000000000000000000000000000000000000000000000000000000110110011010110100111110010101011001
000000000000000000000000000000000000000000000000000000000000101010110100111110100000001110100110
000000000000000000000000000000000000000000000000000000000000110110110001001110110100011100101110
000000000000000000000000000000000000000000000000000000000000010110000110001110101011010111001011
000000000000000000000000000000000000000000000000000000000000001101011111011010101010101010000000
000000000000000000000000000000000000000000000000000000000000110100101101010001001011010100010010
000000000000000000000000000000000000000000000000000000000000101001010100000100111000000000001110
000000000000000000000000000000000000000000000000000000000000111101010010111001100100101100010001
000000000000000000000000000000000000000000000000000000000000111000100010111100001101010010000011
000000000000000000000000000000000000000000000000000000000000111110111001011010010000100011100010
000000000000000000000000000000000000000000000000000000000000110001100000011100101010010010001101
000000000000000000000000000000000000000000000000000000000000000001111111000100010010011110110001
000000000000000000000000000000000000000000000000000000000000011011101111001001000001011010111011
000000000000000000000000000000000000000000000000000000000000111100011001110110100100111010000101
000000000000000000000000000000000000000000000000000000000000110110101100101000110110010000110011
000000000000000000000000000000000000000000000000000000000000011011110101100100001011100001100101
000000000000000000000000000000000000000000000000000000000000010100001101111101101100000010100011
000000000000000000000000000000000000000000000000000000000000101110011000010100010111100100101101
000000000000000000000000000000000000000000000000000000000000100101001110111110101100111010100101
000000000000000000000000000000000000000000000000000000000000000010000011010011110011110001111001
000000000000000000000000000000000000000000000000000000000000101011100001111001111100010010110111
000000000000000000000000000000000000000000000000000000000000100001110000001011101000000111011011
000000000000000000000000000000000000000000000000000000000000011011111110110100110001100010011111
000000000000000000000000000000000000000000000000000000000000001000001101101010011100001011010101
000000000000000000000000000000000000000000000000000000000000010111110100100111111010011111110101
000000000000000000000000000000000000000000000000000000000000101001000000101000011000001011101110
000000000000000000000000000000000000000000000000000000000000100100010001101110100110111110000000
000000000000000000000000000000000000000000000000000000000000110110001000011100111001100101111001
000000000000000000000000000000000000000000000000000000000000001000110000000110011111000001110110
000000000000000000000000000000000000000000000000000000000000001101001000100010001000010000111001
000000000000000000000000000000000000000000000000000000000000010011110001110001010111101010100010
000000000000000000000000000000000000000000000000000000000000111111111100111000101000101000100010
000000000000000000000000000000000000000000000000000000000000100101111111011010000110111010110100
000000000000000000000000000000000000000000000000000000000000000101110111010100101101001011011101
000000000000000000000000000000000000000000000000000000000000111001111100011100010110010011000110
000000000000000000000000000000000000000000000000000000000000001101111001110000100010110001100110
000000000000000000000000000000000000000000000000000000000000111100100010110001101110001011000011
000000000000000000000000000000000000000000000000000000000000110010011000110011001111000110111100
000000000000000000000000000000000000000000000000000000000000100000000101101011011000100001001101
000000000000000000000000000000000000000000000000000000000000101000001001000010100100011010001100
000000000000000000000000000000000000000000000000000000000000111100110111011011110111101101010111
000000000000000000000000000000000000000000000000000000000000110101000011001000011101101010011000
000000000000000000000000000000000000000000000000000000000000001101011101000110011100001001101011
000000000000000000000000000000000000000000000000000000000000000000110111100111011000101001011100
000000000000000000000000000000000000000000000000000000000000000001001010111011001110010001100100
000000000000000000000000000000000000000000000000000000000000011100011111000110100100011000011001
000000000000000000000000000000000000000000000000000000000000010011111001010100011001011010010110
000000000000000000000000000000000000000000000000000000000000010110100001011010000011101011101100
000000000000000000000000000000000000000000000000000000000000000100011001110001001001111000100110
000000000000000000000000000000000000000000000000000000000000101111000011110010001011111001101010
000000000000000000000000000000000000000000000000000000000000001101100111110001101000011010001100
000000000000000000000000000000000000000000000000000000000000101100100111110101001100010101111010
000000000000000000000000000000000000000000000000000000000000101000100010101100001010000001010100
000000000000000000000000000000000000000000000000000000000000001110001010010011110001000011000101
000000000000000000000000000000000000000000000000000000000000000111010100011000000110011011011101
000000000000000000000000000000000000000000000000000000000000010111001010100110010000101011000111
000000000000000000000000000000000000000000000000000000000000101101011010001000101000011010011011
000000000000000000000000000000000000000000000000000000000000010001011001000010000010010010011001
000000000000000000000000000000000000000000000000000000000000011011011010100111110111011111011000
000000000000000000000000000000000000000000000000000000000000101110000000001110111011001010101111
000000000000000000000000000000000000000000000000000000000000010111111001010110111111101111000001
000000000000000000000000000000000000000000000000000000000000001100001111110110011111111110110001
000000000000000000000000000000000000000000000000000000000000111100101010010001100010010101000011
000000000000000000000000000000000000000000000000000000000000011110101101110111100001101000010011
000000000000000000000000000000000000000000000000000000000000000101010011100010001001010101101010
000000000000000000000000000000000000000000000000000000000000110111100110110011101011011101101101
000000000000000000000000000000000000000000000000000000000000001100100110110000011000101111110101
000000000000000000000000000000000000000000000000000000000000111111111011001010010110001011011110
000000000000000000000000000000000000000000000000000000000000110101100111111010111100110100011000
000000000000000000000000000000000000000000000000000000000000011011011001000111111001011111110010
000000000000000000000000000000000000000000000000000000000000010011100111101101101100001010101010
000000000000000000000000000000000000000000000000000000000000011100101000100101011000010110001100
000000000000000000000000000000000000000000000000000000000000110101110001000110110001110010100011
000000000000000000000000000000000000000000000000000000000000100001000001101011110110100000100111
000000000000000000000000000000000000000000000000000000000000110011001000100001101001010010010111
000000000000000000000000000000000000000000000000000000000000101011000001100001101001100100101100
000000000000000000000000000000000000000000000000000000000000001010110010011101010011100101101001
000000000000000000000000000000000000000000000000000000000000101010011100011100000010110011000011
000000000000000000000000000000000000000000000000000000000000110101110101111010001001010001100100
000000000000000000000000000000000000000000000000000000000000100110101111010000001000100011110010
000000000000000000000000000000000000000000000000000000000000011001110000100000101100100110111010
000000000000000000000000000000000000000000000000000000000000100010010111001010100000100011010011
000000000000000000000000000000000000000000000000000000000000100010101011000000110011111110101001
000000000000000000000000000000000000000000000000000000000000001110011111101110001000000100111001
000000000000000000000000000000000000000000000000000000000000111110000011101000011111001001100010
000000000000000000000000000000000000000000000000000000000000011000000110100011000100011111100010
000000000000000000000000000000000000000000000000000000000000001111001101101000011111100010100111
000000000000000000000000000000000000000000000000000000000000111100101001001010011001011010011000
000000000000000000000000000000000000000000000000000000000000110001010000010011110110000111100010
000000000000000000000000000000000000000000000000000000000000000100011111001111011110101001001110
000000000000000000000000000000000000000000000000000000000000010100100010111111100011010001100101
000000000000000000000000000000000000000000000000000000000000100011000011101011111110110111101110
000000000000000000000000000000000000000000000000000000000000011100011111100001100100100100010010
000000000000000000000000000000000000000000000000000000000000111001111111100101010001101001110001
000000000000000000000000000000000000000000000000000000000000011011001100011111111111011111001000
000000000000000000000000000000000000000000000000000000000000111010010111010001110010001101011011
000000000000000000000000000000000000000000000000000000000000110011111111111011010001011010111111
000000000000000000000000000000000000000000000000000000000000001000110010111000011010001111011010
000000000000000000000000000000000000000000000000000000000000000011000000000001011000010101111111
000000000000000000000000000000000000000000000000000000000000101111001110101011001100001100100110
000000000000000000000000000000000000000000000000000000000000111101001010010100000101101000110001
000000000000000000000000000000000000000000000000000000000000000011110111101001001001100011011000
000000000000000000000000000000000000000000000000000000000000110000100111101100001001000110100100
000000000000000000000000000000000000000000000000000000000000111101011010101010101111101100001001
000000000000000000000000000000000000000000000000000000000000111110101001101101011101110001101110
000000000000000000000000000000000000000000000000000000000000001100110010001000001010110101110001
000000000000000000000000000000000000000000000000000000000000100011100010001110100000010100101101
000000000000000000000000000000000000000000000000000000000000000111110001101110001110001101001010
000000000000000000000000000000000000000000000000000000000000001000011011011110101111010000111101
000000000000000000000000000000000000000000000000000000000000100100000111010100101000010110011010
000000000000000000000000000000000000000000000000000000000000111000010010001000111001101001010001
000000000000000000000000000000000000000000000000000000000000011100110001111100011010101011100001
000000000000000000000000000000000000000000000000000000000000000011100011110001100001110010011111
000000000000000000000000000000000000000000000000000000000000100011011011010111101111111101010111
000000000000000000000000000000000000000000000000000000000000100000001011101010101110111001011010
000000000000000000000000000000000000000000000000000000000000010101101001000001001001000011110110
000000000000000000000000000000000000000000000000000000000000010010100101000101011110001101111100
000000000000000000000000000000000000000000000000000000000000000101111000101010101101010001110000
000000000000000000000000000000000000000000000000000000000000111110010110010101101001100010001001
000000000000000000000000000000000000000000000000000000000000010111100111100111111011111110010111
000000000000000000000000000000000000000000000000000000000000000000100011100110100010011011000110
000000000000000000000000000000000000000000000000000000000000110011001000111011111011010010011110
000000000000000000000000000000000000000000000000000000000000010000111101011100101000000110001001
000000000000000000000000000000000000000000000000000000000000101011000110001110001001010000001101
000000000000000000000000000000000000000000000000000000000000001010100001010100110010001100100010
000000000000000000000000000000000000000000000000000000000000001001001011100010111110001101100110
000000000000000000000000000000000000000000000000000000000000000110100010101001001011110010011100
000000000000000000000000000000000000000000000000000000000000011011101011101001010100111011110100
000000000000000000000000000000000000000000000000000000000000000001000101111111011101100100010110
000000000000000000000000000000000000000000000000000000000000111000011000001001000100000001011111
000000000000000000000000000000000000000000000000000000000000111111000101100101111010001101111111
000000000000000000000000000000000000000000000000000000000000001101010111010001000110100011010011
000000000000000000000000000000000000000000000000000000000000010001010101100101101011110010110110
000000000000000000000000000000000000000000000000000000000000001110000010110010000010000010111110
000000000000000000000000000000000000000000000000000000000000010010011101000111100001111001111111
000000000000000000000000000000000000000000000000000000000000011111100010101011001100010000000100
000000000000000000000000000000000000000000000000000000000000000110001110011101000011010001001001
000000000000000000000000000000000000000000000000000000000000001110101001000001101001100101000001
000000000000000000000000000000000000000000000000000000000000100011101010100111000010011110010100
000000000000000000000000000000000000000000000000000000000000100000111001000110110010010001010100
000000000000000000000000000000000000000000000000000000000000000111001010101001001100000111110010
000000000000000000000000000000000000000000000000000000000000000100010010001111010111011011110010
000000000000000000000000000000000000000000000000000000000000011011111000100010110011100100100001
000000000000000000000000000000000000000000000000000000000000000111111011011010011101100000100111
000000000000000000000000000000000000000000000000000000000000110011001001010110110000111010000110
000000000000000000000000000000000000000000000000000000000000011110010101111110011100111110010101
000000000000000000000000000000000000000000000000000000000000000000100011110101111111001100000000
000000000000000000000000000000000000000000000000000000000000101001111000111111101100010111110110
000000000000000000000000000000000000000000000000000000000000111011001011010001101011111001111000
000000000000000000000000000000000000000000000000000000000000000111110100101111111110001100100001
000000000000000000000000000000000000000000000000000000000000101111001010100000010001011011000111
000000000000000000000000000000000000000000000000000000000000010100101011010000111010101010000000
000000000000000000000000000000000000000000000000000000000000100000101000010100110001111001111001
000000000000000000000000000000000000000000000000000000000000011100110110011010111000101111010011
000000000000000000000000000000000000000000000000000000000000110100100111101000000111011010001110
000000000000000000000000000000000000000000000000000000000000000101011011011001000110101101111000
000000000000000000000000000000000000000000000000000000000000010100000101001100110101101110100111
000000000000000000000000000000000000000000000000000000000000010101100111011110110101101100000111
000000000000000000000000000000000000000000000000000000000000001110010000101101111001011111101001
000000000000000000000000000000000000000000000000000000000000011001000000110011011100011101100001
000000000000000000000000000000000000000000000000000000000000110100011111000110100011011101001010
000000000000000000000000000000000000000000000000000000000000111110100001010100010110101000101110
000000000000000000000000000000000000000000000000000000000000111000010010001111000110101110101100
000000000000000000000000000000000000000000000000000000000000011100000101111111010100000110001110
000000000000000000000000000000000000000000000000000000000000011100000011101100001110101000000001
000000000000000000000000000000000000000000000000000000000000101110101001011100100011001010111110
000000000000000000000000000000000000000000000000000000000000100111011001000101100011001000000011
000000000000000000000000000000000000000000000000000000000000010010110111101111110000110101110011
000000000000000000000000000000000000000000000000000000000000011011110100011011111011001100111111
000000000000000000000000000000000000000000000000000000000000110110011111100010010111100000110101
000000000000000000000000000000000000000000000000000000000000110100000010110100110011110110010100
000000000000000000000000000000000000000000000000000000000000010000101011100100000110101010001000
000000000000000000000000000000000000000000000000000000000000000011101101100000011101001001011000
000000000000000000000000000000000000000000000000000000000000100010101110110001110101100110101110
000000000000000000000000000000000000000000000000000000000000111101110100001111011011000010100100
000000000000000000000000000000000000000000000000000000000000100100011111111001111111111100100010
000000000000000000000000000000000000000000000000000000000000111100110010000101101001110011111011
000000000000000000000000000000000000000000000000000000000000101000010101111100010010010010110110
000000000000000000000000000000000000000000000000000000000000011111000010101011100001001011010100
000000000000000000000000000000000000000000000000000000000000000000100110100011111100000110101001
000000000000000000000000000000000000000000000000000000000000110101100110110111111001110000000100
000000000000000000000000000000000000000000000000000000000000110000101010100011110001001100111000
000000000000000000000000000000000000000000000000000000000000001111001101000010000000011010101010
000000000000000000000000000000000000000000000000000000000000011101010100101110011111000101100001
000000000000000000000000000000000000000000000000000000000000100100011111000001000101001001010000
000000000000000000000000000000000000000000000000000000000000100010111010011111110110000110000011
000000000000000000000000000000000000000000000000000000000000100000010111001100010001011010101000
000000000000000000000000000000000000000000000000000000000000010100101001101000001100001100100111
000000000000000000000000000000000000000000000000000000000000100010111111111111010011111000010110
000000000000000000000000000000000000000000000000000000000000100001101010110100101111011011111110
000000000000000000000000000000000000000000000000000000000000011111000110101011111101000111100011
000000000000000000000000000000000000000000000000000000000000011110000000011010000010010010000101
000000000000000000000000000000000000000000000000000000000000101001000100011010001011011111110110
000000000000000000000000000000000000000000000000000000000000001001100010110011011011111101110100
000000000000000000000000000000000000000000000000000000000000011110100011111001010110101001110111
000000000000000000000000000000000000000000000000000000000000010101100000011000110000001111100010
000000000000000000000000000000000000000000000000000000000000100100101011110000101101110011111101
000000000000000000000000000000000000000000000000000000000000010001100110001110000001010010111100
000000000000000000000000000000000000000000000000000000000000010100010110010100011110000000101000
000000000000000000000000000000000000000000000000000000000000110100111001101011011111000111111011
000000000000000000000000000000000000000000000000000000000000011011010110000001001100000100101010
000000000000000000000000000000000000000000000000000000000000111101100011101111110001011101111100
000000000000000000000000000000000000000000000000000000000000101101100000011011001111110101100111
000000000000000000000000000000000000000000000000000000000000101001000010011111001010100010101111
000000000000000000000000000000000000000000000000000000000000100111001111010011111010011101100001
000000000000000000000000000000000000000000000000000000000000111110110111111111010000100000010110
000000000000000000000000000000000000000000000000000000000000100001001110011010101111000101111101
000000000000000000000000000000000000000000000000000000000000000111001100100010011011000010000110
000000000000000000000000000000000000000000000000000000000000001100010011000100011000011001011000
000000000000000000000000000000000000000000000000000000000000010111100010001000110000101101110110
000000000000000000000000000000000000000000000000000000000000000111101100110101110011111110100000
000000000000000000000000000000000000000000000000000000000000011100010110000000111001101000001011
000000000000000000000000000000000000000000000000000000000000011111111000110101010110010000110100
000000000000000000000000000000000000000000000000000000000000001110110010111110010110001000100011
000000000000000000000000000000000000000000000000000000000000001100001011001001111000010001010011
000000000000000000000000000000000000000000000000000000000000101101000111101100001101010101110011
000000000000000000000000000000000000000000000000000000000000100101101110000001111000000011101001
000000000000000000000000000000000000000000000000000000000000101010010000001001001111111010100010
000000000000000000000000000000000000000000000000000000000000100001010111100011000001101100011100
000000000000000000000000000000000000000000000000000000000000000011100001110100001101000000111110
000000000000000000000000000000000000000000000000000000000000011110010110100100011101001010111110
000000000000000000000000000000000000000000000000000000000000100000010111111110010011000011110000
000000000000000000000000000000000000000000000000000000000000110101010000100000011011010011111001
000000000000000000000000000000000000000000000000000000000000010010001001010000110011011001101010
000000000000000000000000000000000000000000000000000000000000001011001001010110011000101101111100
000000000000000000000000000000000000000000000000000000000000000000000010011100000110101011011110
000000000000000000000000000000000000000000000000000000000000110100010010010111101101100011100011
000000000000000000000000000000000000000000000000000000000000011011101110000000000001010000111111
000000000000000000000000000000000000000000000000000000000000000010000011001101011001001110010000
000000000000000000000000000000000000000000000000000000000000010101000111110011000011111100100100
000000000000000000000000000000000000000000000000000000000000111101010010101010010100100001100100
000000000000000000000000000000000000000000000000000000000000101111010010111000110111011011010001
000000000000000000000000000000000000000000000000000000000000001011111011100111101001111011001011
000000000000000000000000000000000000000000000000000000000000011010101111110000111101101100011010
000000000000000000000000000000000000000000000000000000000000100000101010110000110000110100110000
000000000000000000000000000000000000000000000000000000000000110011011010100101000011001100110110
000000000000000000000000000000000000000000000000000000000000011101100010101101000000011101010111
000000000000000000000000000000000000000000000000000000000000111111001010001001110111011000001100
000000000000000000000000000000000000000000000000000000000000100001111011010000111101111110101111
000000000000000000000000000000000000000000000000000000000000101011101011100100001000101011100111
000000000000000000000000000000000000000000000000000000000000010000001111011000001100011110010001
000000000000000000000000000000000000000000000000000000000000011110010101110111010101111001001010
000000000000000000000000000000000000000000000000000000000000010010100000111110000000110011010110
000000000000000000000000000000000000000000000000000000000000011000010001000011110101101100110100
000000000000000000000000000000000000000000000000000000000000110011111100010010000010111111000111
000000000000000000000000000000000000000000000000000000000000011010010100001001011000110011101110
000000000000000000000000000000000000000000000000000000000000110010100100000000010010010000111101
000000000000000000000000000000000000000000000000000000000000001000110100011010101001100000011100
000000000000000000000000000000000000000000000000000000000000010010100010010001000001001110000000
000000000000000000000000000000000000000000000000000000000000111000111011011001100010001010101101
000000000000000000000000000000000000000000000000000000000000000111101001101001010010001101000110
000000000000000000000000000000000000000000000000000000000000000011110001100110111001111101000110
000000000000000000000000000000000000000000000000000000000000001010001100000111101000000101101111
000000000000000000000000000000000000000000000000000000000000000011010101000110111000110011010101
000000000000000000000000000000000000000000000000000000000000100011011110101110001000101111010010
000000000000000000000000000000000000000000000000000000000000010110001110111110010011000111011000
000000000000000000000000000000000000000000000000000000000000111101101101001100111010100100111010
000000000000000000000000000000000000000000000000000000000000101011000000010010010110110101011000
000000000000000000000000000000000000000000000000000000000000101010111010011001111111110110111001
000000000000000000000000000000000000000000000000000000000000101000001000011100101000101110101110
000000000000000000000000000000000000000000000000000000000000101011011000111100011110010001001000
000000000000000000000000000000000000000000000000000000000000111001111011110100001110001010110101
000000000000000000000000000000000000000000000000000000000000101001001111110101010100110110100000
000000000000000000000000000000000000000000000000000000000000110000011101111111001110001011101000
000000000000000000000000000000000000000000000000000000000000110011111001001100001100000011101010
000000000000000000000000000000000000000000000000000000000000000111110101111000010010100000111100
000000000000000000000000000000000000000000000000000000000000101000101010100001111011001010001110
000000000000000000000000000000000000000000000000000000000000111101011011111101101010111010010111
000000000000000000000000000000000000000000000000000000000000010111101010100000001101011111010010
000000000000000000000000000000000000000000000000000000000000111000111001111100111101111001000000
000000000000000000000000000000000000000000000000000000000000110101101000111100100000110111110001
000000000000000000000000000000000000000000000000000000000000101010110101010100111100001111101011
000000000000000000000000000000000000000000000000000000000000000001011100000111010100000010110101
000000000000000000000000000000000000000000000000000000000000110001100001111000011001001000001110
000000000000000000000000000000000000000000000000000000000000110001001110111001001100010000110011
000000000000000000000000000000000000000000000000000000000000001010110111001010111101000110011001
000000000000000000000000000000000000000000000000000000000000011010010110111100110101001010101011
000000000000000000000000000000000000000000000000000000000000101101000011011000011010100100011111
000000000000000000000000000000000000000000000000000000000000011101011010000101010111101000011000
000000000000000000000000000000000000000000000000000000000000000001001011111101111100000001000000
000000000000000000000000000000000000000000000000000000000000110000011100110001100100110100001011
000000000000000000000000000000000000000000000000000000000000110001001110001101011000000100011000
000000000000000000000000000000000000000000000000000000000000110100111001000100111101110001010101
000000000000000000000000000000000000000000000000000000000000010001000011011000011101001101111111
000000000000000000000000000000000000000000000000000000000000111111000100011010011111010101110101
000000000000000000000000000000000000000000000000000000000000010110010000111011000110100100011011
000000000000000000000000000000000000000000000000000000000000111100101100111000101010110110101100
000000000000000000000000000000000000000000000000000000000000000100010101010110001100000000010001
000000000000000000000000000000000000000000000000000000000000101111001001111000100110010010010100
000000000000000000000000000000000000000000000000000000000000101100001111011110100111010100001011
000000000000000000000000000000000000000000000000000000000000100100101011111000011010011110101110
000000000000000000000000000000000000000000000000000000000000000000010001000100010101011011000110
000000000000000000000000000000000000000000000000000000000000101101001011100111100111011100011101
000000000000000000000000000000000000000000000000000000000000011011010111010111001101101001011111
000000000000000000000000000000000000000000000000000000000000100000000000100000110010110011000010
000000000000000000000000000000000000000000000000000000000000100101100000011000011110110010111010
000000000000000000000000000000000000000000000000000000000000000011001001100000010111000100010100
000000000000000000000000000000000000000000000000000000000000011011001100001100001110000010010111
000000000000000000000000000000000000000000000000000000000000100101011001100100101101100010110100
000000000000000000000000000000000000000000000000000000000000111101100101000000000101001100001010
000000000000000000000000000000000000000000000000000000000000101111111100100111000000000000001100
000000000000000000000000000000000000000000000000000000000000101110110100100110100110101010100010
000000000000000000000000000000000000000000000000000000000000111110011101000000111010100010110010
000000000000000000000000000000000000000000000000000000000000011101001011001101010010010111111101
000000000000000000000000000000000000000000000000000000000000111010000010011000011100011111010111
000000000000000000000000000000000000000000000000000000000000011101110111110100000111010111001010
000000000000000000000000000000000000000000000000000000000000101101110011011111110100111000000100
000000000000000000000000000000000000000000000000000000000000011011101000110010110110000111000011
000000000000000000000000000000000000000000000000000000000000100110101100011100010000000001100100
000000000000000000000000000000000000000000000000000000000000011001100111110001011110111111011110
000000000000000000000000000000000000000000000000000000000000011110001101110000101001010111100011
000000000000000000000000000000000000000000000000000000000000110001111100000111010010010000111001
000000000000000000000000000000000000000000000000000000000000111101111010111010100110000110011101
000000000000000000000000000000000000000000000000000000000000000101111110100110010011000101010111
000000000000000000000000000000000000000000000000000000000000001000011011010101001011011101010000
000000000000000000000000000000000000000000000000000000000000011111011011111001111110101010111011
000000000000000000000000000000000000000000000000000000000000101111000010110000100110000110111100
000000000000000000000000000000000000000000000000000000000000101101011010101011100000110111111111
000000000000000000000000000000000000000000000000000000000000111110111110101101011101100111000001
000000000000000000000000000000000000000000000000000000000000011011011111101111001000000011010110
000000000000000000000000000000000000000000000000000000000000000111101011001110000110111101101111
000000000000000000000000000000000000000000000000000000000000001100110111010110001000001000000011
000000000000000000000000000000000000000000000000000000000000101010010000010111010101111001011000
000000000000000000000000000000000000000000000000000000000000100011000101111001010110011110000110
000000000000000000000000000000000000000000000000000000000000011110011011011101111000010100100001
000000000000000000000000000000000000000000000000000000000000100100010011001001010111111110110001
000000000000000000000000000000000000000000000000000000000000010011110001100001011110111010100010
000000000000000000000000000000000000000000000000000000000000100000101100000111111101101010110100
000000000000000000000000000000000000000000000000000000000000101011111000100101000110110000011101
000000000000000000000000000000000000000000000000000000000000011010101001100101111100010101000000
000000000000000000000000000000000000000000000000000000000000111001000011001101011101011001000111
000000000000000000000000000000000000000000000000000000000000110010010111000000000001010101000100
000000000000000000000000000000000000000000000000000000000000110010010000111100110101011010011010
000000000000000000000000000000000000000000000000000000000000101101010000010100011000101011000011
000000000000000000000000000000000000000000000000000000000000111001001010101001100011101111110110
000000000000000000000000000000000000000000000000000000000000111111110001011100101101011100101101
000000000000000000000000000000000000000000000000000000000000011001010101111000111000011100100111
000000000000000000000000000000000000000000000000000000000000100100001001100111000100011001100011
000000000000000000000000000000000000000000000000000000000000100001011110000110110111001101000101
000000000000000000000000000000000000000000000000000000000000110100100011010101111011111110000111
000000000000000000000000000000000000000000000000000000000000111100101010100011000111100011100000
000000000000000000000000000000000000000000000000000000000000111011100111010100001001010000100010
000000000000000000000000000000000000000000000000000000000000010001000010001100111101101000100101
000000000000000000000000000000000000000000000000000000000000011111110100010010100100110101001011
000000000000000000000000000000000000000000000000000000000000011111000100010011011000011001011010
000000000000000000000000000000000000000000000000000000000000010100000001100010011000011000110011
000000000000000000000000000000000000000000000000000000000000010000011110011011010001110100010000
000000000000000000000000000000000000000000000000000000000000110110100110001110110110000011010100
000000000000000000000000000000000000000000000000000000000000101000000000001101011011101011101100
000000000000000000000000000000000000000000000000000000000000011001000000010011000101010111101100
000000000000000000000000000000000000000000000000000000000000011000011001000001001111000100011111
000000000000000000000000000000000000000000000000000000000000100001101101010010110000011111011001
000000000000000000000000000000000000000000000000000000000000011011011111100011010000100111111101
000000000000000000000000000000000000000000000000000000000000111000110011110000110101110010100100
000000000000000000000000000000000000000000000000000000000000110101100111011111011000001110101000
000000000000000000000000000000000000000000000000000000000000000101011111010000001110101111010011
000000000000000000000000000000000000000000000000000000000000010100111100100110010101011001001101
000000000000000000000000000000000000000000000000000000000000001010100011111100100110000011100100
000000000000000000000000000000000000000000000000000000000000011100111110001101110110100000100110
000000000000000000000000000000000000000000000000000000000000000000001001101011100001011011111111
000000000000000000000000000000000000000000000000000000000000100111111111100010111011110011101010
000000000000000000000000000000000000000000000000000000000000100111011011011110110011101001110000
000000000000000000000000000000000000000000000000000000000000010000001110011111110100111001010011
000000000000000000000000000000000000000000000000000000000000100001111001111111000100000011000011
000000000000000000000000000000000000000000000000000000000000000000111111010101000010011001101110
000000000000000000000000000000000000000000000000000000000000001111010001001111100001100001000111
000000000000000000000000000000000000000000000000000000000000100011010100101011110101010110110100
000000000000000000000000000000000000000000000000000000000000001010011001101101000001011110100100
000000000000000000000000000000000000000000000000000000000000100011000011000000100100001111010001
000000000000000000000000000000000000000000000000000000000000011101010101110101110100000000010111
000000000000000000000000000000000000000000000000000000000000010001110111011011000011000101000010
000000000000000000000000000000000000000000000000000000000000100001000001101000111010010011110101
000000000000000000000000000000000000000000000000000000000000011011011001100111111001001000010100
000000000000000000000000000000000000000000000000000000000000101101110111010101110011010111110110
000000000000000000000000000000000000000000000000000000000000111110100100101000011011111101001110
000000000000000000000000000000000000000000000000000000000000110000001001010111010001011000000101
000000000000000000000000000000000000000000000000000000000000110101101101001010101111110011111000
000000000000000000000000000000000000000000000000000000000000001001000111110000110110010010110111
000000000000000000000000000000000000000000000000000000000000101001011011101101000011100000010101
000000000000000000000000000000000000000000000000000000000000111110100111000111000100011110101101
000000000000000000000000000000000000000000000000000000000000101010001101000010010110110100011110
000000000000000000000000000000000000000000000000000000000000001011011011111110001111101011110000
000000000000000000000000000000000000000000000000000000000000111111100110011100001101100011001100
000000000000000000000000000000000000000000000000000000000000000100100100001001010100000000101110
000000000000000000000000000000000000000000000000000000000000110010101110110001110001101111110111
000000000000000000000000000000000000000000000000000000000000011101111111100110010010001001011110
000000000000000000000000000000000000000000000000000000000000100000011110001101101001100101000110
000000000000000000000000000000000000000000000000000000000000000010110111100101111100000010011010
000000000000000000000000000000000000000000000000000000000000110011101010011011110011111010100011
000000000000000000000000000000000000000000000000000000000000000010101111100110100000001101101001
000000000000000000000000000000000000000000000000000000000000111100010010011101011100110000100000
000000000000000000000000000000000000000000000000000000000000001001100101101000111010101111111001
000000000000000000000000000000000000000000000000000000000000001101010000000101110100101000100001
000000000000000000000000000000000000000000000000000000000000001011110100111100010001000110100110
000000000000000000000000000000000000000000000000000000000000100011100010000000111000001001110001
000000000000000000000000000000000000000000000000000000000000011100110101101001001010011011111100
000000000000000000000000000000000000000000000000000000000000001011001110000101010111001011110001
000000000000000000000000000000000000000000000000000000000000001001000100000010110101001111011100
000000000000000000000000000000000000000000000000000000000000001011111011111111000110001100010010
000000000000000000000000000000000000000000000000000000000000100011010000001100011011011111110010
000000000000000000000000000000000000000000000000000000000000001011011100100111101000100111001011
000000000000000000000000000000000000000000000000000000000000101011001011101010001100110011100000
000000000000000000000000000000000000000000000000000000000000010101111011110001101110000100100101
000000000000000000000000000000000000000000000000000000000000111000010100100001010110100110101001
000000000000000000000000000000000000000000000000000000000000110000011101110000111111011111001101
000000000000000000000000000000000000000000000000000000000000110000111001110101001110100100101001
000000000000000000000000000000000000000000000000000000000000001111001101000000100011110010011010
000000000000000000000000000000000000000000000000000000000000000110101011001001101001101100000101
000000000000000000000000000000000000000000000000000000000000111111111010110010000100100101001101
000000000000000000000000000000000000000000000000000000000000001110101110001110010011111010010101
000000000000000000000000000000000000000000000000000000000000111100011001111100101010110010110100
000000000000000000000000000000000000000000000000000000000000011111011110101000110111110010011011
000000000000000000000000000000000000000000000000000000000000100110110011101000000110110000011110
000000000000000000000000000000000000000000000000000000000000111011000100001011110111001000111111
000000000000000000000000000000000000000000000000000000000000101011100100010110001101000110011000
000000000000000000000000000000000000000000000000000000000000010111001010001100010010000011000010
000000000000000000000000000000000000000000000000000000000000101100010010111000110100101000110001
000000000000000000000000000000000000000000000000000000000000011001011001111010111110100100111100
000000000000000000000000000000000000000000000000000000000000111110100111110001110010001100001100
000000000000000000000000000000000000000000000000000000000000100100010000111000011100000101001001
000000000000000000000000000000000000000000000000000000000000000101111101100100001110011111110011
000000000000000000000000000000000000000000000000000000000000010010001101000010100011101101011001
000000000000000000000000000000000000000000000000000000000000101000001001111010000011110101011101
000000000000000000000000000000000000000000000000000000000000100100111001010110111100011000101011
000000000000000000000000000000000000000000000000000000000000001110011101011110011001110101101010
000000000000000000000000000000000000000000000000000000000000011100011110100000001000000011010011
000000000000000000000000000000000000000000000000000000000000111010100111100010000010011001011001
000000000000000000000000000000000000000000000000000000000000010111101100110111101100101001010010
000000000000000000000000000000000000000000000000000000000000001100010010001001111110000101101111
000000000000000000000000000000000000000000000000000000000000000000010000101000110010111000001101
000000000000000000000000000000000000000000000000000000000000001001101001010011001011110010011000
000000000000000000000000000000000000000000000000000000000000010111010010010101001100011101000001
000000000000000000000000000000000000000000000000000000000000110101001011110110100110000110110000
000000000000000000000000000000000000000000000000000000000000001111100110000101010100111111111111
000000000000000000000000000000000000000000000000000000000000000101011110001011010101001100010101
000000000000000000000000000000000000000000000000000000000000011110010111000011011011101011001110
000000000000000000000000000000000000000000000000000000000000000100110001110100100111000110011001
000000000000000000000000000000000000000000000000000000000000110100101111110010011110110010000101
000000000000000000000000000000000000000000000000000000000000111100000100100001010011001001100101
000000000000000000000000000000000000000000000000000000000000101010111101100011100110000111011110
000000000000000000000000000000000000000000000000000000000000111110011111110100111101111110010101
000000000000000000000000000000000000000000000000000000000000000110010111010100011011111001111001
000000000000000000000000000000000000000000000000000000000000110110000010011011110010011010111100
000000000000000000000000000000000000000000000000000000000000110111011010001001111001110001110011
000000000000000000000000000000000000000000000000000000000000001100100101101100000100011001011000
000000000000000000000000000000000000000000000000000000000000000011011111111001000011110001000000
000000000000000000000000000000000000000000000000000000000000101001011100000111101000001000000111
000000000000000000000000000000000000000000000000000000000000011111010101111100000010111000101111
000000000000000000000000000000000000000000000000000000000000010110000011111010001011111100101011
000000000000000000000000000000000000000000000000000000000000100000110101100111001111011000101101
000000000000000000000000000000000000000000000000000000000000010111000011110010101000000111010111
000000000000000000000000000000000000000000000000000000000000111001101011100001101001101001111101
