000000000000000000000000000000000000000000000000000000000000101001011101011100110110000100001010
000000000000000000000000000000000000000000000000000000000000001010001100101110011010111111110110
000000000000000000000000000000000000000000000000000000000000111101101011101000110110101001110000
000000000000000000000000000000000000000000000000000000000000111000011001000001011010111000110001
000000000000000000000000000000000000000000000000000000000000101000110101001101010111101010010101
000000000000000000000000000000000000000000000000000000000000011001111011011001010111101011001110
000000000000000000000000000000000000000000000000000000000000010010000000001010011111000111110001
000000000000000000000000000000000000000000000000000000000000011111111111110111000001001010110000
000000000000000000000000000000000000000000000000000000000000010100111001111000001100011110100011
000000000000000000000000000000000000000000000000000000000000111100010011010100100100111000111111
000000000000000000000000000000000000000000000000000000000000011101110000000110001101110110000000
000000000000000000000000000000000000000000000000000000000000011011110000000001101110001101101001
000000000000000000000000000000000000000000000000000000000000001010011111111001001100111010001100
000000000000000000000000000000000000000000000000000000000000110011100100000001010001011101110001
000000000000000000000000000000000000000000000000000000000000001100010000011110100001011011010010
000000000000000000000000000000000000000000000000000000000000111111001100001110010011100011101010
000000000000000000000000000000000000000000000000000000000000001001001100110000101010111101000011
000000000000000000000000000000000000000000000000000000000000001001001111000010110011111010000111
000000000000000000000000000000000000000000000000000000000000000000101000110010011011010101010110
000000000000000000000000000000000000000000000000000000000000111000011101111000100000110111111000
000000000000000000000000000000000000000000000000000000000000010011111001101011001110101011101011
000000000000000000000000000000000000000000000000000000000000100000010011111111010000100111011111
000000000000000000000000000000000000000000000000000000000000001101000000010001011010111110100010
000000000000000000000000000000000000000000000000000000000000100011000000111111100001011100100110
000000000000000000000000000000000000000000000000000000000000111111010101001011010100101001110101
000000000000000000000000000000000000000000000000000000000000001010111111111000010000100111001010
000000000000000000000000000000000000000000000000000000000000000001101011010000101000100111100001
000000000000000000000000000000000000000000000000000000000000110111100010110100011101001110110110
000000000000000000000000000000000000000000000000000000000000010001110110000001100100110100000111
000000000000000000000000000000000000000000000000000000000000111011110011110010101011111010110101
000000000000000000000000000000000000000000000000000000000000100100010000100100110011100000001110
000000000000000000000000000000000000000000000000000000000000010110010100000001101101010001011010
000000000000000000000000000000000000000000000000000000000000111110010100110111010010100011011101
000000000000000000000000000000000000000000000000000000000000101000001101001101100110101011110000
000000000000000000000000000000000000000000000000000000000000100000100000100101001011000001100010
000000000000000000000000000000000000000000000000000000000000001100001101101100001111111011110100
000000000000000000000000000000000000000000000000000000000000110100011011100110100100110001111000
000000000000000000000000000000000000000000000000000000000000000101000101100101110111000110111101
000000000000000000000000000000000000000000000000000000000000010000011101111010110011001111110010
000000000000000000000000000000000000000000000000000000000000101110000001100100011110010001110000
000000000000000000000000000000000000000000000000000000000000100001111101101000110010100100111100
000000000000000000000000000000000000000000000000000000000000001010000011011000001000110111100010
000000000000000000000000000000000000000000000000000000000000000100001110100110011001011111111110
000000000000000000000000000000000000000000000000000000000000001111010000010110110101010011011111
000000000000000000000000000000000000000000000000000000000000000101101000110010110110011110100111
000000000000000000000000000000000000000000000000000000000000011101011011001010111010000000000101
000000000000000000000000000000000000000000000000000000000000001100001010011000110111101000110111
000000000000000000000000000000000000000000000000000000000000010111000100001011100010000000101011
000000000000000000000000000000000000000000000000000000000000111100001110101010111000000110001010
000000000000000000000000000000000000000000000000000000000000010000111001011100001011011111101000
000000000000000000000000000000000000000000000000000000000000011001001010011101001111011000110011
000000000000000000000000000000000000000000000000000000000000011010011111110111001010101100101110
000000000000000000000000000000000000000000000000000000000000110110111101101001101101010000111011
000000000000000000000000000000000000000000000000000000000000111111010001010000000000101001001100
000000000000000000000000000000000000000000000000000000000000101100101110011100100001111110110000
000000000000000000000000000000000000000000000000000000000000001100010110100010100111101111101010
000000000000000000000000000000000000000000000000000000000000010110010110100100111001101011000001
000000000000000000000000000000000000000000000000000000000000111110110001100101010110011101100101
000000000000000000000000000000000000000000000000000000000000001011001101010010001011011110111111
000000000000000000000000000000000000000000000000000000000000110111000101000011110100101010111000
000000000000000000000000000000000000000000000000000000000000111010110000110101100000011011100001
000000000000000000000000000000000000000000000000000000000000110000001100110100001101011011000111
000000000000000000000000000000000000000000000000000000000000101101101101110111101110011110100011
000000000000000000000000000000000000000000000000000000000000111100011011110011000000011011110001
000000000000000000000000000000000000000000000000000000000000000100011100011101010100100001101011
000000000000000000000000000000000000000000000000000000000000000011000011101010111110010001110011
000000000000000000000000000000000000000000000000000000000000100100010110001111010101111110111010
000000000000000000000000000000000000000000000000000000000000000100101110010111101110100011111110
000000000000000000000000000000000000000000000000000000000000000100001111010101010100110110000110
000000000000000000000000000000000000000000000000000000000000000101110011110110111100110000011100
000000000000000000000000000000000000000000000000000000000000101100111100101111010111110101001100
000000000000000000000000000000000000000000000000000000000000110010110001001100101011010010000001
000000000000000000000000000000000000000000000000000000000000000010001110110111001111001100001001
000000000000000000000000000000000000000000000000000000000000010000100000100001010100100111001111
000000000000000000000000000000000000000000000000000000000000001111000111010100111110011001011110
000000000000000000000000000000000000000000000000000000000000000100111110111110110000010000011101
000000000000000000000000000000000000000000000000000000000000110000000000001101100000001011101010
000000000000000000000000000000000000000000000000000000000000110110000110000001010000101011100100
000000000000000000000000000000000000000000000000000000000000100010011000100101100101100010011111
000000000000000000000000000000000000000000000000000000000000011111110110010110011111100110010010
000000000000000000000000000000000000000000000000000000000000101111010110000100111000100000110101
000000000000000000000000000000000000000000000000000000000000010010111101001100100100111000111011
000000000000000000000000000000000000000000000000000000000000011000011011000100100011010010101010
000000000000000000000000000000000000000000000000000000000000110001100100110001100100110101000111
000000000000000000000000000000000000000000000000000000000000110101110010100100010111011110011111
000000000000000000000000000000000000000000000000000000000000100110010010100111110001101010001000
000000000000000000000000000000000000000000000000000000000000010010100101001010111101101001101010
000000000000000000000000000000000000000000000000000000000000000101011110100011011110010001001111
000000000000000000000000000000000000000000000000000000000000011010101100010000111101000010000110
000000000000000000000000000000000000000000000000000000000000110010010111100101100010100001100011
000000000000000000000000000000000000000000000000000000000000110010000011011011110100000010111100
000000000000000000000000000000000000000000000000000000000000000011001001100110111000001110000110
000000000000000000000000000000000000000000000000000000000000001110011011110001111110000110011100
000000000000000000000000000000000000000000000000000000000000000100011010011001110101101011110101
000000000000000000000000000000000000000000000000000000000000111110010110111011100011000110101010
000000000000000000000000000000000000000000000000000000000000000000100000100111000011000001000011
000000000000000000000000000000000000000000000000000000000000000100000001101100101111000110101111
000000000000000000000000000000000000000000000000000000000000101001101100001010000001100100011011
000000000000000000000000000000000000000000000000000000000000101000110101100010100000111001101000
000000000000000000000000000000000000000000000000000000000000010100110011101110101111110001011100
000000000000000000000000000000000000000000000000000000000000001100110100011100010001010101101111
000000000000000000000000000000000000000000000000000000000000001110101100010010001101011100101011
000000000000000000000000000000000000000000000000000000000000101000001101100010100000111111110011
000000000000000000000000000000000000000000000000000000000000111010000100011011001111101010000111
000000000000000000000000000000000000000000000000000000000000010000111100111000100000000000000101
000000000000000000000000000000000000000000000000000000000000001110000111101001011000100110001001
000000000000000000000000000000000000000000000000000000000000110110100100111010001010100100100110
000000000000000000000000000000000000000000000000000000000000100101100010001101010110110101101110
000000000000000000000000000000000000000000000000000000000000000001100111101000111100111100011010
000000000000000000000000000000000000000000000000000000000000010110001111101001001000011110111001
000000000000000000000000000000000000000000000000000000000000110001101110001011110001010001001010
000000000000000000000000000000000000000000000000000000000000110001001010001000010100101101010000
000000000000000000000000000000000000000000000000000000000000100101000110111010010000110111011000
000000000000000000000000000000000000000000000000000000000000111111000000100101011101111111111110
000000000000000000000000000000000000000000000000000000000000010110111111101011010110101111110101
000000000000000000000000000000000000000000000000000000000000111100000010110010111100001010000011
000000000000000000000000000000000000000000000000000000000000011100000000011010101110000011110000
000000000000000000000000000000000000000000000000000000000000100010110000001000010100000001100110
000000000000000000000000000000000000000000000000000000000000010011101101001101111111100011101010
000000000000000000000000000000000000000000000000000000000000101010001101001010001100001110100011
000000000000000000000000000000000000000000000000000000000000101001010111011011011001101110100001
000000000000000000000000000000000000000000000000000000000000100010011001000110010111100101011010
000000000000000000000000000000000000000000000000000000000000011110111110110100111010010110001011
000000000000000000000000000000000000000000000000000000000000101000111101100010111110110001010100
000000000000000000000000000000000000000000000000000000000000110111111001101000111110001110101110
000000000000000000000000000000000000000000000000000000000000110011000100010010100001011111001000
000000000000000000000000000000000000000000000000000000000000111101000000011100010000010001110011
000000000000000000000000000000000000000000000000000000000000000100101000000011110111011100111100
000000000000000000000000000000000000000000000000000000000000100111011001101011111000111000011001
000000000000000000000000000000000000000000000000000000000000100001111010110001000001100111010001
000000000000000000000000000000000000000000000000000000000000001001110000100010101111111101110101
000000000000000000000000000000000000000000000000000000000000100100110011001011111010100110101000
000000000000000000000000000000000000000000000000000000000000101010111101110101010010100001111111
000000000000000000000000000000000000000000000000000000000000000111000101001100101011111110000001
000000000000000000000000000000000000000000000000000000000000110000000000001100111000010001110010
000000000000000000000000000000000000000000000000000000000000110011010000011110001010100110110100
000000000000000000000000000000000000000000000000000000000000011100100100101100000110001011100011
000000000000000000000000000000000000000000000000000000000000100001110010000010010010011100001101
000000000000000000000000000000000000000000000000000000000000101100100010010001001001100001001101
000000000000000000000000000000000000000000000000000000000000001010110111011101111000011100100110
000000000000000000000000000000000000000000000000000000000000010111001011010110101111010000001110
000000000000000000000000000000000000000000000000000000000000100110000011010111010110011000110000
000000000000000000000000000000000000000000000000000000000000010000100101111110101000000011010100
000000000000000000000000000000000000000000000000000000000000011001011101110010010111010000100111
000000000000000000000000000000000000000000000000000000000000001010100010111001111101000110000010
000000000000000000000000000000000000000000000000000000000000011001110101001110111110110001011111
000000000000000000000000000000000000000000000000000000000000111010001000111100001101001010110100
000000000000000000000000000000000000000000000000000000000000100010001011100100000010111100100100
000000000000000000000000000000000000000000000000000000000000111110100101011000010111000100100001
000000000000000000000000000000000000000000000000000000000000010101010110101001001110100101000101
000000000000000000000000000000000000000000000000000000000000110000101011111011001101010111101100
000000000000000000000000000000000000000000000000000000000000011001000111011110000101100010010100
000000000000000000000000000000000000000000000000000000000000100010011010101110100100110011101010
000000000000000000000000000000000000000000000000000000000000011001000011100011010001000100110001
000000000000000000000000000000000000000000000000000000000000111011001110011100001100100100000000
000000000000000000000000000000000000000000000000000000000000001100111001110100100001011110001010
000000000000000000000000000000000000000000000000000000000000000010000110011001110100000111010100
000000000000000000000000000000000000000000000000000000000000000000011100100111100111100010101000
000000000000000000000000000000000000000000000000000000000000100101011011010101000010001010101010
000000000000000000000000000000000000000000000000000000000000001000110001001010001011011110001101
000000000000000000000000000000000000000000000000000000000000100000110100011101111100111011001100
000000000000000000000000000000000000000000000000000000000000111110110010111111001000010001100111
000000000000000000000000000000000000000000000000000000000000000110001010010110100111111100101011
000000000000000000000000000000000000000000000000000000000000010011011100110110010111001101101010
000000000000000000000000000000000000000000000000000000000000100111011100000011000101001111100100
000000000000000000000000000000000000000000000000000000000000000001101010010110101111001010001101
000000000000000000000000000000000000000000000000000000000000101101101111010101101001010111011001
000000000000000000000000000000000000000000000000000000000000100101010110001110110101100110111000
000000000000000000000000000000000000000000000000000000000000001111110010001010010100011001000001
000000000000000000000000000000000000000000000000000000000000110111110001011101101110000001110001
000000000000000000000000000000000000000000000000000000000000111110011110111111000011000101110111
000000000000000000000000000000000000000000000000000000000000110011010110111111111011000111111011
000000000000000000000000000000000000000000000000000000000000000010000010001111001111100100001001
000000000000000000000000000000000000000000000000000000000000111101000111001000100001000100111111
000000000000000000000000000000000000000000000000000000000000110001100011101111001101011011011100
000000000000000000000000000000000000000000000000000000000000000100010100110110101010010000011101
000000000000000000000000000000000000000000000000000000000000110101010101001111001100110101100010
000000000000000000000000000000000000000000000000000000000000011101111011000000111000001001100111
000000000000000000000000000000000000000000000000000000000000000001110110110000100100000110111110
000000000000000000000000000000000000000000000000000000000000011110111010001110101011110000011101
000000000000000000000000000000000000000000000000000000000000110100010100101010101111011101111101
000000000000000000000000000000000000000000000000000000000000101010100001000011111001100001010100
000000000000000000000000000000000000000000000000000000000000010100010011111110101001000001100010
000000000000000000000000000000000000000000000000000000000000110110001001000000000110000110100110
000000000000000000000000000000000000000000000000000000000000100111101100100111011011000111010101
000000000000000000000000000000000000000000000000000000000000101011111110100111110100100000000000
000000000000000000000000000000000000000000000000000000000000010000101110101100001000001000001010
000000000000000000000000000000000000000000000000000000000000001010100000110100100010101011111010
000000000000000000000000000000000000000000000000000000000000111000010010111111000100110110001000
000000000000000000000000000000000000000000000000000000000000001000001101001111000100000101111110
000000000000000000000000000000000000000000000000000000000000101100111110001110000100111000101110
000000000000000000000000000000000000000000000000000000000000001001101000000011110100101111101000
000000000000000000000000000000000000000000000000000000000000011110001111101100001101101000010000
000000000000000000000000000000000000000000000000000000000000110100100011001110110110110011110001
000000000000000000000000000000000000000000000000000000000000111001101101110000110000000100101010
000000000000000000000000000000000000000000000000000000000000000000101111101001100000111101111010
000000000000000000000000000000000000000000000000000000000000000001110101101110101111011111100101
000000000000000000000000000000000000000000000000000000000000101011001101110100001100111001100111
000000000000000000000000000000000000000000000000000000000000101011101101000101101111110110101100
000000000000000000000000000000000000000000000000000000000000101010011101111010101101001010110000
000000000000000000000000000000000000000000000000000000000000101100011111111011101101001000011010
000000000000000000000000000000000000000000000000000000000000110000010101101110011010010011001101
000000000000000000000000000000000000000000000000000000000000010100000011000101010001010101001100
000000000000000000000000000000000000000000000000000000000000111010100100000110001000110010101100
000000000000000000000000000000000000000000000000000000000000001001110000101110001011000110001000
000000000000000000000000000000000000000000000000000000000000111101110001001010101010011100010001
000000000000000000000000000000000000000000000000000000000000011111001111111000111000110010111011
000000000000000000000000000000000000000000000000000000000000100101100011010000100100000011011000
000000000000000000000000000000000000000000000000000000000000001000111101011101101111110011110110
000000000000000000000000000000000000000000000000000000000000001110101000000011111110101100010111
000000000000000000000000000000000000000000000000000000000000101011011111011011110100111111110100
000000000000000000000000000000000000000000000000000000000000100111000101001100111110010100100011
000000000000000000000000000000000000000000000000000000000000101101001010001001101011010110011001
000000000000000000000000000000000000000000000000000000000000010111110000011000010001101010001110
000000000000000000000000000000000000000000000000000000000000001000010100101010010101101011001101
000000000000000000000000000000000000000000000000000000000000000101111101011010011010110000011001
000000000000000000000000000000000000000000000000000000000000001010111011000110111001111010111010
000000000000000000000000000000000000000000000000000000000000001010011010001101111110111000010001
000000000000000000000000000000000000000000000000000000000000011001011000101101110011100000101010
000000000000000000000000000000000000000000000000000000000000111101100010000111100011001100011111
000000000000000000000000000000000000000000000000000000000000111001100001001000101100000000101100
000000000000000000000000000000000000000000000000000000000000100000111110000111110011000101100010
000000000000000000000000000000000000000000000000000000000000101110101101101111000100001101001100
000000000000000000000000000000000000000000000000000000000000110001110010110111100011011001010001
000000000000000000000000000000000000000000000000000000000000000101000000011000110100100000010011
000000000000000000000000000000000000000000000000000000000000000001000010101101001100011011001001
000000000000000000000000000000000000000000000000000000000000110001111000000111001111001010000110
000000000000000000000000000000000000000000000000000000000000100101100110100100011101111001111101
000000000000000000000000000000000000000000000000000000000000001100111001110111110011111010010001
000000000000000000000000000000000000000000000000000000000000010001001110000100010101110011101100
000000000000000000000000000000000000000000000000000000000000111110000110000101110011010110001010
000000000000000000000000000000000000000000000000000000000000111111001000000101111111101110010110
000000000000000000000000000000000000000000000000000000000000001011111100001101110111001110011010
000000000000000000000000000000000000000000000000000000000000001111101111010000101100100101110010
000000000000000000000000000000000000000000000000000000000000111001111101101101000011100111101010
000000000000000000000000000000000000000000000000000000000000101100101010110110000110010100010101
000000000000000000000000000000000000000000000000000000000000010110001100000000100011110000111000
000000000000000000000000000000000000000000000000000000000000001101100110011000100111011000001111
000000000000000000000000000000000000000000000000000000000000111111011011000010001010101000011011
000000000000000000000000000000000000000000000000000000000000111110000110010000010011110110101010
000000000000000000000000000000000000000000000000000000000000001011001001010111011000100100110001
000000000000000000000000000000000000000000000000000000000000010110101011100010011111100110111001
000000000000000000000000000000000000000000000000000000000000110100110111100000000000010001110011
000000000000000000000000000000000000000000000000000000000000111101111111101101001001000110110011
000000000000000000000000000000000000000000000000000000000000110100010000000010000000010011010001
000000000000000000000000000000000000000000000000000000000000000010110001111010110000100110011101
000000000000000000000000000000000000000000000000000000000000010001000110011010000110111100101010
000000000000000000000000000000000000000000000000000000000000100110111100100111001001010110001100
000000000000000000000000000000000000000000000000000000000000111010011000111100001011111100010110
000000000000000000000000000000000000000000000000000000000000001111010001011100101100011011100111
000000000000000000000000000000000000000000000000000000000000001101101101111000101111010000001110
000000000000000000000000000000000000000000000000000000000000101110100100110010110111110100110001
000000000000000000000000000000000000000000000000000000000000001101010101000010001001000001011101
000000000000000000000000000000000000000000000000000000000000000111101011100001100010000001011011
000000000000000000000000000000000000000000000000000000000000000010111111010000101111110010100011
000000000000000000000000000000000000000000000000000000000000100001100110101000011011100001101111
000000000000000000000000000000000000000000000000000000000000001001110000000001111110011111111000
000000000000000000000000000000000000000000000000000000000000001100110000001100010101001011000010
000000000000000000000000000000000000000000000000000000000000001110011000101100100101011101101010
000000000000000000000000000000000000000000000000000000000000000010001100000011000101110011001001
000000000000000000000000000000000000000000000000000000000000110111111011000001100100010001111101
000000000000000000000000000000000000000000000000000000000000111011010101011011000101111000000001
000000000000000000000000000000000000000000000000000000000000000111001111100011000010000010000100
000000000000000000000000000000000000000000000000000000000000011100110100001110010111001110101010
000000000000000000000000000000000000000000000000000000000000100101010001110010010001011111010110
000000000000000000000000000000000000000000000000000000000000100111000000100001000100111110110000
000000000000000000000000000000000000000000000000000000000000010101100011111000110010111111000001
000000000000000000000000000000000000000000000000000000000000000101110010111111001101100111010111
000000000000000000000000000000000000000000000000000000000000000011110100000111101011100000111001
000000000000000000000000000000000000000000000000000000000000101111010101010000011100000110110011
000000000000000000000000000000000000000000000000000000000000111011010110101100110001100101001001
000000000000000000000000000000000000000000000000000000000000101010111010100011011010100111010110
000000000000000000000000000000000000000000000000000000000000111000110100000010011001010000101101
000000000000000000000000000000000000000000000000000000000000001110000110111011011011110000110110
000000000000000000000000000000000000000000000000000000000000110110110110101110011111000011111110
000000000000000000000000000000000000000000000000000000000000111001001110011101100101000101101011
000000000000000000000000000000000000000000000000000000000000001011111110011100110010011000010100
000000000000000000000000000000000000000000000000000000000000011101111000000011000100001111100011
000000000000000000000000000000000000000000000000000000000000110000010100010001110110101011111100
000000000000000000000000000000000000000000000000000000000000010111110110010000111000011100110010
000000000000000000000000000000000000000000000000000000000000000010100001101100111100010001110010
000000000000000000000000000000000000000000000000000000000000000000010011101000101010100101110100
000000000000000000000000000000000000000000000000000000000000000111111001010000011000111101110110
000000000000000000000000000000000000000000000000000000000000001100011110000000110000101100000111
000000000000000000000000000000000000000000000000000000000000001100110000010111001101101100110000
000000000000000000000000000000000000000000000000000000000000010001101101000000010111000000110110
000000000000000000000000000000000000000000000000000000000000000001001010101110111101100000000000
000000000000000000000000000000000000000000000000000000000000110101111101111101111101000011011110
000000000000000000000000000000000000000000000000000000000000001010111000110001001110110000100011
000000000000000000000000000000000000000000000000000000000000011000001110010010011100101111000110
000000000000000000000000000000000000000000000000000000000000100101010010101001111110000010100010
000000000000000000000000000000000000000000000000000000000000111010000111100000111010010110111011
000000000000000000000000000000000000000000000000000000000000110101111011111010111011100101001011
000000000000000000000000000000000000000000000000000000000000100110101001100010000000100100111100
000000000000000000000000000000000000000000000000000000000000001110010110101011111001110101001011
000000000000000000000000000000000000000000000000000000000000011000001111010110010100000111000111
000000000000000000000000000000000000000000000000000000000000101110100000100111010110000110100101
000000000000000000000000000000000000000000000000000000000000101010110111011001101010100001101011
000000000000000000000000000000000000000000000000000000000000101010010110100110001110001110001110
000000000000000000000000000000000000000000000000000000000000100001100111010011110010011010010010
000000000000000000000000000000000000000000000000000000000000101100001111001101000010110001101011
000000000000000000000000000000000000000000000000000000000000100111010101011100101001111111001000
000000000000000000000000000000000000000000000000000000000000110010010001000101101010000110010110
000000000000000000000000000000000000000000000000000000000000100100010001110000000111000011111101
000000000000000000000000000000000000000000000000000000000000000011100111001000110101101101010100
000000000000000000000000000000000000000000000000000000000000000100011111110001111011011010001100
000000000000000000000000000000000000000000000000000000000000010000110100101001011001111100100100
000000000000000000000000000000000000000000000000000000000000011011101010010101000001010001100010
000000000000000000000000000000000000000000000000000000000000011111111011011111010110110000011100
000000000000000000000000000000000000000000000000000000000000100111110010000101101011000001110110
000000000000000000000000000000000000000000000000000000000000011111101010111111011101101000000000
000000000000000000000000000000000000000000000000000000000000000111101000111000000000001010101011
000000000000000000000000000000000000000000000000000000000000100010010101101001100110111111110100
000000000000000000000000000000000000000000000000000000000000101100010001000011101100001011101001
000000000000000000000000000000000000000000000000000000000000111101011100100000111111111100010000
000000000000000000000000000000000000000000000000000000000000001010111111101101000011111000100110
000000000000000000000000000000000000000000000000000000000000110111011111010101100100001001011010
000000000000000000000000000000000000000000000000000000000000101001110001010111010011010110100100
000000000000000000000000000000000000000000000000000000000000011101011000101101000011100010001101
000000000000000000000000000000000000000000000000000000000000000100101000110010110111000100110101
000000000000000000000000000000000000000000000000000000000000000100110110000000001010111001101111
000000000000000000000000000000000000000000000000000000000000000111111101110011100110001101010111
000000000000000000000000000000000000000000000000000000000000100010110100110101011001100100100100
000000000000000000000000000000000000000000000000000000000000001001001101100100101011000011110111
000000000000000000000000000000000000000000000000000000000000110100110001000001110111100011111100
000000000000000000000000000000000000000000000000000000000000001000111110001100000011000000011111
000000000000000000000000000000000000000000000000000000000000011001000010001101110100111000111101
000000000000000000000000000000000000000000000000000000000000000110000100101011110101011010110001
000000000000000000000000000000000000000000000000000000000000011100110100101010110001000111001011
000000000000000000000000000000000000000000000000000000000000110001001001101101101000100110001011
000000000000000000000000000000000000000000000000000000000000100000001111110010110011111110010001
000000000000000000000000000000000000000000000000000000000000100101010110110001111100111011111110
000000000000000000000000000000000000000000000000000000000000010101000010001010000011001010011101
000000000000000000000000000000000000000000000000000000000000011000101011000011111010011000011001
000000000000000000000000000000000000000000000000000000000000110111000010100010110100001011100011
000000000000000000000000000000000000000000000000000000000000110000011110100100010010100111101000
000000000000000000000000000000000000000000000000000000000000010101100011111000000100011100011100
000000000000000000000000000000000000000000000000000000000000001001010101110110111000110000100000
000000000000000000000000000000000000000000000000000000000000111000100101101100101111011101001010
000000000000000000000000000000000000000000000000000000000000001011101010001011101110000011001010
000000000000000000000000000000000000000000000000000000000000110011011001111010001101110100001000
000000000000000000000000000000000000000000000000000000000000110101001100101000101001100000101000
000000000000000000000000000000000000000000000000000000000000000000000011111000111010010111001011
000000000000000000000000000000000000000000000000000000000000000101110010100011101001111001000011
000000000000000000000000000000000000000000000000000000000000100010001111111010111101111011010000
000000000000000000000000000000000000000000000000000000000000100111011101010100100000001111011001
000000000000000000000000000000000000000000000000000000000000111111101101001011010010011101000010
000000000000000000000000000000000000000000000000000000000000100111111000100011111100000101011011
000000000000000000000000000000000000000000000000000000000000110110100100100011110001110011111000
000000000000000000000000000000000000000000000000000000000000001111001010101000011110100100100100
000000000000000000000000000000000000000000000000000000000000110010010001000111110100010000110011
000000000000000000000000000000000000000000000000000000000000101111000011000001110110101010100110
000000000000000000000000000000000000000000000000000000000000011011100000001010011010010010000001
000000000000000000000000000000000000000000000000000000000000011101011100000100011101110100100111
000000000000000000000000000000000000000000000000000000000000100100101011000111010110010010000101
000000000000000000000000000000000000000000000000000000000000001111000100010101001010011000101001
000000000000000000000000000000000000000000000000000000000000111011010001000110101010110101100010
000000000000000000000000000000000000000000000000000000000000111001011101110110110111111000110110
000000000000000000000000000000000000000000000000000000000000000000000111010110010010111010100010
000000000000000000000000000000000000000000000000000000000000110010100001010010100100000101101011
000000000000000000000000000000000000000000000000000000000000000100100100011000011010001110000101
000000000000000000000000000000000000000000000000000000000000011100101010110011110101000001101010
000000000000000000000000000000000000000000000000000000000000100110101110000101101101011001001001
000000000000000000000000000000000000000000000000000000000000000001101010110001000111110111110100
000000000000000000000000000000000000000000000000000000000000100100000000101110000000001001000100
000000000000000000000000000000000000000000000000000000000000111110101001000011100110100100100100
000000000000000000000000000000000000000000000000000000000000001000000001101011011100110010101010
000000000000000000000000000000000000000000000000000000000000001111101101001010001110000111011101
000000000000000000000000000000000000000000000000000000000000001100001011111001000101011001100000
000000000000000000000000000000000000000000000000000000000000010011111110000111101011101110111101
000000000000000000000000000000000000000000000000000000000000011100011001011100101010000001110010
000000000000000000000000000000000000000000000000000000000000110111011011011111000111100100000011
000000000000000000000000000000000000000000000000000000000000100100011100110001100100111110110001
000000000000000000000000000000000000000000000000000000000000101111101110010111111000100100011100
000000000000000000000000000000000000000000000000000000000000010111100101010000101001001000001100
000000000000000000000000000000000000000000000000000000000000101000101101010000110100101110000010
000000000000000000000000000000000000000000000000000000000000001000011001000011111100110101101010
000000000000000000000000000000000000000000000000000000000000001001000110010010001011011001111111
000000000000000000000000000000000000000000000000000000000000101100000100111011101100010101111100
000000000000000000000000000000000000000000000000000000000000000110001110000110100111000100011111
000000000000000000000000000000000000000000000000000000000000100011111100001011001011110000000001
000000000000000000000000000000000000000000000000000000000000001001110000110110010111101100001001
000000000000000000000000000000000000000000000000000000000000010000011110011011110000001000000010
000000000000000000000000000000000000000000000000000000000000100101101101101100110110011101110000
000000000000000000000000000000000000000000000000000000000000010101110001100000000110001001100010
000000000000000000000000000000000000000000000000000000000000001111101010100000000010011000011010
000000000000000000000000000000000000000000000000000000000000010001001011111001111100000000000010
000000000000000000000000000000000000000000000000000000000000101111011111011001000111010111111011
000000000000000000000000000000000000000000000000000000000000101010010110100001101100111111111110
000000000000000000000000000000000000000000000000000000000000110100001100001010011010110010100101
000000000000000000000000000000000000000000000000000000000000000101011011100010000111100111000100
000000000000000000000000000000000000000000000000000000000000010010100001110111011110111100101100
000000000000000000000000000000000000000000000000000000000000100101111110011100001100011010110011
000000000000000000000000000000000000000000000000000000000000110010001101100010000000011111010110
000000000000000000000000000000000000000000000000000000000000001100100001110110010111011001010001
000000000000000000000000000000000000000000000000000000000000100001011011000110101000101001011001
000000000000000000000000000000000000000000000000000000000000100001110010010011000111000011101010
000000000000000000000000000000000000000000000000000000000000110001111100001111111010000110000111
000000000000000000000000000000000000000000000000000000000000000101000111101000111011000111100000
000000000000000000000000000000000000000000000000000000000000000111100000101101011011110010000011
000000000000000000000000000000000000000000000000000000000000011110100111000011001101010100110001
000000000000000000000000000000000000000000000000000000000000111000001110001100001001011101011000
000000000000000000000000000000000000000000000000000000000000101110100000010111101101110110110000
000000000000000000000000000000000000000000000000000000000000001000110010110011000000100001101001
000000000000000000000000000000000000000000000000000000000000110110010100010000010011110111100011
000000000000000000000000000000000000000000000000000000000000000110110011010001111001010000100010
000000000000000000000000000000000000000000000000000000000000111110111110000011101110010011100011
000000000000000000000000000000000000000000000000000000000000111100110011110101110100000011101000
000000000000000000000000000000000000000000000000000000000000000101010010100110100101100101111110
000000000000000000000000000000000000000000000000000000000000100001110010111000100001100001001101
000000000000000000000000000000000000000000000000000000000000101000001010000101000010001000010011
000000000000000000000000000000000000000000000000000000000000100010011001111001010101100000100110
000000000000000000000000000000000000000000000000000000000000100011001111001101001111010111100010
000000000000000000000000000000000000000000000000000000000000000111001010001110110111100011111011
000000000000000000000000000000000000000000000000000000000000010100010000110000011011111001110111
000000000000000000000000000000000000000000000000000000000000100010010100110000101100110111001101
000000000000000000000000000000000000000000000000000000000000011001111101010000001111011110001011
000000000000000000000000000000000000000000000000000000000000101001001100001011011010011100001000
000000000000000000000000000000000000000000000000000000000000100010110111010100000001111011011001
000000000000000000000000000000000000000000000000000000000000001001110100000001111100101110100011
000000000000000000000000000000000000000000000000000000000000011000011010011110110000110011010011
000000000000000000000000000000000000000000000000000000000000010101010001011001101011000001110011
000000000000000000000000000000000000000000000000000000000000101000110110010010000011011110101001
000000000000000000000000000000000000000000000000000000000000110001111110101011011111011010011010
000000000000000000000000000000000000000000000000000000000000000010000111100000010100001010111001
000000000000000000000000000000000000000000000000000000000000100100101101101000011111010000000001
000000000000000000000000000000000000000000000000000000000000011101010110000010001001001010010010
000000000000000000000000000000000000000000000000000000000000101111111110101001001101000110101001
000000000000000000000000000000000000000000000000000000000000101000101111000110000001001011111110
000000000000000000000000000000000000000000000000000000000000111110101000101011011110000111011100
000000000000000000000000000000000000000000000000000000000000111101000010011000011000110010110101
000000000000000000000000000000000000000000000000000000000000101001110010010001001011111010100111
000000000000000000000000000000000000000000000000000000000000001100100100110110101101110001110110
000000000000000000000000000000000000000000000000000000000000001000101000101100010001000001011110
000000000000000000000000000000000000000000000000000000000000011001010011100001111111000010100101
000000000000000000000000000000000000000000000000000000000000001010111010011011111111100110011011
000000000000000000000000000000000000000000000000000000000000101101000001100110001000111101100110
000000000000000000000000000000000000000000000000000000000000010001101001101001000100110000110101
000000000000000000000000000000000000000000000000000000000000111110111001110111101110010000110101
000000000000000000000000000000000000000000000000000000000000110110001100111110100111111100011000
000000000000000000000000000000000000000000000000000000000000100100000111010011111000001111101010
000000000000000000000000000000000000000000000000000000000000011110101000110100101001100100010001
000000000000000000000000000000000000000000000000000000000000100010010010110010011110000011010101
000000000000000000000000000000000000000000000000000000000000101100111111000001000001001010101011
000000000000000000000000000000000000000000000000000000000000100001011011111111101010001111110100
000000000000000000000000000000000000000000000000000000000000101100110111010011101100100110111000
000000000000000000000000000000000000000000000000000000000000010001010100110001100001010011101001
000000000000000000000000000000000000000000000000000000000000001111011101101110110011001000001111
000000000000000000000000000000000000000000000000000000000000100001110011011010111011011001011000
000000000000000000000000000000000000000000000000000000000000001101110100110101101100101010001110
000000000000000000000000000000000000000000000000000000000000100011100000101000010010010011100101
000000000000000000000000000000000000000000000000000000000000100010010110111111010000000110001110
000000000000000000000000000000000000000000000000000000000000001000101001100010100110100010100110
000000000000000000000000000000000000000000000000000000000000111111100101010010101001000010010101
000000000000000000000000000000000000000000000000000000000000100101100100001000001101011011010011
000000000000000000000000000000000000000000000000000000000000111100010010010100101111111001101011
000000000000000000000000000000000000000000000000000000000000111000110101001000100100111001100011
000000000000000000000000000000000000000000000000000000000000110000001010110010110000101001001110
000000000000000000000000000000000000000000000000000000000000110000000100010010011110100011101001
000000000000000000000000000000000000000000000000000000000000110110101001110111111110101101001000
000000000000000000000000000000000000000000000000000000000000001010100110100001100111000011111110
000000000000000000000000000000000000000000000000000000000000001010101100100001001010001110110110
000000000000000000000000000000000000000000000000000000000000011111010010001111100010110001001010
000000000000000000000000000000000000000000000000000000000000010010111011101010100011001011100011
000000000000000000000000000000000000000000000000000000000000010110010010001011110010001100111001
000000000000000000000000000000000000000000000000000000000000101011111010100011111100000110000011
000000000000000000000000000000000000000000000000000000000000000000100110001100100100110010001101
000000000000000000000000000000000000000000000000000000000000010100100010010000100100101101100101
000000000000000000000000000000000000000000000000000000000000000111000011010000011110100111111001
000000000000000000000000000000000000000000000000000000000000000111110001001100110110100100110100
000000000000000000000000000000000000000000000000000000000000101001001101011110101000111011110110
000000000000000000000000000000000000000000000000000000000000110110001010100001001110111100011010
000000000000000000000000000000000000000000000000000000000000110111101011100010100111010000100001
000000000000000000000000000000000000000000000000000000000000011110100000001010111100101011000000
000000000000000000000000000000000000000000000000000000000000110001100010111000001110111000011100
000000000000000000000000000000000000000000000000000000000000100000111101110111001001001001011100
000000000000000000000000000000000000000000000000000000000000011000010100000010000111110001001111
000000000000000000000000000000000000000000000000000000000000001011011011011101110011111111001110
000000000000000000000000000000000000000000000000000000000000000110011000100011010110110101011011
000000000000000000000000000000000000000000000000000000000000100111011000000010111111010101110011
000000000000000000000000000000000000000000000000000000000000101100001011000101011100000111101110
000000000000000000000000000000000000000000000000000000000000101011111011001110011011000100100001
000000000000000000000000000000000000000000000000000000000000011111111001101101000101001111101101
000000000000000000000000000000000000000000000000000000000000111000000000010001101100001101101100
000000000000000000000000000000000000000000000000000000000000101101001100110100110010010000110111
000000000000000000000000000000000000000000000000000000000000011000010100100000001000110011001001
000000000000000000000000000000000000000000000000000000000000100101111001011110111001110110001110
000000000000000000000000000000000000000000000000000000000000100011111110101000010110000111010101
000000000000000000000000000000000000000000000000000000000000011010110100110100000010001111001110
000000000000000000000000000000000000000000000000000000000000110000111011010101001110000110001110
000000000000000000000000000000000000000000000000000000000000100011110000110111100111001011111001
000000000000000000000000000000000000000000000000000000000000001111010000001011111011011001010110
000000000000000000000000000000000000000000000000000000000000010000000100000111011101101000100001
000000000000000000000000000000000000000000000000000000000000011010000000000011010010111111011110
000000000000000000000000000000000000000000000000000000000000110100101101101001101110011111101111
000000000000000000000000000000000000000000000000000000000000111100011011011100010110011101001110
000000000000000000000000000000000000000000000000000000000000011011110100000011010100010001001100
000000000000000000000000000000000000000000000000000000000000001010111100111010010101001110101000
000000000000000000000000000000000000000000000000000000000000011101001100001001011100011111100001
000000000000000000000000000000000000000000000000000000000000010011100001100111001101001101101011
000000000000000000000000000000000000000000000000000000000000000000010100010101001110110101011010
000000000000000000000000000000000000000000000000000000000000000001110110001010100111111010011011
000000000000000000000000000000000000000000000000000000000000000001111111110011110000110100000001
000000000000000000000000000000000000000000000000000000000000001111010000101100110000111010011111
000000000000000000000000000000000000000000000000000000000000010000110111000111101111100001000001
000000000000000000000000000000000000000000000000000000000000100011100011010000100101100010101011
000000000000000000000000000000000000000000000000000000000000101100000001110100011000100000101101
000000000000000000000000000000000000000000000000000000000000010110001001010111100110010101101001
000000000000000000000000000000000000000000000000000000000000110000010111010101111000010011011100
000000000000000000000000000000000000000000000000000000000000001001100101111110101011110101110111
000000000000000000000000000000000000000000000000000000000000000110101111111001100111111001100100
000000000000000000000000000000000000000000000000000000000000001001011100001010111100001100010101
000000000000000000000000000000000000000000000000000000000000110110110010010100011101001000001010
000000000000000000000000000000000000000000000000000000000000100110110100011010010100010100110011
000000000000000000000000000000000000000000000000000000000000110000111000010010010101100000000100
000000000000000000000000000000000000000000000000000000000000110010001101000100001000100000010010
000000000000000000000000000000000000000000000000000000000000001100000001001001010111001110110010
000000000000000000000000000000000000000000000000000000000000110011011000101001101100111010010110
000000000000000000000000000000000000000000000000000000000000001110001111101010111110000011110000
000000000000000000000000000000000000000000000000000000000000010010011111100101001100001001010000
000000000000000000000000000000000000000000000000000000000000110110101111011110111010111110101101
000000000000000000000000000000000000000000000000000000000000010000011001001000101111000011001100
000000000000000000000000000000000000000000000000000000000000110101111100101111110100101101110000
000000000000000000000000000000000000000000000000000000000000001100111001101100110100110100110001
000000000000000000000000000000000000000000000000000000000000001001010001101000001111101011101111
000000000000000000000000000000000000000000000000000000000000000000101000010100101010010010110111
000000000000000000000000000000000000000000000000000000000000101011111011010101001101001001001001
000000000000000000000000000000000000000000000000000000000000110101001111100000000011001100010111
000000000000000000000000000000000000000000000000000000000000000001110100111101011111101110111000
000000000000000000000000000000000000000000000000000000000000100101001011101010110101000000101101
000000000000000000000000000000000000000000000000000000000000011110001010110000111110010010001101
000000000000000000000000000000000000000000000000000000000000011010001110010100010111111001011111
000000000000000000000000000000000000000000000000000000000000110000011101100011011110111011101100
000000000000000000000000000000000000000000000000000000000000001010010000110110111100010010100100
000000000000000000000000000000000000000000000000000000000000001000000001011111110011000000001101
000000000000000000000000000000000000000000000000000000000000100100101110100000100111001100110000
000000000000000000000000000000000000000000000000000000000000110010101011011001011111001010110011
000000000000000000000000000000000000000000000000000000000000100011011011000111001010010010100010
000000000000000000000000000000000000000000000000000000000000110111010000100100000011001110001110
000000000000000000000000000000000000000000000000000000000000100110001011000001101010011000001101
000000000000000000000000000000000000000000000000000000000000000101111010001100110101010100111111
000000000000000000000000000000000000000000000000000000000000110011100001100001100001100111011001
000000000000000000000000000000000000000000000000000000000000110010011010111111000110100001101100
000000000000000000000000000000000000000000000000000000000000111111000010011010010101111001001111
000000000000000000000000000000000000000000000000000000000000001000111010101100011000111001000111
000000000000000000000000000000000000000000000000000000000000010001000000010001100100100010010011
000000000000000000000000000000000000000000000000000000000000011001101001101001000100000111011110
000000000000000000000000000000000000000000000000000000000000111100001101100101010111011110010110
000000000000000000000000000000000000000000000000000000000000101010111111110101011011111110000110
000000000000000000000000000000000000000000000000000000000000000100111010001111010011010001001100
000000000000000000000000000000000000000000000000000000000000100011101000010101110001001111110000
000000000000000000000000000000000000000000000000000000000000111011100111010000001011110010001101
000000000000000000000000000000000000000000000000000000000000101010000101110010011111011011101111
000000000000000000000000000000000000000000000000000000000000100101101011001010101100010101100100
000000000000000000000000000000000000000000000000000000000000000010011110111100101110100110101010
000000000000000000000000000000000000000000000000000000000000001111110011111110101001010110010111
000000000000000000000000000000000000000000000000000000000000101100000100101000001001100101110101
000000000000000000000000000000000000000000000000000000000000010100110010010000101101110100010101
000000000000000000000000000000000000000000000000000000000000101111000000110101000001110110100010
000000000000000000000000000000000000000000000000000000000000100010010101111100010100001110100010
000000000000000000000000000000000000000000000000000000000000100001011101111111011110110011001111
000000000000000000000000000000000000000000000000000000000000111010011000011010100100001101011110
000000000000000000000000000000000000000000000000000000000000000110101111011000000111010001010101
000000000000000000000000000000000000000000000000000000000000101010001101010000101011001010000111
000000000000000000000000000000000000000000000000000000000000000011111011100010010100000011111101
000000000000000000000000000000000000000000000000000000000000110010111100111101000000001110011111
000000000000000000000000000000000000000000000000000000000000100110011100001111011011011111011101
000000000000000000000000000000000000000000000000000000000000000001010000010010001011111011100111
000000000000000000000000000000000000000000000000000000000000010001101001000000010110100101010011
000000000000000000000000000000000000000000000000000000000000010111000111001001100010111101101111
000000000000000000000000000000000000000000000000000000000000101001000101110111101101100010010101
000000000000000000000000000000000000000000000000000000000000010000110000001011000011001010000110
000000000000000000000000000000000000000000000000000000000000101101110111111110101011000101010111
000000000000000000000000000000000000000000000000000000000000100110001111101100000011010100001010
000000000000000000000000000000000000000000000000000000000000010111000100010100111011000111100100
000000000000000000000000000000000000000000000000000000000000010011100000101111110010001101011001
000000000000000000000000000000000000000000000000000000000000110111001010111010010011101010010101
000000000000000000000000000000000000000000000000000000000000110101101110010001101100101001000110
000000000000000000000000000000000000000000000000000000000000010000101000001110000110101010111010
000000000000000000000000000000000000000000000000000000000000001011000110001011101001111000100100
000000000000000000000000000000000000000000000000000000000000110111010000011010010101100000001110
000000000000000000000000000000000000000000000000000000000000001010101110101111010001111001100100
000000000000000000000000000000000000000000000000000000000000111111111001010110000001110111101101
000000000000000000000000000000000000000000000000000000000000001000111101010000011010100001100101
000000000000000000000000000000000000000000000000000000000000101011100010110101111010001111010100
000000000000000000000000000000000000000000000000000000000000011010100011010101001010010000001001
000000000000000000000000000000000000000000000000000000000000000011010001110110101100010010110011
000000000000000000000000000000000000000000000000000000000000100110001000011011010110101101111001
000000000000000000000000000000000000000000000000000000000000011100001100011111000010010000101010
000000000000000000000000000000000000000000000000000000000000110100100100100111000001000111001010
000000000000000000000000000000000000000000000000000000000000110001001111110001111011011011010101
000000000000000000000000000000000000000000000000000000000000101100010101001011001111111101000000
000000000000000000000000000000000000000000000000000000000000000111001011011000111110111110011001
000000000000000000000000000000000000000000000000000000000000001110000010001010001010001010100100
000000000000000000000000000000000000000000000000000000000000100000111110111001101100111000011000
000000000000000000000000000000000000000000000000000000000000111001100011111001000111000011100010
000000000000000000000000000000000000000000000000000000000000101110011000010011001100101011000001
000000000000000000000000000000000000000000000000000000000000001101100001100011100001011110110100
000000000000000000000000000000000000000000000000000000000000101011111000101001111011110000110011
000000000000000000000000000000000000000000000000000000000000100100010001000011110010100110100011
000000000000000000000000000000000000000000000000000000000000001100010011000111001110011110100101
000000000000000000000000000000000000000000000000000000000000110100011110000110001100111010101010
000000000000000000000000000000000000000000000000000000000000110100011000100101010001111111110110
000000000000000000000000000000000000000000000000000000000000011000101011001010101001000101001011
000000000000000000000000000000000000000000000000000000000000000010100010100110100111001011111010
000000000000000000000000000000000000000000000000000000000000011001110110110000001011001010101101
000000000000000000000000000000000000000000000000000000000000000000100101101100000111111101000001
000000000000000000000000000000000000000000000000000000000000101000000101010111111101010101110010
000000000000000000000000000000000000000000000000000000000000100000100011011010100001100110001111
000000000000000000000000000000000000000000000000000000000000100101101010011110110101011010111110
000000000000000000000000000000000000000000000000000000000000000000111001110110010101001110011000
000000000000000000000000000000000000000000000000000000000000111110101010111100011010111110111000
000000000000000000000000000000000000000000000000000000000000000110000000010110110011110101011011
000000000000000000000000000000000000000000000000000000000000101010010010001011010110110111011001
000000000000000000000000000000000000000000000000000000000000111101110010111111000110011111101011
000000000000000000000000000000000000000000000000000000000000111011101111111011000110101111100110
000000000000000000000000000000000000000000000000000000000000111001001111010111110011011111111011
000000000000000000000000000000000000000000000000000000000000001000011000011010110111100110101010
000000000000000000000000000000000000000000000000000000000000111000001101110010001110011000011011
000000000000000000000000000000000000000000000000000000000000101011101101011110000010000100011000
000000000000000000000000000000000000000000000000000000000000110101110001000110110010011011110100
000000000000000000000000000000000000000000000000000000000000111111011000001000101001011111001011
000000000000000000000000000000000000000000000000000000000000001010101010001010001111010010101100
000000000000000000000000000000000000000000000000000000000000011000100110101001000110100110001110
000000000000000000000000000000000000000000000000000000000000001001111101010110011110011100100110
000000000000000000000000000000000000000000000000000000000000100000111111110100111110110011110100
000000000000000000000000000000000000000000000000000000000000101101011011101111110101010001111000
000000000000000000000000000000000000000000000000000000000000101100011100110111001111010011011111
000000000000000000000000000000000000000000000000000000000000010100001111110010100010101011011001
000000000000000000000000000000000000000000000000000000000000111001110110011000110100011001011101
000000000000000000000000000000000000000000000000000000000000000001101100100001000111111010011001
000000000000000000000000000000000000000000000000000000000000001001000100111111110000110010111000
000000000000000000000000000000000000000000000000000000000000101111100000000111000110001011011000
000000000000000000000000000000000000000000000000000000000000110011000011100001111100101111100011
000000000000000000000000000000000000000000000000000000000000110101101011010101000000101001000111
000000000000000000000000000000000000000000000000000000000000110100011010101111010111000111001010
000000000000000000000000000000000000000000000000000000000000001100001011001101010011010100000111
000000000000000000000000000000000000000000000000000000000000001111100100011010010011010000100011
000000000000000000000000000000000000000000000000000000000000110010111100000001110011010100101110
000000000000000000000000000000000000000000000000000000000000110000011001101111111101100111100011
000000000000000000000000000000000000000000000000000000000000010101110101100010001101000100110101
000000000000000000000000000000000000000000000000000000000000111100110011000101011010000011001101
000000000000000000000000000000000000000000000000000000000000000111010100011111011001001000110011
000000000000000000000000000000000000000000000000000000000000000010111101101110110010100111100010
000000000000000000000000000000000000000000000000000000000000100100010111110001101010000101111000
000000000000000000000000000000000000000000000000000000000000010111101000011101110001101010010100
000000000000000000000000000000000000000000000000000000000000001001001001011000000100010110100001
000000000000000000000000000000000000000000000000000000000000100010000101100001101111011110111000
000000000000000000000000000000000000000000000000000000000000000100000000100111101010100000000110
000000000000000000000000000000000000000000000000000000000000110010111111011001000111110010000100
000000000000000000000000000000000000000000000000000000000000001101101000000101000001000111110000
000000000000000000000000000000000000000000000000000000000000110101011010111110000111000011011100
000000000000000000000000000000000000000000000000000000000000111100011100011100100011110011011001
000000000000000000000000000000000000000000000000000000000000001001110000101101001111010100011100
000000000000000000000000000000000000000000000000000000000000110100000001011110111100001101101010
000000000000000000000000000000000000000000000000000000000000011010001111000100001011011010011011
000000000000000000000000000000000000000000000000000000000000101000111110110101100100100011100111
000000000000000000000000000000000000000000000000000000000000001011001011000101000001000000111001
000000000000000000000000000000000000000000000000000000000000010100101111010001110110010101111001
000000000000000000000000000000000000000000000000000000000000101100010000010001010000010100010111
000000000000000000000000000000000000000000000000000000000000011010011000010011101000010010110010
000000000000000000000000000000000000000000000000000000000000110101011111100000011001101100110001
000000000000000000000000000000000000000000000000000000000000100110010110000101001101110010100110
000000000000000000000000000000000000000000000000000000000000100000001101011110110010111001011010
000000000000000000000000000000000000000000000000000000000000111000110101111001110101110110011001
000000000000000000000000000000000000000000000000000000000000010011110001111111010010011001010000
000000000000000000000000000000000000000000000000000000000000000100111000011000010011010000111100
000000000000000000000000000000000000000000000000000000000000001011010000010111110001101100011110
000000000000000000000000000000000000000000000000000000000000000001101100111111001100100000111100
000000000000000000000000000000000000000000000000000000000000011000100010111110100010011100111101
000000000000000000000000000000000000000000000000000000000000001111100101110001000101111111111111
000000000000000000000000000000000000000000000000000000000000010011101010010000001000000100001101
000000000000000000000000000000000000000000000000000000000000110100100101001101101011101000110111
000000000000000000000000000000000000000000000000000000000000110111000011111111011111011010110110
000000000000000000000000000000000000000000000000000000000000011110111010101000111001010010101010
000000000000000000000000000000000000000000000000000000000000111001110100001110111010100000110001
000000000000000000000000000000000000000000000000000000000000011101100001110010100110000000101001
000000000000000000000000000000000000000000000000000000000000000101011001111101101011111011011111
000000000000000000000000000000000000000000000000000000000000010100010001100111101100101101100100
000000000000000000000000000000000000000000000000000000000000110101000000010100001001101000100110
000000000000000000000000000000000000000000000000000000000000110111111100011100010000011011101010
000000000000000000000000000000000000000000000000000000000000110110110000010010011001001011110011
000000000000000000000000000000000000000000000000000000000000101010011110001101000110001111101111
000000000000000000000000000000000000000000000000000000000000110000000011000000000110000100000101
000000000000000000000000000000000000000000000000000000000000001111110000101101111110001001111001
000000000000000000000000000000000000000000000000000000000000011110011110101011101101111011110100
000000000000000000000000000000000000000000000000000000000000000011001111101100110000000010101011
000000000000000000000000000000000000000000000000000000000000100111110111111111100011011010100000
000000000000000000000000000000000000000000000000000000000000001111001111011000001000100000011010
000000000000000000000000000000000000000000000000000000000000001101110110111001000010010001011001
000000000000000000000000000000000000000000000000000000000000000000110100001111000110111110111111
000000000000000000000000000000000000000000000000000000000000011100100111110110111111100111010001
000000000000000000000000000000000000000000000000000000000000011101101101001011011111110100011001
000000000000000000000000000000000000000000000000000000000000011110001010111011001100100000111010
000000000000000000000000000000000000000000000000000000000000111011011011001001011001101000111001
000000000000000000000000000000000000000000000000000000000000010011010011101010010010000111001001
000000000000000000000000000000000000000000000000000000000000011100000001001011100001101001101000
000000000000000000000000000000000000000000000000000000000000001111010111111010111001100010110001
000000000000000000000000000000000000000000000000000000000000111101100111000010100110010110001101
000000000000000000000000000000000000000000000000000000000000111010011100001110011101100110010110
000000000000000000000000000000000000000000000000000000000000100011010110101001110001010100111001
000000000000000000000000000000000000000000000000000000000000111101000111110001101011100100001010
000000000000000000000000000000000000000000000000000000000000110010111101110000110010000011110010
000000000000000000000000000000000000000000000000000000000000000011010001010100111011010000010001
000000000000000000000000000000000000000000000000000000000000110111111101111011100101111001010100
000000000000000000000000000000000000000000000000000000000000111001001010010010010100011001000011
000000000000000000000000000000000000000000000000000000000000111011010111001010101011101111101010
000000000000000000000000000000000000000000000000000000000000101100101011010110110111111010110011
000000000000000000000000000000000000000000000000000000000000111000111101000011101111101001101010
000000000000000000000000000000000000000000000000000000000000101001010100010000110010111011111010
000000000000000000000000000000000000000000000000000000000000011101110000111010010001000110000011
000000000000000000000000000000000000000000000000000000000000110110100010100011110011010000000001
000000000000000000000000000000000000000000000000000000000000000101010111110100000101010100001111
000000000000000000000000000000000000000000000000000000000000111101010100111000110011000010111000
000000000000000000000000000000000000000000000000000000000000101000111001001010001011111010100110
000000000000000000000000000000000000000000000000000000000000001100011101000010010001000000001100
000000000000000000000000000000000000000000000000000000000000100010101000100010001111000111000011
000000000000000000000000000000000000000000000000000000000000011011011011101011111101101011010000
000000000000000000000000000000000000000000000000000000000000110100111100100110101111110111101100
000000000000000000000000000000000000000000000000000000000000101100110100101001010110110111000011
000000000000000000000000000000000000000000000000000000000000101001000110111011111001100110000001
000000000000000000000000000000000000000000000000000000000000111101100101001000001010010110001011
000000000000000000000000000000000000000000000000000000000000111010011011101010100111010110111011
000000000000000000000000000000000000000000000000000000000000101011110011000000100110000011000000
000000000000000000000000000000000000000000000000000000000000111001011111111011111100010001101011
000000000000000000000000000000000000000000000000000000000000101000110100100011111110011110100001
000000000000000000000000000000000000000000000000000000000000010101111000110010000001011111010100
000000000000000000000000000000000000000000000000000000000000010000000100010000111110100011110010
000000000000000000000000000000000000000000000000000000000000101110110001000001001010000011100011
000000000000000000000000000000000000000000000000000000000000110101111001110110111001010011000011
000000000000000000000000000000000000000000000000000000000000010001101100101000101110011110010010
000000000000000000000000000000000000000000000000000000000000110100010100111011111011101101100001
000000000000000000000000000000000000000000000000000000000000011111111001000110000010010000101111
000000000000000000000000000000000000000000000000000000000000111000100001010100000011101111001100
000000000000000000000000000000000000000000000000000000000000111101110011010111100000000111111011
000000000000000000000000000000000000000000000000000000000000001100000111000001100001000100001100
000000000000000000000000000000000000000000000000000000000000011101011111001101010100001001100111
000000000000000000000000000000000000000000000000000000000000000001010011011001001111111100010011
000000000000000000000000000000000000000000000000000000000000001001100101101011001101111101001011
000000000000000000000000000000000000000000000000000000000000101111011000111001110101110101101110
000000000000000000000000000000000000000000000000000000000000111101110001101000001010001001110001
000000000000000000000000000000000000000000000000000000000000110011110010010001011101111110101000
000000000000000000000000000000000000000000000000000000000000110001001110100001001000011010011110
000000000000000000000000000000000000000000000000000000000000111011010100110110000110101000000011
000000000000000000000000000000000000000000000000000000000000011101100010100110111001101010011011
000000000000000000000000000000000000000000000000000000000000111100010011010101100101111001010101
000000000000000000000000000000000000000000000000000000000000010101000111110101001101001111100101
000000000000000000000000000000000000000000000000000000000000101110110110001011101010011011000111
000000000000000000000000000000000000000000000000000000000000111000011111101010111010011001110110
000000000000000000000000000000000000000000000000000000000000011100100111001111001111010000000001
000000000000000000000000000000000000000000000000000000000000001101001010000101110011100111001101
000000000000000000000000000000000000000000000000000000000000011010001111010011010100000000011010
000000000000000000000000000000000000000000000000000000000000111011100001111011000011111001100100
000000000000000000000000000000000000000000000000000000000000001100110011100100110010100010111100
000000000000000000000000000000000000000000000000000000000000001111011111101110111001101010000011
000000000000000000000000000000000000000000000000000000000000101000111001001010000100001111100101
000000000000000000000000000000000000000000000000000000000000001100010001111101000001110100001010
000000000000000000000000000000000000000000000000000000000000100111000100011001011000101010110010
000000000000000000000000000000000000000000000000000000000000010110111011101011111001110001010011
000000000000000000000000000000000000000000000000000000000000011101000011000001011001100001110111
000000000000000000000000000000000000000000000000000000000000000011101110110100001001101101101011
000000000000000000000000000000000000000000000000000000000000011100110011011011001000111100010001
000000000000000000000000000000000000000000000000000000000000101000101000111100011010100011000010
000000000000000000000000000000000000000000000000000000000000110111100111001010001111100110011011
000000000000000000000000000000000000000000000000000000000000101110111101011000001001110011000001
000000000000000000000000000000000000000000000000000000000000100100000011101011111011010000001010
000000000000000000000000000000000000000000000000000000000000101011110011100010110011101100111010
000000000000000000000000000000000000000000000000000000000000110011000100101001101011110111011000
000000000000000000000000000000000000000000000000000000000000011100011111100010100111101100000000
000000000000000000000000000000000000000000000000000000000000100011111111010101110001100111000001
000000000000000000000000000000000000000000000000000000000000000110000111010110010100010110011010
000000000000000000000000000000000000000000000000000000000000111111011010010001101011100001010110
000000000000000000000000000000000000000000000000000000000000010010101001011101100010101000110110
000000000000000000000000000000000000000000000000000000000000010101110010111010100100101001000101
000000000000000000000000000000000000000000000000000000000000101000001000001110010111101100010100
000000000000000000000000000000000000000000000000000000000000100111100100011111001000111001100000
000000000000000000000000000000000000000000000000000000000000010011110001101001111111101100100000
000000000000000000000000000000000000000000000000000000000000011100110000101010111011000110000010
000000000000000000000000000000000000000000000000000000000000110110011101101001001101010100111110
000000000000000000000000000000000000000000000000000000000000011100101101000110011011100000110100
000000000000000000000000000000000000000000000000000000000000011010001111010011111000111100110010
000000000000000000000000000000000000000000000000000000000000101001010111111111101110101011000100
000000000000000000000000000000000000000000000000000000000000000111011001111001001000010010000000
000000000000000000000000000000000000000000000000000000000000100110010100110111010100011001011001
000000000000000000000000000000000000000000000000000000000000111001010100111110110101101011110011
000000000000000000000000000000000000000000000000000000000000101100001010010000101010001111000000
000000000000000000000000000000000000000000000000000000000000001010010110110001110111111011111110
000000000000000000000000000000000000000000000000000000000000010110110101011110110011000010000001
000000000000000000000000000000000000000000000000000000000000001101101101001101001000111010101111
000000000000000000000000000000000000000000000000000000000000101011100101100110000000110100011010
000000000000000000000000000000000000000000000000000000000000001100000101100101001011000101101011
000000000000000000000000000000000000000000000000000000000000101100100110001101001011010010011001
000000000000000000000000000000000000000000000000000000000000111110100101001111100010110000011011
000000000000000000000000000000000000000000000000000000000000010111011111000111011111000010000011
000000000000000000000000000000000000000000000000000000000000001110100001000111111000001011101001
000000000000000000000000000000000000000000000000000000000000110011001100010001101011100000101101
000000000000000000000000000000000000000000000000000000000000100010010011011000101011110100110110
000000000000000000000000000000000000000000000000000000000000001100100110111111111110101101000001
000000000000000000000000000000000000000000000000000000000000011100000001000100011110010100001001
000000000000000000000000000000000000000000000000000000000000001101100011000101001000000100000000
000000000000000000000000000000000000000000000000000000000000011110001011111111000111111010100110
000000000000000000000000000000000000000000000000000000000000101111111110011110100111110000001010
000000000000000000000000000000000000000000000000000000000000110101011100100111010111110011110100
000000000000000000000000000000000000000000000000000000000000011011000101011010001000010110010110
000000000000000000000000000000000000000000000000000000000000101101011010111011110011100001101000
000000000000000000000000000000000000000000000000000000000000011110011101111000010000010111000110
000000000000000000000000000000000000000000000000000000000000000011100011000010010001001011111111
000000000000000000000000000000000000000000000000000000000000010010000100110111110110011011010101
000000000000000000000000000000000000000000000000000000000000011101110110001000101011000000001000
000000000000000000000000000000000000000000000000000000000000011001011101101110000110110111011001
000000000000000000000000000000000000000000000000000000000000001100010100100000101101101111010110
000000000000000000000000000000000000000000000000000000000000001011100001001010100111000111101100
000000000000000000000000000000000000000000000000000000000000101110111101000101101011001101001100
000000000000000000000000000000000000000000000000000000000000000111010100001000000110101001000100
000000000000000000000000000000000000000000000000000000000000010110101000010000100010001011011111
000000000000000000000000000000000000000000000000000000000000011110011110100111110101010000011111
000000000000000000000000000000000000000000000000000000000000110000100001110100000101001110100010
000000000000000000000000000000000000000000000000000000000000100111011000101110100001101110110100
000000000000000000000000000000000000000000000000000000000000101110111010000010010010111000011001
000000000000000000000000000000000000000000000000000000000000101001000111111111111100111000001101
000000000000000000000000000000000000000000000000000000000000110000101111111110111100100111100100
000000000000000000000000000000000000000000000000000000000000111110110011111001111011111000110001
000000000000000000000000000000000000000000000000000000000000110111100011111101010101100101000110
000000000000000000000000000000000000000000000000000000000000111100111101001010001000100101011101
000000000000000000000000000000000000000000000000000000000000000000000011010101101101001110101011
000000000000000000000000000000000000000000000000000000000000100110011001011010101100101101001010
000000000000000000000000000000000000000000000000000000000000101011110110111100100011101011011001
000000000000000000000000000000000000000000000000000000000000100011110011101011011110110001101000
000000000000000000000000000000000000000000000000000000000000101110110010111100111101110010011100
000000000000000000000000000000000000000000000000000000000000010010011111111000001110000000110011
000000000000000000000000000000000000000000000000000000000000000000010000111011011011000010100111
000000000000000000000000000000000000000000000000000000000000011010000110100011010010010010010100
000000000000000000000000000000000000000000000000000000000000010111111010100101110110110111010110
000000000000000000000000000000000000000000000000000000000000010111100000110001011100011001100101
000000000000000000000000000000000000000000000000000000000000011101101110010010110110000100010101
000000000000000000000000000000000000000000000000000000000000100001110100001100111100000000011000
000000000000000000000000000000000000000000000000000000000000000101001100010001110111101000010000
000000000000000000000000000000000000000000000000000000000000100010110100110111010000010111110001
000000000000000000000000000000000000000000000000000000000000111100100000010001000101001010101110
000000000000000000000000000000000000000000000000000000000000000011111001000011000001111100000100
000000000000000000000000000000000000000000000000000000000000101100100010011111100001100000101000
000000000000000000000000000000000000000000000000000000000000001101111110100011111001000000100111
000000000000000000000000000000000000000000000000000000000000011011111011010111001101011001101100
000000000000000000000000000000000000000000000000000000000000100111111100100000001010101010101100
000000000000000000000000000000000000000000000000000000000000001110010100011001000101110110100101
000000000000000000000000000000000000000000000000000000000000010010001010000011000101100111101111
000000000000000000000000000000000000000000000000000000000000000001101001011000011110010101000110
000000000000000000000000000000000000000000000000000000000000011110000010010000100101000111000110
000000000000000000000000000000000000000000000000000000000000100111001101110101100010101110010001
000000000000000000000000000000000000000000000000000000000000010000010001010000100101101110110101
000000000000000000000000000000000000000000000000000000000000110001110100111001000100111000100110
000000000000000000000000000000000000000000000000000000000000000001011111011111101000111010101011
000000000000000000000000000000000000000000000000000000000000011100001100000010100011011010010110
000000000000000000000000000000000000000000000000000000000000011101001101001110111001110000010110
000000000000000000000000000000000000000000000000000000000000101001011011000100101000001111110010
000000000000000000000000000000000000000000000000000000000000011011001100011010000101001001100101
000000000000000000000000000000000000000000000000000000000000011001010011110111110010001011011101
000000000000000000000000000000000000000000000000000000000000110010101001011100111100110000111101
000000000000000000000000000000000000000000000000000000000000001010010011101001000011001011101000
000000000000000000000000000000000000000000000000000000000000011000000101010001010111101011000010
000000000000000000000000000000000000000000000000000000000000110001111001110101011010010011101001
000000000000000000000000000000000000000000000000000000000000001010011110101101101111011000001000
000000000000000000000000000000000000000000000000000000000000000000100111110011100000011000111001
000000000000000000000000000000000000000000000000000000000000100111010010001111101111101011101100
000000000000000000000000000000000000000000000000000000000000110011100001110111110001110001100110
000000000000000000000000000000000000000000000000000000000000111011100011011001101011000011101111
000000000000000000000000000000000000000000000000000000000000100100001100010001101000011011111011
000000000000000000000000000000000000000000000000000000000000000000111110110111011111100010100010
000000000000000000000000000000000000000000000000000000000000001100011001001000011010111001001001
000000000000000000000000000000000000000000000000000000000000111011001011110010001011010000111000
000000000000000000000000000000000000000000000000000000000000001001101110010001010111000110111011
000000000000000000000000000000000000000000000000000000000000011001100011100010110000111100001100
000000000000000000000000000000000000000000000000000000000000010110010001000110111010110111001000
000000000000000000000000000000000000000000000000000000000000111010101010011001000000110011100100
000000000000000000000000000000000000000000000000000000000000011111001000001010110011111010100100
000000000000000000000000000000000000000000000000000000000000111100010001011001010101001001110111
000000000000000000000000000000000000000000000000000000000000001100101011010111101110101100010111
000000000000000000000000000000000000000000000000000000000000010100010111011001100011110010011001
000000000000000000000000000000000000000000000000000000000000100111000111100011110100011010110001
000000000000000000000000000000000000000000000000000000000000100010100011101001111001011001011011
000000000000000000000000000000000000000000000000000000000000101011011110101111001100111110010001
000000000000000000000000000000000000000000000000000000000000100010101011100110101101010100111001
000000000000000000000000000000000000000000000000000000000000111000111111000110111010011101100010
000000000000000000000000000000000000000000000000000000000000110110100010100111000011101010001100
000000000000000000000000000000000000000000000000000000000000010111000011010111000010111111010000
000000000000000000000000000000000000000000000000000000000000001011000001110000010001000010001101
000000000000000000000000000000000000000000000000000000000000010110001111100100011100100101111111
000000000000000000000000000000000000000000000000000000000000110111100101011000011100010001011011
000000000000000000000000000000000000000000000000000000000000011011111101101010100011111001101011
000000000000000000000000000000000000000000000000000000000000100101111010011010101111100000010010
000000000000000000000000000000000000000000000000000000000000010000010100100000010010111001001100
000000000000000000000000000000000000000000000000000000000000011101011111100100111011110001001110
000000000000000000000000000000000000000000000000000000000000000001001011111111010010010011011111
000000000000000000000000000000000000000000000000000000000000010111100000110110100010001110011111
000000000000000000000000000000000000000000000000000000000000000101010100000010111110000010101001
000000000000000000000000000000000000000000000000000000000000100100111011100111001111010001100110
000000000000000000000000000000000000000000000000000000000000110110101010000000000000101111101111
000000000000000000000000000000000000000000000000000000000000110000000010000100110001101001000111
000000000000000000000000000000000000000000000000000000000000011010110011010110011111111001110100
000000000000000000000000000000000000000000000000000000000000011100011100000101001001101011100101
000000000000000000000000000000000000000000000000000000000000110000101101100010110001010010101000
000000000000000000000000000000000000000000000000000000000000000001111011101101000110000000111010
000000000000000000000000000000000000000000000000000000000000001000000100110010000111011110000001
000000000000000000000000000000000000000000000000000000000000000110111001001011011011110001001001
000000000000000000000000000000000000000000000000000000000000011001001111100011000010111111111001
000000000000000000000000000000000000000000000000000000000000101101110010100011111001000010000011
000000000000000000000000000000000000000000000000000000000000111111110010110000001000111100110001
000000000000000000000000000000000000000000000000000000000000100111110101010010011100011011111011
000000000000000000000000000000000000000000000000000000000000011100100100101100010100101000011101
000000000000000000000000000000000000000000000000000000000000001010110001001011001000110100000111
000000000000000000000000000000000000000000000000000000000000101101100011101110111000110110110101
000000000000000000000000000000000000000000000000000000000000111111111010111111000000100011001001
000000000000000000000000000000000000000000000000000000000000011111101000110101111001011100011000
000000000000000000000000000000000000000000000000000000000000010111101000101100001010000110000000
000000000000000000000000000000000000000000000000000000000000101011101100111000101110001001111011
000000000000000000000000000000000000000000000000000000000000111100010000001101110111001010000011
000000000000000000000000000000000000000000000000000000000000111101010101001010010011001110111011
000000000000000000000000000000000000000000000000000000000000101010001011100001110000100101111101
000000000000000000000000000000000000000000000000000000000000111111110110110000001011100000011101
000000000000000000000000000000000000000000000000000000000000011010101000000101001001001011001001
000000000000000000000000000000000000000000000000000000000000100101101100011001101010111011011100
000000000000000000000000000000000000000000000000000000000000000111010001101011000000100111001111
000000000000000000000000000000000000000000000000000000000000000111101010001001111011001000111101
000000000000000000000000000000000000000000000000000000000000011001110111010111100000000001001101
000000000000000000000000000000000000000000000000000000000000100000011011101001010010010110100111
000000000000000000000000000000000000000000000000000000000000000101110101010100010111100011000110
000000000000000000000000000000000000000000000000000000000000000011011101110000000010000110110110
000000000000000000000000000000000000000000000000000000000000000000100111100101001101100110011001
000000000000000000000000000000000000000000000000000000000000100100011000001100001011110101001111
000000000000000000000000000000000000000000000000000000000000100010011110101001110101011010001001
000000000000000000000000000000000000000000000000000000000000110000011010011010000111011101011000
000000000000000000000000000000000000000000000000000000000000000000100110011000110010011100011110
000000000000000000000000000000000000000000000000000000000000101111110110011101110001001011010001
000000000000000000000000000000000000000000000000000000000000000101111111110011100110011000011111
000000000000000000000000000000000000000000000000000000000000000000110110101110111111010000110000
000000000000000000000000000000000000000000000000000000000000100110011001010010100100110011110100
000000000000000000000000000000000000000000000000000000000000101110111010001011100011101011010101
000000000000000000000000000000000000000000000000000000000000000110101000101110100011111110001100
000000000000000000000000000000000000000000000000000000000000001101101100011111011101100110110001
000000000000000000000000000000000000000000000000000000000000110100111101001101101101101110010101
000000000000000000000000000000000000000000000000000000000000011100000101100011101000011110010000
000000000000000000000000000000000000000000000000000000000000111011001000110111111111101001001101
000000000000000000000000000000000000000000000000000000000000011010100111110100111000110110010001
000000000000000000000000000000000000000000000000000000000000000100001101100001010011111100101000
000000000000000000000000000000000000000000000000000000000000011010100010110011100001100101011100
000000000000000000000000000000000000000000000000000000000000000110011000100101010111111011101111
000000000000000000000000000000000000000000000000000000000000111101100101101101000111101100101111
000000000000000000000000000000000000000000000000000000000000011010010100110010000111011000011001
000000000000000000000000000000000000000000000000000000000000010110100001110101000101101000100110
000000000000000000000000000000000000000000000000000000000000100110011011011000101100000100010100
000000000000000000000000000000000000000000000000000000000000000101011100000000011100000100000010
000000000000000000000000000000000000000000000000000000000000011101111011010010100011000111000100
000000000000000000000000000000000000000000000000000000000000110110001011100010011101100110010110
000000000000000000000000000000000000000000000000000000000000100010110000010000111000001110011001
000000000000000000000000000000000000000000000000000000000000111011010100010011101001011110010000
000000000000000000000000000000000000000000000000000000000000011100011010111100000001001000101000
000000000000000000000000000000000000000000000000000000000000011110001111101100101100000011000000
000000000000000000000000000000000000000000000000000000000000000101000101000110011010000000000011
000000000000000000000000000000000000000000000000000000000000010000101110110100001001010000100010
000000000000000000000000000000000000000000000000000000000000001101111100101110110110010101111000
000000000000000000000000000000000000000000000000000000000000000010101000111100000110111000110010
000000000000000000000000000000000000000000000000000000000000110111111000001010011001100111110100
000000000000000000000000000000000000000000000000000000000000011100000100011111001110110000010001
000000000000000000000000000000000000000000000000000000000000001101000001101111100110111000110110
000000000000000000000000000000000000000000000000000000000000011010101001110111000011001001110111
000000000000000000000000000000000000000000000000000000000000100000110011010011100001111011000111
000000000000000000000000000000000000000000000000000000000000010111011001100111001110100001011000
000000000000000000000000000000000000000000000000000000000000111010000000100011110010010000011101
000000000000000000000000000000000000000000000000000000000000001101100011011001101111011000001110
000000000000000000000000000000000000000000000000000000000000000111011011010100001100001011111001
000000000000000000000000000000000000000000000000000000000000000101110110001011101010111001011101
000000000000000000000000000000000000000000000000000000000000101101111100000000001000110000010011
000000000000000000000000000000000000000000000000000000000000100101000101011000000110110111101001
000000000000000000000000000000000000000000000000000000000000000111101111101100111001011110011101
000000000000000000000000000000000000000000000000000000000000111010011100101011101000011011001100
000000000000000000000000000000000000000000000000000000000000100011011010010101111111010011111000
000000000000000000000000000000000000000000000000000000000000111010110001001101011110011001000011
000000000000000000000000000000000000000000000000000000000000000000001001101111111011100001011011
000000000000000000000000000000000000000000000000000000000000110011001100110000010101100000010000
000000000000000000000000000000000000000000000000000000000000101111000100010101111111011111000100
000000000000000000000000000000000000000000000000000000000000101010011110101111110110011011011010
000000000000000000000000000000000000000000000000000000000000101111010000000111011100100111100110
000000000000000000000000000000000000000000000000000000000000111111101110000111101111011001111010
000000000000000000000000000000000000000000000000000000000000111010111010001110010111000000001111
000000000000000000000000000000000000000000000000000000000000001110100001011101000111011001011111
000000000000000000000000000000000000000000000000000000000000001101011001001111000111010001101001
000000000000000000000000000000000000000000000000000000000000010100111010000101111111110100111101
000000000000000000000000000000000000000000000000000000000000011011011111110111111101001001011000
000000000000000000000000000000000000000000000000000000000000111001000000010001111101111101101011
000000000000000000000000000000000000000000000000000000000000011111101000101101000101101010000000
000000000000000000000000000000000000000000000000000000000000001011011100000011000000100110110100
000000000000000000000000000000000000000000000000000000000000101110100101001101000000110010101110
000000000000000000000000000000000000000000000000000000000000111011010010000101101100001001000011
000000000000000000000000000000000000000000000000000000000000010011100011010000000110000100010001
000000000000000000000000000000000000000000000000000000000000100001011100000100011100101010110000
000000000000000000000000000000000000000000000000000000000000101101110000100011101000010001101100
000000000000000000000000000000000000000000000000000000000000100100101101010011011001001111101101
000000000000000000000000000000000000000000000000000000000000100111000011100111010000101000000100
000000000000000000000000000000000000000000000000000000000000100111111100011001101111110100100100
000000000000000000000000000000000000000000000000000000000000100100110001011110101001001100011001
