000000000000000000000000000000000000000000000000000000000000011100010001110101011010111111010000
000000000000000000000000000000000000000000000000000000000000001001110110000000110010100111010010
000000000000000000000000000000000000000000000000000000000000000010110110111110111010000111000100
000000000000000000000000000000000000000000000000000000000000001100100001101111110001101101001111
000000000000000000000000000000000000000000000000000000000000000100000111011101110010100101100000
000000000000000000000000000000000000000000000000000000000000110110010010001010000001100000101110
000000000000000000000000000000000000000000000000000000000000100001110100100001000110100101101101
000000000000000000000000000000000000000000000000000000000000111001110110100100001110010100001110
000000000000000000000000000000000000000000000000000000000000010111111001001100101111101101100100
000000000000000000000000000000000000000000000000000000000000000101010011101110010010100100011001
000000000000000000000000000000000000000000000000000000000000011100100101001100110101110011001110
000000000000000000000000000000000000000000000000000000000000111001000111000011001011000110100000
000000000000000000000000000000000000000000000000000000000000001010101111011011001010100111011111
000000000000000000000000000000000000000000000000000000000000100001110111111001010100011111111110
000000000000000000000000000000000000000000000000000000000000100101001101000110000011111100111101
000000000000000000000000000000000000000000000000000000000000000100100110110000001011101001010111
000000000000000000000000000000000000000000000000000000000000101101111110011010111101101111000010
000000000000000000000000000000000000000000000000000000000000001001011100110001100111111000111100
000000000000000000000000000000000000000000000000000000000000111110110101001110010010111001100011
000000000000000000000000000000000000000000000000000000000000001001010111100110010000111000011111
000000000000000000000000000000000000000000000000000000000000001001010111000010010101111001101111
000000000000000000000000000000000000000000000000000000000000110010000001011000100110100011000101
000000000000000000000000000000000000000000000000000000000000011011110001111100010110011101101000
000000000000000000000000000000000000000000000000000000000000111000101110001000001101100000011101
000000000000000000000000000000000000000000000000000000000000010101000010011111111101100001011100
000000000000000000000000000000000000000000000000000000000000101100001000011001111011001100010000
000000000000000000000000000000000000000000000000000000000000101000011100100000001010101000110100
000000000000000000000000000000000000000000000000000000000000111110001100001010000110011000111101
000000000000000000000000000000000000000000000000000000000000101110100100110010011010100000110001
000000000000000000000000000000000000000000000000000000000000111000011111111101100010011110101100
000000000000000000000000000000000000000000000000000000000000000011100001011111011100101110001100
000000000000000000000000000000000000000000000000000000000000101010011101101111100000111000100000
000000000000000000000000000000000000000000000000000000000000100100110000010011001101010101000110
000000000000000000000000000000000000000000000000000000000000000111011010110101001011011111110111
000000000000000000000000000000000000000000000000000000000000011111100000001010110110100010010101
000000000000000000000000000000000000000000000000000000000000001001001100011010101100110000110011
000000000000000000000000000000000000000000000000000000000000111101000010001101001010100000110111
000000000000000000000000000000000000000000000000000000000000101101110100110001101110010101010011
000000000000000000000000000000000000000000000000000000000000100101001100101111011001111000011101
000000000000000000000000000000000000000000000000000000000000011110111010010001011010010101111110
000000000000000000000000000000000000000000000000000000000000001111000000001000010100111010011000
000000000000000000000000000000000000000000000000000000000000010001010001110110101000011100101001
000000000000000000000000000000000000000000000000000000000000101010000001101010001110110000101001
000000000000000000000000000000000000000000000000000000000000000011011011011000010011000001100100
000000000000000000000000000000000000000000000000000000000000101001000001010010001011101100001000
000000000000000000000000000000000000000000000000000000000000100100001101110000011010010110111101
000000000000000000000000000000000000000000000000000000000000110000010010101100000100111010111010
000000000000000000000000000000000000000000000000000000000000010010010000101000010000011111100100
000000000000000000000000000000000000000000000000000000000000101100001001001011111101111000010100
000000000000000000000000000000000000000000000000000000000000111001100111101101111000010110010001
000000000000000000000000000000000000000000000000000000000000011110111110100110100110111001010000
000000000000000000000000000000000000000000000000000000000000100001000001010000011010011010100100
000000000000000000000000000000000000000000000000000000000000101000000111011100111101100111011100
000000000000000000000000000000000000000000000000000000000000110000000101100101001100110101111010
000000000000000000000000000000000000000000000000000000000000000000100011001101011010001101001101
000000000000000000000000000000000000000000000000000000000000000110011111001011000011011000110101
000000000000000000000000000000000000000000000000000000000000011111111010111000101000111000100101
000000000000000000000000000000000000000000000000000000000000011001100010111011011001110010011011
000000000000000000000000000000000000000000000000000000000000110110100110010000011110111111110110
000000000000000000000000000000000000000000000000000000000000010010011000111110001011001010010100
000000000000000000000000000000000000000000000000000000000000010101100001111000010101111111111101
000000000000000000000000000000000000000000000000000000000000101100100001101001011110001001010000
000000000000000000000000000000000000000000000000000000000000100001100010100011011001000101010111
000000000000000000000000000000000000000000000000000000000000011100000001001101000011000110101011
000000000000000000000000000000000000000000000000000000000000010111000111100101011011100111110101
000000000000000000000000000000000000000000000000000000000000000101011111011010010001110110000010
000000000000000000000000000000000000000000000000000000000000100011011000101101101011000111011000
000000000000000000000000000000000000000000000000000000000000001100101011110011111110010000110010
000000000000000000000000000000000000000000000000000000000000000111011100011100101001111011010101
000000000000000000000000000000000000000000000000000000000000001111011111011001011100111101001001
000000000000000000000000000000000000000000000000000000000000000000110110011110111101010100011000
000000000000000000000000000000000000000000000000000000000000100010010101111001111111011010010100
000000000000000000000000000000000000000000000000000000000000010110000000010100010010111111001110
000000000000000000000000000000000000000000000000000000000000100011111101001110000100100111010011
000000000000000000000000000000000000000000000000000000000000101010100001110110101001101001110010
000000000000000000000000000000000000000000000000000000000000000000100100111000110101111001000010
000000000000000000000000000000000000000000000000000000000000100100100100011011101001000000011100
000000000000000000000000000000000000000000000000000000000000000111101010011111110100111001000000
000000000000000000000000000000000000000000000000000000000000000001101110011100100010101001011110
000000000000000000000000000000000000000000000000000000000000000010101110111010011001001000010001
000000000000000000000000000000000000000000000000000000000000100100000010000101000110011001001111
000000000000000000000000000000000000000000000000000000000000111000100001010111010100111101000100
000000000000000000000000000000000000000000000000000000000000001001101011011011011100000100010111
000000000000000000000000000000000000000000000000000000000000100101001001011011010101011001111110
000000000000000000000000000000000000000000000000000000000000000010101000110010111101101111001111
000000000000000000000000000000000000000000000000000000000000100010000010111111001110101000111001
000000000000000000000000000000000000000000000000000000000000100111111111101011001001110011001011
000000000000000000000000000000000000000000000000000000000000101111101000111101000000000001010111
000000000000000000000000000000000000000000000000000000000000001111010001001110100011100011000001
000000000000000000000000000000000000000000000000000000000000011000001010010000111000001011000001
000000000000000000000000000000000000000000000000000000000000111000111011000001110001111010110001
000000000000000000000000000000000000000000000000000000000000101101001100010101000101111111010111
000000000000000000000000000000000000000000000000000000000000101000100110011100010111000010001010
000000000000000000000000000000000000000000000000000000000000110101101000100011010101010101001110
000000000000000000000000000000000000000000000000000000000000100100111110110111011011100011101010
000000000000000000000000000000000000000000000000000000000000011011101101110010100001111001101001
000000000000000000000000000000000000000000000000000000000000000110101010011100011100110110000010
000000000000000000000000000000000000000000000000000000000000111001010100110001101010000011001111
000000000000000000000000000000000000000000000000000000000000000110001101011011010010110001111001
000000000000000000000000000000000000000000000000000000000000101100110101000110001011001100010000
000000000000000000000000000000000000000000000000000000000000100111100000000001000000001010001111
000000000000000000000000000000000000000000000000000000000000100100000010011110010001111110000010
000000000000000000000000000000000000000000000000000000000000101001001101000001000010101101001111
000000000000000000000000000000000000000000000000000000000000001110000100011100010110001010011010
000000000000000000000000000000000000000000000000000000000000010111000100001100001000000100000000
000000000000000000000000000000000000000000000000000000000000010101101001110110111111111010011010
000000000000000000000000000000000000000000000000000000000000110011100001001011010000110101011111
000000000000000000000000000000000000000000000000000000000000101111101110101000001000111010000011
000000000000000000000000000000000000000000000000000000000000010111000011100101010101011001011000
000000000000000000000000000000000000000000000000000000000000001011001110010010101111011010100110
000000000000000000000000000000000000000000000000000000000000000010010111011100001000111000110011
000000000000000000000000000000000000000000000000000000000000110000000111010101001010010011001111
000000000000000000000000000000000000000000000000000000000000000010001111000001111010000000110110
000000000000000000000000000000000000000000000000000000000000101111011010100010110010110000011010
000000000000000000000000000000000000000000000000000000000000001000010110010101111111001001001001
000000000000000000000000000000000000000000000000000000000000101000000101001010111011010001101111
000000000000000000000000000000000000000000000000000000000000010111010101011010101100101111001101
000000000000000000000000000000000000000000000000000000000000001010001101011000100000000100101010
000000000000000000000000000000000000000000000000000000000000111111011100001101110000100000100100
000000000000000000000000000000000000000000000000000000000000010010000010010001101101000110100110
000000000000000000000000000000000000000000000000000000000000111000100001001010101110111101101101
000000000000000000000000000000000000000000000000000000000000011000000110000100010111001100111001
000000000000000000000000000000000000000000000000000000000000001010000111010011110000001101111110
000000000000000000000000000000000000000000000000000000000000000110111011101010001010011011011011
000000000000000000000000000000000000000000000000000000000000101101001101010001110000111110000100
000000000000000000000000000000000000000000000000000000000000011101100001100001001101010001011011
000000000000000000000000000000000000000000000000000000000000101111110011010000111100001111111010
000000000000000000000000000000000000000000000000000000000000010000110110111001111010101110110111
000000000000000000000000000000000000000000000000000000000000110011111010100110100101010101101110
000000000000000000000000000000000000000000000000000000000000011001101110000011101110010000010000
000000000000000000000000000000000000000000000000000000000000110000111100111101000111110000110010
000000000000000000000000000000000000000000000000000000000000101011100100011101011011001011001100
000000000000000000000000000000000000000000000000000000000000110010111100001100110011010011001111
000000000000000000000000000000000000000000000000000000000000011110011100001000011010011011110011
000000000000000000000000000000000000000000000000000000000000100000001101001101100001111000001000
000000000000000000000000000000000000000000000000000000000000011010010100100111010101100000011011
000000000000000000000000000000000000000000000000000000000000110101001011101001000001101111110001
000000000000000000000000000000000000000000000000000000000000101001110010101101000011111000011111
000000000000000000000000000000000000000000000000000000000000111011110110100011100101111100011110
000000000000000000000000000000000000000000000000000000000000111110110010101001110000111001111101
000000000000000000000000000000000000000000000000000000000000101001000000101000110001010111111011
000000000000000000000000000000000000000000000000000000000000100010111001010101010011110110011011
000000000000000000000000000000000000000000000000000000000000101111100100100111100110000101010100
000000000000000000000000000000000000000000000000000000000000110011110100010010001101101000110100
000000000000000000000000000000000000000000000000000000000000000101111010101001111011010011000111
000000000000000000000000000000000000000000000000000000000000110101101001100001000110011000111011
000000000000000000000000000000000000000000000000000000000000010100010000110001101100001100100000
000000000000000000000000000000000000000000000000000000000000101110001010101111011000110010101001
000000000000000000000000000000000000000000000000000000000000111101001011010111000111100011001110
000000000000000000000000000000000000000000000000000000000000010000100111011110100100000100111100
000000000000000000000000000000000000000000000000000000000000101110001110001000110000010111001100
000000000000000000000000000000000000000000000000000000000000111101111001111101100011010000101110
000000000000000000000000000000000000000000000000000000000000111110010110011011001010001111011111
000000000000000000000000000000000000000000000000000000000000100111101111001011100011101001001011
000000000000000000000000000000000000000000000000000000000000011101001011001100001001001100010000
000000000000000000000000000000000000000000000000000000000000101001110001011100110111110011010101
000000000000000000000000000000000000000000000000000000000000001011011011010111110000101100011011
000000000000000000000000000000000000000000000000000000000000001000110011110111000000011011011110
000000000000000000000000000000000000000000000000000000000000101000111110011101011010010011100001
000000000000000000000000000000000000000000000000000000000000100011010010011111010100010001111110
000000000000000000000000000000000000000000000000000000000000000111111000101010010100111101000010
000000000000000000000000000000000000000000000000000000000000000011001101101000010100100111101011
000000000000000000000000000000000000000000000000000000000000000111001001100101001010101010111000
000000000000000000000000000000000000000000000000000000000000001011010010000011110111100111011111
000000000000000000000000000000000000000000000000000000000000010000000111100000011100011110011110
000000000000000000000000000000000000000000000000000000000000010001001101011111000011110000001111
000000000000000000000000000000000000000000000000000000000000001001001001110011111011010010110110
000000000000000000000000000000000000000000000000000000000000001101011101000011100110111100111000
000000000000000000000000000000000000000000000000000000000000010001000100011101011010111111011101
000000000000000000000000000000000000000000000000000000000000011001101111010100100101001010101010
000000000000000000000000000000000000000000000000000000000000101011101010011011011010101111000000
000000000000000000000000000000000000000000000000000000000000100000111111001010010001101101111110
000000000000000000000000000000000000000000000000000000000000101010110100111101101001001010011011
000000000000000000000000000000000000000000000000000000000000101011001101011000010100000011110010
000000000000000000000000000000000000000000000000000000000000111101000100000011110000001001000110
000000000000000000000000000000000000000000000000000000000000000000010111001001011110101000100101
000000000000000000000000000000000000000000000000000000000000100100111011100010101010111011011100
000000000000000000000000000000000000000000000000000000000000011000100101011011011001111001011001
000000000000000000000000000000000000000000000000000000000000010100100100010111000010101110101011
000000000000000000000000000000000000000000000000000000000000010101001101000110111011110101001000
000000000000000000000000000000000000000000000000000000000000001111001111010001001100101011001111
000000000000000000000000000000000000000000000000000000000000110001110001110000100000000001011111
000000000000000000000000000000000000000000000000000000000000001011010010000100000001000111010111
000000000000000000000000000000000000000000000000000000000000000110100100100101110100000100000011
000000000000000000000000000000000000000000000000000000000000011100101110100101010100110111010011
000000000000000000000000000000000000000000000000000000000000000010100000001000010000011111100001
000000000000000000000000000000000000000000000000000000000000011101001000010110000000000011001110
000000000000000000000000000000000000000000000000000000000000011011011100111100111001110011101111
000000000000000000000000000000000000000000000000000000000000000011110000101111110110001011001010
000000000000000000000000000000000000000000000000000000000000100100101011110111001000100100100100
000000000000000000000000000000000000000000000000000000000000110010111010110111000000111101100001
000000000000000000000000000000000000000000000000000000000000000111100101011010110001010101101100
000000000000000000000000000000000000000000000000000000000000110100100011010100001110110101101011
000000000000000000000000000000000000000000000000000000000000110111000101100011001010001011111110
000000000000000000000000000000000000000000000000000000000000111010010100111110110001011110111000
000000000000000000000000000000000000000000000000000000000000001001101000100111000111110110011001
000000000000000000000000000000000000000000000000000000000000101000011001001011001011010111010110
000000000000000000000000000000000000000000000000000000000000101001000000010101000101101101011000
000000000000000000000000000000000000000000000000000000000000101000111010100001010000010010110000
000000000000000000000000000000000000000000000000000000000000001001111010110001011101101011000100
000000000000000000000000000000000000000000000000000000000000011010110000110010010011101011011101
000000000000000000000000000000000000000000000000000000000000101111010101000101100110001010011101
000000000000000000000000000000000000000000000000000000000000101110001111011111100110000011001111
000000000000000000000000000000000000000000000000000000000000010110111110100100011000010011101010
000000000000000000000000000000000000000000000000000000000000001111000101011001001000000001000101
000000000000000000000000000000000000000000000000000000000000100000110001101101010010010101110010
000000000000000000000000000000000000000000000000000000000000101000111011011111010011100110010011
000000000000000000000000000000000000000000000000000000000000111101100100010000001001000111101011
000000000000000000000000000000000000000000000000000000000000010110111000100100000100010101010100
000000000000000000000000000000000000000000000000000000000000110011011010111111101001100111100000
000000000000000000000000000000000000000000000000000000000000111110001100001100010100100100100111
000000000000000000000000000000000000000000000000000000000000110011101110001100100100001000000101
000000000000000000000000000000000000000000000000000000000000110011111101001101110111000010111100
000000000000000000000000000000000000000000000000000000000000110110111111010110001111000100110001
000000000000000000000000000000000000000000000000000000000000110011011100000011000001100101110011
000000000000000000000000000000000000000000000000000000000000010110110110111101011110101101011001
000000000000000000000000000000000000000000000000000000000000110011110000000010101000100000110001
000000000000000000000000000000000000000000000000000000000000111000110101100111011011000100001111
000000000000000000000000000000000000000000000000000000000000011110111101010101011010100110001101
000000000000000000000000000000000000000000000000000000000000101010100100101000000110000101011110
000000000000000000000000000000000000000000000000000000000000011101001110110110111000001101010110
000000000000000000000000000000000000000000000000000000000000100110000110110111100011011101100100
000000000000000000000000000000000000000000000000000000000000000010101100110000001001010001101000
000000000000000000000000000000000000000000000000000000000000101010011001000011000100010001010011
000000000000000000000000000000000000000000000000000000000000111011101111011111001001110001100010
000000000000000000000000000000000000000000000000000000000000011000100111101000101000011000110100
000000000000000000000000000000000000000000000000000000000000000101110101100100000110110011011011
000000000000000000000000000000000000000000000000000000000000111000011011000000000110010001100011
000000000000000000000000000000000000000000000000000000000000000011001011001101001100011011001011
000000000000000000000000000000000000000000000000000000000000010101001101000101001110100101101110
000000000000000000000000000000000000000000000000000000000000111101011101010000110100110101011010
000000000000000000000000000000000000000000000000000000000000000010011111111110100111110110110011
000000000000000000000000000000000000000000000000000000000000101011000101011011100100100101101001
000000000000000000000000000000000000000000000000000000000000111111100110110100010000010001001001
000000000000000000000000000000000000000000000000000000000000001110010001010001101001111100111110
000000000000000000000000000000000000000000000000000000000000100101100001101010110111101001010001
000000000000000000000000000000000000000000000000000000000000101111001011001100001100101001000011
000000000000000000000000000000000000000000000000000000000000111010100000000010010011110010101010
000000000000000000000000000000000000000000000000000000000000101001100000011001111111100001111010
000000000000000000000000000000000000000000000000000000000000000000110011010010000000110111011101
000000000000000000000000000000000000000000000000000000000000000010100101011010000110010000100011
000000000000000000000000000000000000000000000000000000000000000111111100100001010000110011010011
000000000000000000000000000000000000000000000000000000000000011111100010010010100000110001000101
000000000000000000000000000000000000000000000000000000000000111100000101011011110111100000101010
000000000000000000000000000000000000000000000000000000000000111000011111000000000110110011001111
000000000000000000000000000000000000000000000000000000000000000000100110000010101010001010001001
000000000000000000000000000000000000000000000000000000000000000000001001001000100110010101001101
000000000000000000000000000000000000000000000000000000000000010101000101001111001001110111010101
000000000000000000000000000000000000000000000000000000000000100001000010001100100111000100010001
000000000000000000000000000000000000000000000000000000000000001001101110010111110000110101001001
000000000000000000000000000000000000000000000000000000000000010000000110010000110000101101110111
000000000000000000000000000000000000000000000000000000000000110111111100100110011000010011101111
000000000000000000000000000000000000000000000000000000000000011010100111101000101011101101110110
000000000000000000000000000000000000000000000000000000000000010100111010001001000011011110010111
000000000000000000000000000000000000000000000000000000000000010100111100001010100100011101111111
000000000000000000000000000000000000000000000000000000000000001100000110010111100101001100100110
000000000000000000000000000000000000000000000000000000000000010010000000000011100111010010011101
000000000000000000000000000000000000000000000000000000000000000100011001011110000110011101001011
000000000000000000000000000000000000000000000000000000000000001101011011110101100011011000101010
000000000000000000000000000000000000000000000000000000000000101001110110101110110010000010110111
000000000000000000000000000000000000000000000000000000000000111101111111010101000101111001001110
000000000000000000000000000000000000000000000000000000000000000111011100111011001110101110101101
000000000000000000000000000000000000000000000000000000000000101001100111111011101011010000111001
000000000000000000000000000000000000000000000000000000000000001011000111000100011010000000111100
000000000000000000000000000000000000000000000000000000000000101010011110000100101000001010001111
000000000000000000000000000000000000000000000000000000000000000110000001010001000111111100011101
000000000000000000000000000000000000000000000000000000000000111000111100101010100101100110100100
000000000000000000000000000000000000000000000000000000000000100111111100010011011000000101110101
000000000000000000000000000000000000000000000000000000000000100000011011101100100010111001000000
000000000000000000000000000000000000000000000000000000000000101100111001111111001110110110110001
000000000000000000000000000000000000000000000000000000000000100001000010110001100100001000001011
000000000000000000000000000000000000000000000000000000000000000001100111010011001011101110111100
000000000000000000000000000000000000000000000000000000000000011111000100000011101111011010100000
000000000000000000000000000000000000000000000000000000000000111001010000110111111011010001000110
000000000000000000000000000000000000000000000000000000000000100000011110001110001111110000001110
000000000000000000000000000000000000000000000000000000000000011101111011010011111001000001001110
000000000000000000000000000000000000000000000000000000000000111101110010110010010000110101100000
000000000000000000000000000000000000000000000000000000000000100111100000100110100010000101110101
000000000000000000000000000000000000000000000000000000000000010111111101110000101100001110110101
000000000000000000000000000000000000000000000000000000000000111111011011111010011100000111110100
000000000000000000000000000000000000000000000000000000000000101010010011011000111001100000110111
000000000000000000000000000000000000000000000000000000000000100100001100011010101001001110111100
000000000000000000000000000000000000000000000000000000000000000111101100001100000001010001010100
000000000000000000000000000000000000000000000000000000000000011111000001000011000011111010000000
000000000000000000000000000000000000000000000000000000000000011011101100100010101101110111111010
000000000000000000000000000000000000000000000000000000000000000010100000001100010000010000100000
000000000000000000000000000000000000000000000000000000000000001001001110001110010100101010011010
000000000000000000000000000000000000000000000000000000000000010011001101000111011001000010000101
000000000000000000000000000000000000000000000000000000000000000111101111001110111110101111110101
000000000000000000000000000000000000000000000000000000000000111011001110101110100010101110000001
000000000000000000000000000000000000000000000000000000000000011010011011110101011110110001001111
000000000000000000000000000000000000000000000000000000000000111101100110101001010010100011001100
000000000000000000000000000000000000000000000000000000000000001111111100111011010101011001100100
000000000000000000000000000000000000000000000000000000000000011110111011111011001110010111011110
000000000000000000000000000000000000000000000000000000000000011000111000011001001001101100101011
000000000000000000000000000000000000000000000000000000000000110011011010010001010100111011010011
000000000000000000000000000000000000000000000000000000000000111011100001011010010011001010001001
000000000000000000000000000000000000000000000000000000000000110110000111010111001100010101101010
000000000000000000000000000000000000000000000000000000000000001110101101010110000100100111000110
000000000000000000000000000000000000000000000000000000000000001110001001010111111110101011001101
000000000000000000000000000000000000000000000000000000000000101110001001100100111100010110000010
000000000000000000000000000000000000000000000000000000000000100101110111001111001110010001000011
000000000000000000000000000000000000000000000000000000000000100100011100101011010111000101111010
000000000000000000000000000000000000000000000000000000000000001101101011100110111111011100100000
000000000000000000000000000000000000000000000000000000000000001100000010111010110011111000110010
000000000000000000000000000000000000000000000000000000000000001110111111100111000001110111100001
000000000000000000000000000000000000000000000000000000000000110011110000100011111000101100000111
000000000000000000000000000000000000000000000000000000000000010111110110101101111010111001010010
000000000000000000000000000000000000000000000000000000000000100111011010000000001110010010110010
000000000000000000000000000000000000000000000000000000000000110000010011100011100110011000101000
000000000000000000000000000000000000000000000000000000000000011111011111000001001111001000000100
000000000000000000000000000000000000000000000000000000000000011000101111001010010010100001010000
000000000000000000000000000000000000000000000000000000000000110100111110111100010000111011110001
000000000000000000000000000000000000000000000000000000000000011001011000101001000110011110110111
000000000000000000000000000000000000000000000000000000000000110100010110101001000011111010111101
000000000000000000000000000000000000000000000000000000000000000001000100110101001101111011001110
000000000000000000000000000000000000000000000000000000000000010000111010111111001000001100111110
000000000000000000000000000000000000000000000000000000000000001110100111111000101101001101101111
000000000000000000000000000000000000000000000000000000000000100111001101101110000011101111110000
000000000000000000000000000000000000000000000000000000000000001111011000100100001010011111101011
000000000000000000000000000000000000000000000000000000000000011001010101011101001010010000011011
000000000000000000000000000000000000000000000000000000000000011100000100110110010001010010100111
000000000000000000000000000000000000000000000000000000000000111000110111110000110100111011011111
000000000000000000000000000000000000000000000000000000000000010011001100101110001000111011011100
000000000000000000000000000000000000000000000000000000000000110110011010001010000101010011100000
000000000000000000000000000000000000000000000000000000000000111000101001010011000000001001000011
000000000000000000000000000000000000000000000000000000000000111000001011111110101110001011101001
000000000000000000000000000000000000000000000000000000000000011010011100001011110011011010111001
000000000000000000000000000000000000000000000000000000000000100000000011111111101000110101101001
000000000000000000000000000000000000000000000000000000000000101000111000110110110101100111101010
000000000000000000000000000000000000000000000000000000000000000011000011101100001100101001000100
000000000000000000000000000000000000000000000000000000000000111000101001011001010111010010011110
000000000000000000000000000000000000000000000000000000000000010110011010001110011000100011101101
000000000000000000000000000000000000000000000000000000000000110011001101000011110011010110101011
000000000000000000000000000000000000000000000000000000000000010010010001101111111000101111111111
000000000000000000000000000000000000000000000000000000000000111000110111100011110100101000101011
000000000000000000000000000000000000000000000000000000000000101101001001100001100110100001010000
000000000000000000000000000000000000000000000000000000000000000001001100001100001100110001100101
000000000000000000000000000000000000000000000000000000000000010000100111110010001000110011011111
000000000000000000000000000000000000000000000000000000000000010010010100000010101010101101111111
000000000000000000000000000000000000000000000000000000000000100001101110101001100111000001011110
000000000000000000000000000000000000000000000000000000000000110010010101101011100010111111111111
000000000000000000000000000000000000000000000000000000000000100100110011110010110010111101100100
000000000000000000000000000000000000000000000000000000000000000011001011110101101000001110110010
000000000000000000000000000000000000000000000000000000000000011001010110111111001010011011001100
000000000000000000000000000000000000000000000000000000000000011011101000111001011000110111111101
000000000000000000000000000000000000000000000000000000000000100010000011110000110010011011110100
000000000000000000000000000000000000000000000000000000000000101011111011100000111101011011100011
000000000000000000000000000000000000000000000000000000000000001111000011000100011010110110000001
000000000000000000000000000000000000000000000000000000000000111011010110001111011110111010111010
000000000000000000000000000000000000000000000000000000000000100100010110101000100101101111100111
000000000000000000000000000000000000000000000000000000000000011011000001101110111010001101100001
000000000000000000000000000000000000000000000000000000000000001010011010011110000100111010010110
000000000000000000000000000000000000000000000000000000000000010000000100010011100000000001010110
000000000000000000000000000000000000000000000000000000000000010000100111010110111111100100000101
000000000000000000000000000000000000000000000000000000000000110111110101011010001011101101000001
000000000000000000000000000000000000000000000000000000000000000111110101001100010011000000111001
000000000000000000000000000000000000000000000000000000000000100100101110111000110100110111001001
000000000000000000000000000000000000000000000000000000000000000101111001101110001010101110011100
000000000000000000000000000000000000000000000000000000000000110100010101011001101110100011111111
000000000000000000000000000000000000000000000000000000000000001110100100110101010010011010111000
000000000000000000000000000000000000000000000000000000000000100101110101101000001001110000001111
000000000000000000000000000000000000000000000000000000000000000000010100111100110001101111000010
000000000000000000000000000000000000000000000000000000000000110101010010011101000010011101101101
000000000000000000000000000000000000000000000000000000000000000000010110101111010011011100010111
000000000000000000000000000000000000000000000000000000000000010101100011101110011111110010011110
000000000000000000000000000000000000000000000000000000000000100001000011110100011010000010110011
000000000000000000000000000000000000000000000000000000000000100110110010000011100111011011011110
000000000000000000000000000000000000000000000000000000000000011000011011001100000110111111100011
000000000000000000000000000000000000000000000000000000000000100000010100110001101111110101011010
000000000000000000000000000000000000000000000000000000000000110000011111101111000110011011111110
000000000000000000000000000000000000000000000000000000000000000000000111100110011011000010000000
000000000000000000000000000000000000000000000000000000000000001011111010111100101001111011101011
000000000000000000000000000000000000000000000000000000000000010111100110111000000001011111001010
000000000000000000000000000000000000000000000000000000000000110011101000000101111000011110101110
000000000000000000000000000000000000000000000000000000000000000111111110111111011110000011100011
000000000000000000000000000000000000000000000000000000000000101111000011000010001010111101100101
000000000000000000000000000000000000000000000000000000000000000101000110110100111011010110100000
000000000000000000000000000000000000000000000000000000000000100010011110000010110111100000100111
000000000000000000000000000000000000000000000000000000000000100111101011100101000110110000011011
000000000000000000000000000000000000000000000000000000000000110100110100010110001101001011110010
000000000000000000000000000000000000000000000000000000000000000100111011011101001100101011111011
000000000000000000000000000000000000000000000000000000000000010101001001101010000011000001011000
000000000000000000000000000000000000000000000000000000000000110001000011101101111000111001101000
000000000000000000000000000000000000000000000000000000000000011100101111000100010101000011110011
000000000000000000000000000000000000000000000000000000000000000010100100110110111100110110010100
000000000000000000000000000000000000000000000000000000000000101101000001000011010110011001100100
000000000000000000000000000000000000000000000000000000000000101111010111000110101010111110111001
000000000000000000000000000000000000000000000000000000000000001001010000010001110010011110111101
000000000000000000000000000000000000000000000000000000000000011000110001100001010000010010001111
000000000000000000000000000000000000000000000000000000000000110110011010011000001011000100101110
000000000000000000000000000000000000000000000000000000000000110000001101001000101000011011111110
000000000000000000000000000000000000000000000000000000000000111000000010101101011101110110101011
000000000000000000000000000000000000000000000000000000000000001101011010001101110100000011001101
000000000000000000000000000000000000000000000000000000000000011000111001111011110001010000010111
000000000000000000000000000000000000000000000000000000000000101100101111011001101011111001001100
000000000000000000000000000000000000000000000000000000000000101000000100011001100110001110000101
000000000000000000000000000000000000000000000000000000000000000001110001001100111100100100110101
000000000000000000000000000000000000000000000000000000000000110110101001001100010100001100100101
000000000000000000000000000000000000000000000000000000000000001000010100110001101001000000001001
000000000000000000000000000000000000000000000000000000000000110011100001001111011001110010011001
000000000000000000000000000000000000000000000000000000000000100001000101111000011000000001110110
000000000000000000000000000000000000000000000000000000000000010100111111111110011101011010110111
000000000000000000000000000000000000000000000000000000000000001001100110010110001110110101001000
000000000000000000000000000000000000000000000000000000000000111111000110010011010111001001110001
000000000000000000000000000000000000000000000000000000000000110101111011111101010110001111100101
000000000000000000000000000000000000000000000000000000000000100111001111110100110100111000011000
000000000000000000000000000000000000000000000000000000000000111100110110111101101000010111100110
000000000000000000000000000000000000000000000000000000000000000101110000001111101000010111011010
000000000000000000000000000000000000000000000000000000000000100100110101001001010001110001001100
000000000000000000000000000000000000000000000000000000000000111000111000111110100110101100111000
000000000000000000000000000000000000000000000000000000000000100111000000110000011011111000101001
000000000000000000000000000000000000000000000000000000000000000101001001001100101001101111001000
000000000000000000000000000000000000000000000000000000000000101101011011001010001111100110101001
000000000000000000000000000000000000000000000000000000000000000111011011010111010010010011110100
000000000000000000000000000000000000000000000000000000000000011011001001100010000000100001111110
000000000000000000000000000000000000000000000000000000000000101100001000011001011010111101001000
000000000000000000000000000000000000000000000000000000000000111101001111111010001001111010011011
000000000000000000000000000000000000000000000000000000000000010010100111110100101001111111000111
000000000000000000000000000000000000000000000000000000000000101101111010111100000111011011011100
000000000000000000000000000000000000000000000000000000000000101101110001011001110010101110011100
000000000000000000000000000000000000000000000000000000000000100001000010110011101010011011001000
000000000000000000000000000000000000000000000000000000000000010001110010001110000011010110001100
000000000000000000000000000000000000000000000000000000000000011010011111000000100010001000111101
000000000000000000000000000000000000000000000000000000000000011110110111011001010011101101100101
000000000000000000000000000000000000000000000000000000000000101001100101000000011001011110100100
000000000000000000000000000000000000000000000000000000000000010101110101100101110010010011111111
000000000000000000000000000000000000000000000000000000000000100010110101101001011111100010001100
000000000000000000000000000000000000000000000000000000000000000110110000110101111110111101001100
000000000000000000000000000000000000000000000000000000000000001100111101001010111010100110001011
000000000000000000000000000000000000000000000000000000000000101010100000001011111110001000010110
000000000000000000000000000000000000000000000000000000000000010100011101110001011010110100100010
000000000000000000000000000000000000000000000000000000000000011000011011101001100110111000011001
000000000000000000000000000000000000000000000000000000000000110010000011001011010101111110100110
000000000000000000000000000000000000000000000000000000000000110111111010011000000100101100110110
000000000000000000000000000000000000000000000000000000000000011011010001001001111110010011010000
000000000000000000000000000000000000000000000000000000000000010101110011110011101101111000110001
000000000000000000000000000000000000000000000000000000000000011011011110111111010111011111011000
000000000000000000000000000000000000000000000000000000000000101001010000110000111011011111000001
000000000000000000000000000000000000000000000000000000000000000111011111010111010001011011011100
000000000000000000000000000000000000000000000000000000000000010110001001110111101000011101000001
000000000000000000000000000000000000000000000000000000000000111000110110010110101111111111111111
000000000000000000000000000000000000000000000000000000000000001011001001110000111111101110100101
000000000000000000000000000000000000000000000000000000000000100100011100000110110010010000001110
000000000000000000000000000000000000000000000000000000000000110101001100110111001000110110111010
000000000000000000000000000000000000000000000000000000000000101010110110011101001101101111101010
000000000000000000000000000000000000000000000000000000000000101010101000110010011010110011100111
000000000000000000000000000000000000000000000000000000000000011001011001010100110010100010101010
000000000000000000000000000000000000000000000000000000000000010001011100010111010001001101010110
000000000000000000000000000000000000000000000000000000000000101100111101010110110100101111110000
000000000000000000000000000000000000000000000000000000000000110010011110011010010100001101011101
000000000000000000000000000000000000000000000000000000000000011000101101101011000010000111111001
000000000000000000000000000000000000000000000000000000000000110000100100001000110001010010110110
000000000000000000000000000000000000000000000000000000000000011111000001110011101111110110111100
000000000000000000000000000000000000000000000000000000000000100000000010101101011010001110010010
000000000000000000000000000000000000000000000000000000000000011001011111001010010011010000010010
000000000000000000000000000000000000000000000000000000000000001101000000011010001101110010100001
000000000000000000000000000000000000000000000000000000000000011111110010010001000010011110001001
000000000000000000000000000000000000000000000000000000000000101101010100100010101000110011100100
000000000000000000000000000000000000000000000000000000000000001001111010110101011000100110000000
000000000000000000000000000000000000000000000000000000000000001001010011111011101000000110001000
000000000000000000000000000000000000000000000000000000000000001110000100111011111011010010010011
000000000000000000000000000000000000000000000000000000000000111010000111101000001001101010000101
000000000000000000000000000000000000000000000000000000000000010000100001010101100101110000011001
000000000000000000000000000000000000000000000000000000000000110101011100001110101101110001110000
000000000000000000000000000000000000000000000000000000000000011011110100001110001001101110000101
000000000000000000000000000000000000000000000000000000000000001001010101000101111001000011111000
000000000000000000000000000000000000000000000000000000000000010001110001011001001111101010011011
000000000000000000000000000000000000000000000000000000000000000000111001111101001000100001001101
000000000000000000000000000000000000000000000000000000000000100010111011111010011101101110100001
000000000000000000000000000000000000000000000000000000000000111110000101101101011010110110010101
000000000000000000000000000000000000000000000000000000000000001110011001000000100010111010011001
000000000000000000000000000000000000000000000000000000000000001100001000101011010100110011000101
000000000000000000000000000000000000000000000000000000000000110010111011010111111110001001101001
000000000000000000000000000000000000000000000000000000000000001011001110110110011000010101001010
000000000000000000000000000000000000000000000000000000000000111001110000001100011100011101111011
000000000000000000000000000000000000000000000000000000000000110011101110111110100101001110011010
000000000000000000000000000000000000000000000000000000000000011101110011110000111100111001010000
000000000000000000000000000000000000000000000000000000000000100011101000100010101001001011101111
000000000000000000000000000000000000000000000000000000000000000100011110110010111000000111111101
000000000000000000000000000000000000000000000000000000000000011000001111001000101100000011111010
000000000000000000000000000000000000000000000000000000000000010111101110011011101101010000100010
000000000000000000000000000000000000000000000000000000000000100100111110010110101111110000001110
000000000000000000000000000000000000000000000000000000000000100000010101010000111011000110100110
000000000000000000000000000000000000000000000000000000000000101011100000001101101110001010101001
000000000000000000000000000000000000000000000000000000000000101000011001111100011101111100110101
000000000000000000000000000000000000000000000000000000000000101011101010001101111110011000000100
000000000000000000000000000000000000000000000000000000000000000000111000010100000001110010001010
000000000000000000000000000000000000000000000000000000000000101111001010111010100001110011010100
000000000000000000000000000000000000000000000000000000000000001010100110001001000010010001011110
000000000000000000000000000000000000000000000000000000000000101001100110111011000100111010100111
000000000000000000000000000000000000000000000000000000000000100100111001101011010101011110100101
000000000000000000000000000000000000000000000000000000000000101001001011010000111010100010010001
000000000000000000000000000000000000000000000000000000000000100101101111111011101011101000000110
000000000000000000000000000000000000000000000000000000000000010001001001010010101000100000101010
000000000000000000000000000000000000000000000000000000000000100000100100001111111110011101101111
000000000000000000000000000000000000000000000000000000000000111101000100101001100001011000111110
000000000000000000000000000000000000000000000000000000000000100000000110001010000000000111110110
000000000000000000000000000000000000000000000000000000000000100101100011000111100000001100000101
000000000000000000000000000000000000000000000000000000000000001101011010010110110101100101100010
000000000000000000000000000000000000000000000000000000000000001110101000011011110100000100011110
000000000000000000000000000000000000000000000000000000000000100011010010011101001000100101100010
000000000000000000000000000000000000000000000000000000000000011001100011111101101000111110101110
000000000000000000000000000000000000000000000000000000000000011110011011110110100011001100010011
000000000000000000000000000000000000000000000000000000000000000100000101011111101100011001001000
000000000000000000000000000000000000000000000000000000000000110100111101111100000100100111100111
000000000000000000000000000000000000000000000000000000000000010101100000011010011100101110111001
000000000000000000000000000000000000000000000000000000000000110101010011101001011010100110110000
000000000000000000000000000000000000000000000000000000000000000110001110001100011010011111100101
000000000000000000000000000000000000000000000000000000000000101001100011100110000011010011111101
000000000000000000000000000000000000000000000000000000000000001100101000110010001001110111111011
000000000000000000000000000000000000000000000000000000000000010100011111011111010101010100110100
000000000000000000000000000000000000000000000000000000000000000111110101011000000010110100010010
000000000000000000000000000000000000000000000000000000000000011010010000011011000101100110111110
000000000000000000000000000000000000000000000000000000000000010001110000000101110100011010100111
000000000000000000000000000000000000000000000000000000000000110101001100011000010111011011000110
000000000000000000000000000000000000000000000000000000000000110010001111101111110000001001011100
000000000000000000000000000000000000000000000000000000000000101100000000010000011111111000001101
000000000000000000000000000000000000000000000000000000000000010000000100111000011000111010010110
000000000000000000000000000000000000000000000000000000000000110010001110011001010010111000111011
000000000000000000000000000000000000000000000000000000000000100000000101011000001011100111000011
000000000000000000000000000000000000000000000000000000000000100100011111101010010000100010111110
000000000000000000000000000000000000000000000000000000000000000001100000100000010100000100011010
000000000000000000000000000000000000000000000000000000000000011010010111110111001100110010111001
000000000000000000000000000000000000000000000000000000000000111101111101010101101011111111111011
000000000000000000000000000000000000000000000000000000000000000000010101110010100100011010111000
000000000000000000000000000000000000000000000000000000000000100111100001100000010000010111111001
000000000000000000000000000000000000000000000000000000000000101000110101110101000101101010011000
000000000000000000000000000000000000000000000000000000000000111101010110110110110111000100000001
000000000000000000000000000000000000000000000000000000000000111110100101101010101100011101110111
000000000000000000000000000000000000000000000000000000000000010001011100111101010111000110100100
000000000000000000000000000000000000000000000000000000000000110000100110101000011000000010001111
000000000000000000000000000000000000000000000000000000000000011000001000010001010111101101110000
000000000000000000000000000000000000000000000000000000000000110110110110011101111111100010100111
000000000000000000000000000000000000000000000000000000000000111110000100111010111000000100011111
000000000000000000000000000000000000000000000000000000000000000111000111111011001001011001101001
000000000000000000000000000000000000000000000000000000000000001010101001001111110001110000010010
000000000000000000000000000000000000000000000000000000000000010110111000000010011011011010010011
000000000000000000000000000000000000000000000000000000000000101101101000011000011010110001011101
000000000000000000000000000000000000000000000000000000000000001100111100100100001011000101110100
000000000000000000000000000000000000000000000000000000000000001100000011101010001110100100010111
000000000000000000000000000000000000000000000000000000000000100111001100001101011010010111010111
000000000000000000000000000000000000000000000000000000000000110010110011000110001001010010011101
000000000000000000000000000000000000000000000000000000000000000101110011001111011011000101100111
000000000000000000000000000000000000000000000000000000000000011011010101111000110110010101010001
000000000000000000000000000000000000000000000000000000000000111001011011101010000000111010000011
000000000000000000000000000000000000000000000000000000000000111011001001110011110101010100011110
000000000000000000000000000000000000000000000000000000000000000000011011000101110110111100001000
000000000000000000000000000000000000000000000000000000000000000001101111110101000111010000101111
000000000000000000000000000000000000000000000000000000000000000010010100111010111111100001011110
000000000000000000000000000000000000000000000000000000000000001110001110001110011000000000101110
000000000000000000000000000000000000000000000000000000000000101001111111011110101110001010011011
000000000000000000000000000000000000000000000000000000000000101101010110100110100010100110111100
000000000000000000000000000000000000000000000000000000000000111001000000100101011101100011111111
000000000000000000000000000000000000000000000000000000000000010111111110000001000010000110101010
000000000000000000000000000000000000000000000000000000000000000101000000100001100011110000110000
000000000000000000000000000000000000000000000000000000000000110000011100101101001111111111011110
000000000000000000000000000000000000000000000000000000000000010100000101110101011011011010000011
000000000000000000000000000000000000000000000000000000000000100111110110000101000111110000001101
000000000000000000000000000000000000000000000000000000000000110011011010101000010101010101000110
000000000000000000000000000000000000000000000000000000000000000111010111110100110010011001101011
000000000000000000000000000000000000000000000000000000000000101001100001011100101101001000001101
000000000000000000000000000000000000000000000000000000000000110000101010110110101011110100000101
000000000000000000000000000000000000000000000000000000000000101011010100110010011101100100001111
000000000000000000000000000000000000000000000000000000000000111000101000100000000011101101101011
000000000000000000000000000000000000000000000000000000000000011001110000101110011110000000011011
000000000000000000000000000000000000000000000000000000000000010110111110100111000110101011101010
000000000000000000000000000000000000000000000000000000000000010001010110010011010001011100101010
000000000000000000000000000000000000000000000000000000000000000101101101110011110111010010011000
000000000000000000000000000000000000000000000000000000000000101101101110101111110101101010000010
000000000000000000000000000000000000000000000000000000000000010110101010010100110000100101001000
000000000000000000000000000000000000000000000000000000000000010101100010100111110100111110001111
000000000000000000000000000000000000000000000000000000000000011100000011000011010001000110111111
000000000000000000000000000000000000000000000000000000000000001001000011010000001011100110010100
000000000000000000000000000000000000000000000000000000000000011111101100001100011001010011111010
000000000000000000000000000000000000000000000000000000000000111111100000100000010010011110101111
000000000000000000000000000000000000000000000000000000000000100100000001001010011001101011101010
000000000000000000000000000000000000000000000000000000000000111011100000001001010011011010100111
000000000000000000000000000000000000000000000000000000000000001011101101101011100011000000010101
000000000000000000000000000000000000000000000000000000000000011100010001000001100001110101000010
000000000000000000000000000000000000000000000000000000000000000011001100101111101101000011010011
000000000000000000000000000000000000000000000000000000000000010100101111011001001111100011100110
000000000000000000000000000000000000000000000000000000000000100100110110110000010101010001011001
000000000000000000000000000000000000000000000000000000000000110010110011010110001111000100000110
000000000000000000000000000000000000000000000000000000000000011011001101000110000100111101101111
000000000000000000000000000000000000000000000000000000000000101110011100011001011010011101101011
000000000000000000000000000000000000000000000000000000000000011001100110010010011001110010101110
000000000000000000000000000000000000000000000000000000000000010010110010010001100111110000010001
000000000000000000000000000000000000000000000000000000000000111000001101011111101000000101010001
000000000000000000000000000000000000000000000000000000000000111111011101000010110101111101100001
000000000000000000000000000000000000000000000000000000000000000001101001011000101010110011101011
000000000000000000000000000000000000000000000000000000000000000111010010100000001010111000011100
000000000000000000000000000000000000000000000000000000000000110000101011111110111001010100111101
000000000000000000000000000000000000000000000000000000000000001001011110110100111000111010111100
000000000000000000000000000000000000000000000000000000000000101100111111101110100010101000011010
000000000000000000000000000000000000000000000000000000000000001001001000111001000101100011001001
000000000000000000000000000000000000000000000000000000000000100000100101011010001100011110011001
000000000000000000000000000000000000000000000000000000000000110001100101100110101001100010111101
000000000000000000000000000000000000000000000000000000000000011000001010000100110011001100000101
000000000000000000000000000000000000000000000000000000000000010011101100111100001011110100010101
000000000000000000000000000000000000000000000000000000000000011010100100001011111101101000001000
000000000000000000000000000000000000000000000000000000000000101111011101000100010110101110100101
000000000000000000000000000000000000000000000000000000000000101010001100111010111101111110111000
000000000000000000000000000000000000000000000000000000000000011101100101100101001000001000001000
000000000000000000000000000000000000000000000000000000000000001010000110100111110111100100111001
000000000000000000000000000000000000000000000000000000000000010000100000001011111100111110110111
000000000000000000000000000000000000000000000000000000000000111001000001011000110100000110110101
000000000000000000000000000000000000000000000000000000000000011111000011110111110101000010100001
000000000000000000000000000000000000000000000000000000000000010000000011100000010100111110101000
000000000000000000000000000000000000000000000000000000000000000010100011100100100111000001000010
000000000000000000000000000000000000000000000000000000000000100111111011101100010001010010010110
000000000000000000000000000000000000000000000000000000000000100111010111111001110100110101011010
000000000000000000000000000000000000000000000000000000000000100010000001011001011010010010011110
000000000000000000000000000000000000000000000000000000000000011001101100011010010000001100111000
000000000000000000000000000000000000000000000000000000000000010100101010011111011110010100001001
000000000000000000000000000000000000000000000000000000000000111011001101011010110100001011110011
000000000000000000000000000000000000000000000000000000000000100011010001110001110101110111100110
000000000000000000000000000000000000000000000000000000000000110001010010111011110110100111111100
000000000000000000000000000000000000000000000000000000000000100100110000110001000101111011110100
000000000000000000000000000000000000000000000000000000000000000010010001001000010010001110011001
000000000000000000000000000000000000000000000000000000000000100110010101010100101000001111101110
000000000000000000000000000000000000000000000000000000000000110110101100101101110010000100001111
000000000000000000000000000000000000000000000000000000000000101111001100110001110111010111110111
000000000000000000000000000000000000000000000000000000000000101001011110001000111000011111001011
000000000000000000000000000000000000000000000000000000000000000001101101010111110000110010010110
000000000000000000000000000000000000000000000000000000000000001110100100000101010000000000011111
000000000000000000000000000000000000000000000000000000000000010001111011100001001000110100110011
000000000000000000000000000000000000000000000000000000000000111010000000110100100100100011100100
000000000000000000000000000000000000000000000000000000000000001011001001010001101111001001001001
000000000000000000000000000000000000000000000000000000000000000101110011100110000000011000111110
000000000000000000000000000000000000000000000000000000000000101111101110010100111011011001111101
000000000000000000000000000000000000000000000000000000000000110001110011110000110100111110000001
000000000000000000000000000000000000000000000000000000000000011100011111010110000011111101100110
000000000000000000000000000000000000000000000000000000000000100010000110010001111001100110111001
000000000000000000000000000000000000000000000000000000000000000111011011101100001111110100110010
000000000000000000000000000000000000000000000000000000000000010000111111000000111110000011010100
000000000000000000000000000000000000000000000000000000000000010110100110101000000110110110111000
000000000000000000000000000000000000000000000000000000000000110111010000011101001100010100000101
000000000000000000000000000000000000000000000000000000000000101011010101101010000011100010001100
000000000000000000000000000000000000000000000000000000000000100101000110010011111001110000100001
000000000000000000000000000000000000000000000000000000000000111000011100011011011010010001100001
000000000000000000000000000000000000000000000000000000000000001100110111001001111101110001011011
000000000000000000000000000000000000000000000000000000000000111101011101100000111001110000101110
000000000000000000000000000000000000000000000000000000000000011011000010100010100000000001001010
000000000000000000000000000000000000000000000000000000000000010111011001101101011111001011000010
000000000000000000000000000000000000000000000000000000000000011011110101111110010101010111111001
000000000000000000000000000000000000000000000000000000000000000000010011100000111111100111110001
000000000000000000000000000000000000000000000000000000000000111000100000100110000100110101111010
000000000000000000000000000000000000000000000000000000000000011111000010110010000111010100110011
000000000000000000000000000000000000000000000000000000000000100100110011000011110000100100001010
000000000000000000000000000000000000000000000000000000000000011011101100011001001110011010011010
000000000000000000000000000000000000000000000000000000000000110011110000101000100011000100000111
000000000000000000000000000000000000000000000000000000000000100111001100101000011110011110110010
000000000000000000000000000000000000000000000000000000000000001000110010110011001001001010001001
000000000000000000000000000000000000000000000000000000000000101011001110111110111000110110010011
000000000000000000000000000000000000000000000000000000000000000010100011011000011100001010011111
000000000000000000000000000000000000000000000000000000000000011101011000010101000111100111000011
000000000000000000000000000000000000000000000000000000000000010111001001111110111010001001000100
000000000000000000000000000000000000000000000000000000000000100010110111100101010000001000110111
000000000000000000000000000000000000000000000000000000000000000100111011011110101101101000010000
000000000000000000000000000000000000000000000000000000000000111110111100000111100011010101010101
000000000000000000000000000000000000000000000000000000000000011110110101001110011011100100010101
000000000000000000000000000000000000000000000000000000000000000100000100100010101110001010011100
000000000000000000000000000000000000000000000000000000000000000111011101110001100111000101100001
000000000000000000000000000000000000000000000000000000000000000001011001110010110000001111100101
000000000000000000000000000000000000000000000000000000000000100100111001010101111110100001100110
000000000000000000000000000000000000000000000000000000000000011101101011010010011010001001111100
000000000000000000000000000000000000000000000000000000000000110111011010011000001110111111110111
000000000000000000000000000000000000000000000000000000000000011011011000001001000011101100111111
000000000000000000000000000000000000000000000000000000000000100110010100101000111000010100110000
000000000000000000000000000000000000000000000000000000000000001011101000100010001011111001100011
000000000000000000000000000000000000000000000000000000000000110111111100001101001010101110111110
000000000000000000000000000000000000000000000000000000000000001101111001101101000011101011011011
000000000000000000000000000000000000000000000000000000000000100000011000000100010111000110000001
000000000000000000000000000000000000000000000000000000000000110001001100100010011001001101101100
000000000000000000000000000000000000000000000000000000000000011111000001100101111011001010100100
000000000000000000000000000000000000000000000000000000000000010101111101001010110011010100100011
000000000000000000000000000000000000000000000000000000000000000111001110011010101101110111100011
000000000000000000000000000000000000000000000000000000000000010001001100010000110011011010100011
000000000000000000000000000000000000000000000000000000000000000100010011100100110110010101100001
000000000000000000000000000000000000000000000000000000000000011100101001001011100111010000001010
000000000000000000000000000000000000000000000000000000000000101101001110000110011110001000011111
000000000000000000000000000000000000000000000000000000000000011000000011011000111011010001010100
000000000000000000000000000000000000000000000000000000000000111101100110001001110000100111100000
000000000000000000000000000000000000000000000000000000000000011010011100011110010001001000000100
000000000000000000000000000000000000000000000000000000000000011100011011010110011111101111010001
000000000000000000000000000000000000000000000000000000000000100001011000101111101000011100110101
000000000000000000000000000000000000000000000000000000000000011110011000110110010100010011011001
000000000000000000000000000000000000000000000000000000000000110100111001010101010001100110101110
000000000000000000000000000000000000000000000000000000000000000111000010101110111100001011010111
000000000000000000000000000000000000000000000000000000000000111001100001100010001111100000110111
000000000000000000000000000000000000000000000000000000000000010100001000011110011000011000001000
000000000000000000000000000000000000000000000000000000000000111111111011110111101110000011000010
000000000000000000000000000000000000000000000000000000000000111011001000100001100110101111010100
000000000000000000000000000000000000000000000000000000000000101001101101100001110010001101110011
000000000000000000000000000000000000000000000000000000000000111111001100001100100011100001010011
000000000000000000000000000000000000000000000000000000000000010010000001010011000010101010101100
000000000000000000000000000000000000000000000000000000000000110101001000110110110110001110011000
000000000000000000000000000000000000000000000000000000000000000100010000010110000111110111001101
000000000000000000000000000000000000000000000000000000000000011110100001101000010001010001101001
000000000000000000000000000000000000000000000000000000000000000110011001110110001010100000111111
000000000000000000000000000000000000000000000000000000000000110110100110001011010010111111011001
000000000000000000000000000000000000000000000000000000000000001101011101001110000111111000111111
000000000000000000000000000000000000000000000000000000000000001100110011010011110110011100101001
000000000000000000000000000000000000000000000000000000000000001000011111100001000011100011010000
000000000000000000000000000000000000000000000000000000000000101001100110001000101001110110111100
000000000000000000000000000000000000000000000000000000000000000110111011111001010001101011110010
000000000000000000000000000000000000000000000000000000000000111011101010111101011001001000010010
000000000000000000000000000000000000000000000000000000000000000010101110100110010101000111100101
000000000000000000000000000000000000000000000000000000000000101111011110001011000011111101010000
000000000000000000000000000000000000000000000000000000000000101111001000011101101100000111011011
000000000000000000000000000000000000000000000000000000000000011110111110100000100010100100100100
000000000000000000000000000000000000000000000000000000000000110100001110100101011001001100110111
000000000000000000000000000000000000000000000000000000000000001100001111000100010110110011100011
000000000000000000000000000000000000000000000000000000000000111011010000000000100101100000101101
000000000000000000000000000000000000000000000000000000000000010100100101101111001111100110000011
000000000000000000000000000000000000000000000000000000000000111001101100011110010111000011100001
000000000000000000000000000000000000000000000000000000000000010010101101011011101101110100100111
000000000000000000000000000000000000000000000000000000000000111111100101111010101110110000001101
000000000000000000000000000000000000000000000000000000000000001111100001011000011001110110110110
000000000000000000000000000000000000000000000000000000000000001011111010000000000010011110111101
000000000000000000000000000000000000000000000000000000000000101011010111111111001001011111011101
000000000000000000000000000000000000000000000000000000000000101110101111001100001011101111110110
000000000000000000000000000000000000000000000000000000000000010110011111001010011100011111100011
000000000000000000000000000000000000000000000000000000000000100001101000101011001111100011101001
000000000000000000000000000000000000000000000000000000000000010101101101101001100000000101100100
000000000000000000000000000000000000000000000000000000000000010001100011001110010100111101111110
000000000000000000000000000000000000000000000000000000000000001110100000011111100010111000001101
000000000000000000000000000000000000000000000000000000000000001010000011001011000011010011100010
000000000000000000000000000000000000000000000000000000000000101100111111001110111110011000011111
000000000000000000000000000000000000000000000000000000000000010111010001000010111011001111100101
000000000000000000000000000000000000000000000000000000000000011111001101011101010010001000001001
000000000000000000000000000000000000000000000000000000000000000001010110010111100110011110111011
000000000000000000000000000000000000000000000000000000000000010110000101100011111110011001111111
000000000000000000000000000000000000000000000000000000000000011110101001111001110101010011111011
000000000000000000000000000000000000000000000000000000000000001001001111001100110110000010010100
000000000000000000000000000000000000000000000000000000000000011001001100010010010101110110111110
000000000000000000000000000000000000000000000000000000000000110101001001100101100001010101010100
000000000000000000000000000000000000000000000000000000000000010111100101000110010100101101000111
000000000000000000000000000000000000000000000000000000000000100100000110011010010101100111101010
000000000000000000000000000000000000000000000000000000000000100001100011100001101110000000111100
000000000000000000000000000000000000000000000000000000000000010010001011111100001100111000100001
000000000000000000000000000000000000000000000000000000000000100000001001101111000001100111101000
000000000000000000000000000000000000000000000000000000000000110010011100010000011101110100110011
000000000000000000000000000000000000000000000000000000000000101100010110000010001111111000110110
000000000000000000000000000000000000000000000000000000000000011101101011011000110001010101011011
000000000000000000000000000000000000000000000000000000000000100101011001111110001111000010000010
000000000000000000000000000000000000000000000000000000000000100010101100001101000110110101011110
000000000000000000000000000000000000000000000000000000000000111111010111000011100101010110100000
000000000000000000000000000000000000000000000000000000000000001001101011110011000010010111001000
000000000000000000000000000000000000000000000000000000000000011101100101111011001000111101000100
000000000000000000000000000000000000000000000000000000000000001010010100101000111111110110010010
000000000000000000000000000000000000000000000000000000000000000111011000101101011000011100111111
000000000000000000000000000000000000000000000000000000000000011010000001100110100101111110110000
000000000000000000000000000000000000000000000000000000000000101111111111100011001000011100111001
000000000000000000000000000000000000000000000000000000000000000110110000001010010100010000110001
000000000000000000000000000000000000000000000000000000000000011000101111101111011010111110010111
000000000000000000000000000000000000000000000000000000000000010011110010001110000010100110010011
000000000000000000000000000000000000000000000000000000000000110111111101111000000001110011100111
000000000000000000000000000000000000000000000000000000000000111101110100011100001101010100001000
000000000000000000000000000000000000000000000000000000000000111000010000010011010011010001111011
000000000000000000000000000000000000000000000000000000000000100110000001001111011101001000001000
000000000000000000000000000000000000000000000000000000000000110101001011001110000100101001010010
000000000000000000000000000000000000000000000000000000000000000001100000111001001000010010000111
000000000000000000000000000000000000000000000000000000000000000010011101101110011111100110110101
000000000000000000000000000000000000000000000000000000000000111101101111111010001010100101000111
000000000000000000000000000000000000000000000000000000000000010011000010011101000010001001110101
000000000000000000000000000000000000000000000000000000000000010010000001101010010011111100011111
000000000000000000000000000000000000000000000000000000000000011011001111100011011111110110111110
000000000000000000000000000000000000000000000000000000000000110101010101101101101000101100101001
000000000000000000000000000000000000000000000000000000000000111011010110101111001100100111101000
000000000000000000000000000000000000000000000000000000000000010101010011101010100110100101110110
000000000000000000000000000000000000000000000000000000000000101110011000100001101110101101110101
000000000000000000000000000000000000000000000000000000000000110001000100110110100011111000111101
000000000000000000000000000000000000000000000000000000000000001011001111001100111011010001010001
000000000000000000000000000000000000000000000000000000000000101010001010110011110101101100101000
000000000000000000000000000000000000000000000000000000000000000101111100111001100100010100111000
000000000000000000000000000000000000000000000000000000000000010111010000001000010001111110111011
000000000000000000000000000000000000000000000000000000000000111010010110111010011110000001100100
000000000000000000000000000000000000000000000000000000000000000000111100000100001001011011111101
000000000000000000000000000000000000000000000000000000000000010100100110110111101111000001011010
000000000000000000000000000000000000000000000000000000000000010100100100110100100101111111010001
000000000000000000000000000000000000000000000000000000000000011011111010001101011010100100110000
000000000000000000000000000000000000000000000000000000000000101001000001100001101110001000111101
000000000000000000000000000000000000000000000000000000000000001100111001011110011101100101111011
000000000000000000000000000000000000000000000000000000000000100010000110100001010010100101101000
000000000000000000000000000000000000000000000000000000000000111111100111010001000111110100101011
000000000000000000000000000000000000000000000000000000000000000010100101000000100001110011011111
000000000000000000000000000000000000000000000000000000000000010011111001001101001100110001100011
000000000000000000000000000000000000000000000000000000000000100101101011001101100001110001001110
000000000000000000000000000000000000000000000000000000000000101101010011011010000100001001101011
000000000000000000000000000000000000000000000000000000000000000110101000000011001101001100111101
000000000000000000000000000000000000000000000000000000000000010011111111000111101001101000101000
000000000000000000000000000000000000000000000000000000000000010101100011001111110000111100011101
000000000000000000000000000000000000000000000000000000000000100011101001011001010100001101001011
000000000000000000000000000000000000000000000000000000000000110100000000010110010100110011111011
000000000000000000000000000000000000000000000000000000000000111100000100001111000101001111110011
000000000000000000000000000000000000000000000000000000000000010101111111010110101110011010110011
000000000000000000000000000000000000000000000000000000000000110011110001101000010001101101111011
000000000000000000000000000000000000000000000000000000000000101111110101111111101100000110000011
000000000000000000000000000000000000000000000000000000000000101010011010001010101110101010110000
000000000000000000000000000000000000000000000000000000000000011000011011011101011110101011011101
000000000000000000000000000000000000000000000000000000000000011010111111111001100000111010101000
000000000000000000000000000000000000000000000000000000000000000100100110001000110000101101001101
000000000000000000000000000000000000000000000000000000000000111110000001111010101100000111110111
000000000000000000000000000000000000000000000000000000000000000000100010111110111001011011100000
000000000000000000000000000000000000000000000000000000000000001011000010010011001111001000100100
000000000000000000000000000000000000000000000000000000000000110100101100001100001100010110101110
000000000000000000000000000000000000000000000000000000000000001001011000101100011011111011011001
000000000000000000000000000000000000000000000000000000000000101101111001110101111001000100000100
000000000000000000000000000000000000000000000000000000000000110111010001001100100011011000011000
000000000000000000000000000000000000000000000000000000000000010100111000101010000000100001010001
000000000000000000000000000000000000000000000000000000000000110001000111111100001001101011110010
000000000000000000000000000000000000000000000000000000000000001001111011110110001110111100110000
000000000000000000000000000000000000000000000000000000000000100011001111000110001010000001000001
000000000000000000000000000000000000000000000000000000000000011111100101010000011100001010010100
000000000000000000000000000000000000000000000000000000000000011110111000011111100010001111110010
000000000000000000000000000000000000000000000000000000000000011110100010001101110101011101000101
000000000000000000000000000000000000000000000000000000000000011111100010101111010101010110110110
000000000000000000000000000000000000000000000000000000000000111000100011110101111110001000010101
000000000000000000000000000000000000000000000000000000000000001100010111011101100011001101010100
000000000000000000000000000000000000000000000000000000000000100101110010111101101110000011111010
000000000000000000000000000000000000000000000000000000000000100111010010011100100010011111011010
000000000000000000000000000000000000000000000000000000000000010101111010001110110110010001000101
000000000000000000000000000000000000000000000000000000000000110100001101101111100000101111010011
000000000000000000000000000000000000000000000000000000000000100000111010100010111000000110110111
000000000000000000000000000000000000000000000000000000000000000000000100000000111101000111001000
000000000000000000000000000000000000000000000000000000000000010010100110110000011101110111010010
000000000000000000000000000000000000000000000000000000000000101011110000000110000100110001011100
000000000000000000000000000000000000000000000000000000000000101011101111001111000101111111000000
000000000000000000000000000000000000000000000000000000000000101010110010001001001010111111101011
000000000000000000000000000000000000000000000000000000000000010001010110010110001001101101010101
000000000000000000000000000000000000000000000000000000000000010100011010001100110110010000001011
000000000000000000000000000000000000000000000000000000000000010011010111000100011001000000000011
000000000000000000000000000000000000000000000000000000000000011000000111010001011100010101011011
000000000000000000000000000000000000000000000000000000000000110010001110110111111111000101111111
000000000000000000000000000000000000000000000000000000000000001010111111111111110010101100011101
000000000000000000000000000000000000000000000000000000000000010111111101100001101000001100010101
000000000000000000000000000000000000000000000000000000000000001011101100001010001100101111110010
000000000000000000000000000000000000000000000000000000000000000101000011101000111011101000011100
000000000000000000000000000000000000000000000000000000000000010011111101010000010111110101000101
000000000000000000000000000000000000000000000000000000000000111010011101101000000110100110001011
000000000000000000000000000000000000000000000000000000000000100000111100111000010110000100010011
000000000000000000000000000000000000000000000000000000000000000111010010101000010011101001010100
000000000000000000000000000000000000000000000000000000000000010111100101101001011101100101110111
000000000000000000000000000000000000000000000000000000000000001010101011010111111100101011001011
000000000000000000000000000000000000000000000000000000000000001111011101001010100000110011101111
000000000000000000000000000000000000000000000000000000000000000101000111010011001111010110001110
000000000000000000000000000000000000000000000000000000000000010011101110111010011101000010101100
000000000000000000000000000000000000000000000000000000000000110111100101100111001100001010110001
000000000000000000000000000000000000000000000000000000000000000010000111111010000100000110110110
000000000000000000000000000000000000000000000000000000000000001000101001100001100101010110001111
000000000000000000000000000000000000000000000000000000000000110101000011111010100111001111101010
000000000000000000000000000000000000000000000000000000000000100111100100000100010011011110110101
000000000000000000000000000000000000000000000000000000000000111101100111000001011010111010000011
000000000000000000000000000000000000000000000000000000000000101111111100110010010101100001110010
000000000000000000000000000000000000000000000000000000000000111110010101110100101011111111011000
000000000000000000000000000000000000000000000000000000000000010011110110111001100111000111000110
000000000000000000000000000000000000000000000000000000000000010010011101000101101101100101100101
000000000000000000000000000000000000000000000000000000000000110110111100111100001110110100110110
000000000000000000000000000000000000000000000000000000000000001110010110001010000000100011001111
000000000000000000000000000000000000000000000000000000000000100100001010111110111010101000000111
000000000000000000000000000000000000000000000000000000000000100101001111010011110100001111000010
000000000000000000000000000000000000000000000000000000000000001010011001111010011101001010010000
000000000000000000000000000000000000000000000000000000000000011100000011110101010000111001110000
000000000000000000000000000000000000000000000000000000000000100010110011001101000101011100100010
000000000000000000000000000000000000000000000000000000000000001000000010110100100011100001000110
000000000000000000000000000000000000000000000000000000000000110111111110111011110110011000011100
000000000000000000000000000000000000000000000000000000000000111001100111111011010010010110010101
000000000000000000000000000000000000000000000000000000000000111001001110011110101101101100010111
000000000000000000000000000000000000000000000000000000000000011100111101111100101111111111010000
000000000000000000000000000000000000000000000000000000000000001110010001100001011000010001011010
000000000000000000000000000000000000000000000000000000000000011001101100000011111111100101101110
000000000000000000000000000000000000000000000000000000000000110110000101101100000110001110100110
000000000000000000000000000000000000000000000000000000000000011101011011010000100011000101111000
000000000000000000000000000000000000000000000000000000000000001110110000100010011101010111110100
000000000000000000000000000000000000000000000000000000000000101100000111101000110000101110100110
000000000000000000000000000000000000000000000000000000000000101010010000110001110000001010111001
000000000000000000000000000000000000000000000000000000000000011101001101100001101010111010101001
000000000000000000000000000000000000000000000000000000000000110011011110011110100010010011001111
000000000000000000000000000000000000000000000000000000000000111011001011010000101001110000111000
000000000000000000000000000000000000000000000000000000000000001100011111110010010100111011100111
000000000000000000000000000000000000000000000000000000000000100001011110010010100001111000111101
000000000000000000000000000000000000000000000000000000000000101010111011011000001111100011111110
000000000000000000000000000000000000000000000000000000000000110001000001111010000010000000001101
000000000000000000000000000000000000000000000000000000000000000011110100000110000100011111001100
000000000000000000000000000000000000000000000000000000000000010101011111011111111110001001101000
000000000000000000000000000000000000000000000000000000000000111110100010000100001111001100101011
000000000000000000000000000000000000000000000000000000000000001100010110100100001001001010000100
000000000000000000000000000000000000000000000000000000000000000001101101000100011011010011100001
000000000000000000000000000000000000000000000000000000000000010101000010101001000110000111011010
000000000000000000000000000000000000000000000000000000000000101011100011010110000110010001000110
000000000000000000000000000000000000000000000000000000000000000110101011010000111011111010110110
000000000000000000000000000000000000000000000000000000000000101111001011000010110101101001111011
000000000000000000000000000000000000000000000000000000000000110001101111011110001100110011100111
000000000000000000000000000000000000000000000000000000000000001100001101110001100010101000010101
000000000000000000000000000000000000000000000000000000000000011011000110110001001011111011011110
000000000000000000000000000000000000000000000000000000000000001101110110111010110101101110110101
000000000000000000000000000000000000000000000000000000000000110100011001010101111111101011100000
000000000000000000000000000000000000000000000000000000000000101011101000111111000000100111011001
000000000000000000000000000000000000000000000000000000000000100001100010111110000000110011001011
000000000000000000000000000000000000000000000000000000000000010000010101101010001011000101010110
000000000000000000000000000000000000000000000000000000000000110100110110000100111000000101100011
000000000000000000000000000000000000000000000000000000000000111001111101100010111001011110110100
000000000000000000000000000000000000000000000000000000000000010100100111001000101001110101101110
000000000000000000000000000000000000000000000000000000000000101001100000101001010001010010011001
000000000000000000000000000000000000000000000000000000000000001000010101001111000111011010110000
000000000000000000000000000000000000000000000000000000000000000101000011111100001011101101001000
000000000000000000000000000000000000000000000000000000000000101110111101011000110001101110110100
000000000000000000000000000000000000000000000000000000000000000100011101101100111110110010011101
000000000000000000000000000000000000000000000000000000000000011010001100110000010001001010101111
000000000000000000000000000000000000000000000000000000000000000101110011110101100101000110011111
000000000000000000000000000000000000000000000000000000000000111100101000100011000001100100000010
000000000000000000000000000000000000000000000000000000000000011011000000010011010111001101011110
000000000000000000000000000000000000000000000000000000000000010111001110000111101100010100001110
000000000000000000000000000000000000000000000000000000000000111011010000010100101011000000111100
000000000000000000000000000000000000000000000000000000000000101101110010110111100001011001111000
000000000000000000000000000000000000000000000000000000000000011111011001010100100001011010001100
000000000000000000000000000000000000000000000000000000000000100111010110110010100011000100100110
000000000000000000000000000000000000000000000000000000000000010011001000000101010100011011110111
000000000000000000000000000000000000000000000000000000000000011110111110010001000101011100000000
000000000000000000000000000000000000000000000000000000000000111110100101011001011100111000010001
000000000000000000000000000000000000000000000000000000000000010001110011011111000001101010001101
000000000000000000000000000000000000000000000000000000000000100110010001111101111011011101011011
000000000000000000000000000000000000000000000000000000000000010011101101101111111101000110111000
000000000000000000000000000000000000000000000000000000000000101110010101011110010001101001110110
000000000000000000000000000000000000000000000000000000000000011001111011011101110101100011011110
000000000000000000000000000000000000000000000000000000000000101001111001001110111011000000110101
000000000000000000000000000000000000000000000000000000000000110110101101110100111001011101011100
000000000000000000000000000000000000000000000000000000000000001101011101110110110011111100110111
000000000000000000000000000000000000000000000000000000000000100111011010111000101111011110010010
000000000000000000000000000000000000000000000000000000000000001011010010111000011001010101000011
000000000000000000000000000000000000000000000000000000000000010011111010000011110011001011011110
000000000000000000000000000000000000000000000000000000000000001010100000010111011111011010001100
000000000000000000000000000000000000000000000000000000000000011000010010010100000101000100001010
000000000000000000000000000000000000000000000000000000000000001001101010011100011011011101100100
000000000000000000000000000000000000000000000000000000000000000000010010111011000111111100100101
000000000000000000000000000000000000000000000000000000000000001110110000100001000010010010001100
000000000000000000000000000000000000000000000000000000000000001110011100100010101101100100010011
000000000000000000000000000000000000000000000000000000000000011111001101001010011010001011011111
000000000000000000000000000000000000000000000000000000000000011111111000010010100001101010010011
000000000000000000000000000000000000000000000000000000000000010111100001010101000110011001101110
000000000000000000000000000000000000000000000000000000000000010100100001100000001101101110011111
000000000000000000000000000000000000000000000000000000000000001110000011001110010011100010100100
000000000000000000000000000000000000000000000000000000000000001000001010001000101101111111100100
000000000000000000000000000000000000000000000000000000000000001011100100101000001000010110011111
000000000000000000000000000000000000000000000000000000000000111001101101101011000000110101000011
000000000000000000000000000000000000000000000000000000000000000101111100000101010011001111001100
000000000000000000000000000000000000000000000000000000000000010110011100111000111111011010011011
000000000000000000000000000000000000000000000000000000000000001110110001111111000101001111010110
000000000000000000000000000000000000000000000000000000000000100001111110110000101001101000011011
000000000000000000000000000000000000000000000000000000000000001001100100011100011100101010101001
000000000000000000000000000000000000000000000000000000000000010011100010110110010011010001001111
000000000000000000000000000000000000000000000000000000000000001110001010010010001001100000111100
000000000000000000000000000000000000000000000000000000000000100000001001000000000000110111010100
000000000000000000000000000000000000000000000000000000000000111010010001101011001111011111100000
000000000000000000000000000000000000000000000000000000000000101100001000111011110111010100001001
000000000000000000000000000000000000000000000000000000000000001010001000001011011001110001011011
000000000000000000000000000000000000000000000000000000000000110110011000010000001101010010001000
000000000000000000000000000000000000000000000000000000000000101001111100111111010111000101110011
000000000000000000000000000000000000000000000000000000000000000011110111110110111111011010010001
000000000000000000000000000000000000000000000000000000000000010011110010001000010110011110011111
000000000000000000000000000000000000000000000000000000000000100110001100000100000010010101110110
000000000000000000000000000000000000000000000000000000000000111010101110011111000101111100110101
000000000000000000000000000000000000000000000000000000000000100010111100001110111010001101010010
000000000000000000000000000000000000000000000000000000000000001000010010001111110000001110010010
000000000000000000000000000000000000000000000000000000000000110001111110010101101011000010110010
000000000000000000000000000000000000000000000000000000000000011011001010010000010101100101001110
000000000000000000000000000000000000000000000000000000000000110111011001101111010100010000100110
000000000000000000000000000000000000000000000000000000000000110100010000100111000000001001111001
000000000000000000000000000000000000000000000000000000000000100100010000111011101010101001100100
000000000000000000000000000000000000000000000000000000000000010011000011000011010011101101000110
000000000000000000000000000000000000000000000000000000000000110010001001001010110001001010011000
000000000000000000000000000000000000000000000000000000000000000010101111111101000010110000001111
000000000000000000000000000000000000000000000000000000000000001111100100011111000100101101111100
000000000000000000000000000000000000000000000000000000000000010111101110111101001000101101111010
000000000000000000000000000000000000000000000000000000000000100011101110011110111100011000001101
000000000000000000000000000000000000000000000000000000000000010100110001111001101100010100011011
000000000000000000000000000000000000000000000000000000000000100011000101001011001000000100110100
000000000000000000000000000000000000000000000000000000000000010010110000000000011100111010101000
000000000000000000000000000000000000000000000000000000000000101111111010010010101100100010010010
000000000000000000000000000000000000000000000000000000000000011100111011001101010001001000100111
000000000000000000000000000000000000000000000000000000000000010110101100101001110011101000010010
000000000000000000000000000000000000000000000000000000000000001110111010111111101001001001111000
000000000000000000000000000000000000000000000000000000000000110100001001001111110101110010100101
000000000000000000000000000000000000000000000000000000000000111110111011001011001001011000111100
000000000000000000000000000000000000000000000000000000000000111000001101100100101111000101010011
000000000000000000000000000000000000000000000000000000000000010111101111000110110100100100100110
000000000000000000000000000000000000000000000000000000000000110100010100011001101110010011100111
000000000000000000000000000000000000000000000000000000000000111011111100010111001100100100000001
000000000000000000000000000000000000000000000000000000000000000110110000010101011010110000001111
000000000000000000000000000000000000000000000000000000000000010000001110011101101000110010011100
000000000000000000000000000000000000000000000000000000000000010111010101011101011110101101101111
000000000000000000000000000000000000000000000000000000000000100001111110111110110010001111000011
000000000000000000000000000000000000000000000000000000000000100100111011111001111110110110111010
000000000000000000000000000000000000000000000000000000000000001110110111011111100011100010110011
000000000000000000000000000000000000000000000000000000000000100110111101000010011111011110111001
000000000000000000000000000000000000000000000000000000000000000100101110000000101111000111111001
000000000000000000000000000000000000000000000000000000000000000111110001111000011001101001101111
000000000000000000000000000000000000000000000000000000000000110101000101010101011001000111000001
