000000000000000000000000000000000000000000000000000000000000111010001111000100001100010110011101
000000000000000000000000000000000000000000000000000000000000100000101111111110011001110010000111
000000000000000000000000000000000000000000000000000000000000010011111101011001101001101011111110
000000000000000000000000000000000000000000000000000000000000010110110111100100000010000001111001
000000000000000000000000000000000000000000000000000000000000011001100000101011111111001011101110
000000000000000000000000000000000000000000000000000000000000110010111110101100101111100110011010
000000000000000000000000000000000000000000000000000000000000001000000011011110101111010000101110
000000000000000000000000000000000000000000000000000000000000101100101111000111100111001011010100
000000000000000000000000000000000000000000000000000000000000001111110011110101001111110011001111
000000000000000000000000000000000000000000000000000000000000001101001001111010011010011101001011
000000000000000000000000000000000000000000000000000000000000111011101111011111110001001001001100
000000000000000000000000000000000000000000000000000000000000001001110001101110101000011001110011
000000000000000000000000000000000000000000000000000000000000100000010111101101101010011100111000
000000000000000000000000000000000000000000000000000000000000111110111001011001001100110100010001
000000000000000000000000000000000000000000000000000000000000100001111010100001111100000011011001
000000000000000000000000000000000000000000000000000000000000111001011100111001111010111011110000
000000000000000000000000000000000000000000000000000000000000001011010010011100001100011100101101
000000000000000000000000000000000000000000000000000000000000000111011110110111011101101000100110
000000000000000000000000000000000000000000000000000000000000001111110001110000010011100010011101
000000000000000000000000000000000000000000000000000000000000111001010101010000010000100110111000
000000000000000000000000000000000000000000000000000000000000111110010001100001101011101100000011
000000000000000000000000000000000000000000000000000000000000111111001000000010100000001010111110
000000000000000000000000000000000000000000000000000000000000010100010001100001011001100001010110
000000000000000000000000000000000000000000000000000000000000100111000111110001110100001101000110
000000000000000000000000000000000000000000000000000000000000100001010011110000101000101110101010
000000000000000000000000000000000000000000000000000000000000100100100111110110100101110110000000
000000000000000000000000000000000000000000000000000000000000011000111111000011110011011111001111
000000000000000000000000000000000000000000000000000000000000011010100101101001100011100100011111
000000000000000000000000000000000000000000000000000000000000111110110111111001110100010001001011
000000000000000000000000000000000000000000000000000000000000011101001010101100101111001101110000
000000000000000000000000000000000000000000000000000000000000011010100100111011111001100110110010
000000000000000000000000000000000000000000000000000000000000000001011000111101001100011011110000
000000000000000000000000000000000000000000000000000000000000100100101101010110000010010001000000
000000000000000000000000000000000000000000000000000000000000100001110111101001000000010001010011
000000000000000000000000000000000000000000000000000000000000001111011110011100010100100110101110
000000000000000000000000000000000000000000000000000000000000110110111011000111001100111000010010
000000000000000000000000000000000000000000000000000000000000101100110100110001111010111001100100
000000000000000000000000000000000000000000000000000000000000010111010110101011010101110011111111
000000000000000000000000000000000000000000000000000000000000000011011110011001111001100010010010
000000000000000000000000000000000000000000000000000000000000111110100000010100011111011100111110
000000000000000000000000000000000000000000000000000000000000001111000100010101011000100011100101
000000000000000000000000000000000000000000000000000000000000111011001101100000100101001001010010
000000000000000000000000000000000000000000000000000000000000001001101101110100000001111101000110
000000000000000000000000000000000000000000000000000000000000000011010000110101001101000111000001
000000000000000000000000000000000000000000000000000000000000000110010100011011111010011100001100
000000000000000000000000000000000000000000000000000000000000011011000111101011111100001001100100
000000000000000000000000000000000000000000000000000000000000010101010010111111011011100000001101
000000000000000000000000000000000000000000000000000000000000110110001000000011101010111100000111
000000000000000000000000000000000000000000000000000000000000101010101000001000110001000110001100
000000000000000000000000000000000000000000000000000000000000100010001000001001111011010111101001
000000000000000000000000000000000000000000000000000000000000000000000011100101001111111111010000
000000000000000000000000000000000000000000000000000000000000011010110011111010100011101101001110
000000000000000000000000000000000000000000000000000000000000100000111111110100001011000001010111
000000000000000000000000000000000000000000000000000000000000010010011011100011111111001101010100
000000000000000000000000000000000000000000000000000000000000110001111110001101100111011001101011
000000000000000000000000000000000000000000000000000000000000000111010010001101110100101001101000
000000000000000000000000000000000000000000000000000000000000001100110100101001011110011111000100
000000000000000000000000000000000000000000000000000000000000010011010101011010101011100110011100
000000000000000000000000000000000000000000000000000000000000111001110100010011111101001010011100
000000000000000000000000000000000000000000000000000000000000110000101101101011000101001000001111
000000000000000000000000000000000000000000000000000000000000010111100110001101110111110011011000
000000000000000000000000000000000000000000000000000000000000000000000101101000000001110001111001
000000000000000000000000000000000000000000000000000000000000000011101101000010010110101101110111
000000000000000000000000000000000000000000000000000000000000111000100011100111100100111110010101
000000000000000000000000000000000000000000000000000000000000100001100001111010011001010101000111
000000000000000000000000000000000000000000000000000000000000001110100111100001101001101000111100
000000000000000000000000000000000000000000000000000000000000110001010001010110001000111101101101
000000000000000000000000000000000000000000000000000000000000000000110101111101111110101101100010
000000000000000000000000000000000000000000000000000000000000101011010101000011110100110011110011
000000000000000000000000000000000000000000000000000000000000101000110010000000001011000110001101
000000000000000000000000000000000000000000000000000000000000101110011111010100010010011101011111
000000000000000000000000000000000000000000000000000000000000011001010110010000001110011000110111
000000000000000000000000000000000000000000000000000000000000000100010001001100100000110101111111
000000000000000000000000000000000000000000000000000000000000101000001100100000101110010101001000
000000000000000000000000000000000000000000000000000000000000110111110010111101100101001001000011
000000000000000000000000000000000000000000000000000000000000000011111000011001010100111110010011
000000000000000000000000000000000000000000000000000000000000000011111111111010100101101101000001
000000000000000000000000000000000000000000000000000000000000001000001001010011100110111101001101
000000000000000000000000000000000000000000000000000000000000000110010010110010100101001011000110
000000000000000000000000000000000000000000000000000000000000110101101010100000000101101110111110
000000000000000000000000000000000000000000000000000000000000000010010010000111100010100101001000
000000000000000000000000000000000000000000000000000000000000010010010101100100111011111001101111
000000000000000000000000000000000000000000000000000000000000111001011000101110000000011101100000
000000000000000000000000000000000000000000000000000000000000101100101011100000100010110010100010
000000000000000000000000000000000000000000000000000000000000001010000111110010011111101110001101
000000000000000000000000000000000000000000000000000000000000001101100100010111010001110000001110
000000000000000000000000000000000000000000000000000000000000111000100100100000100100010010011110
000000000000000000000000000000000000000000000000000000000000101001110101110111001110100111111000
000000000000000000000000000000000000000000000000000000000000110100000110000010011000111110000101
000000000000000000000000000000000000000000000000000000000000100001100010110011110001011100111101
000000000000000000000000000000000000000000000000000000000000001010111110001011101001100110011000
000000000000000000000000000000000000000000000000000000000000100001010001110110000011000010101000
000000000000000000000000000000000000000000000000000000000000111011101100101101110011001010101010
000000000000000000000000000000000000000000000000000000000000110010000110011001000000111101011011
000000000000000000000000000000000000000000000000000000000000001000000011001110111010101111101010
000000000000000000000000000000000000000000000000000000000000110110110001010000010000010000100011
000000000000000000000000000000000000000000000000000000000000100001011110011111010001110101000110
000000000000000000000000000000000000000000000000000000000000111110011101111011100100001001011000
000000000000000000000000000000000000000000000000000000000000001110010101001010111111001110111100
000000000000000000000000000000000000000000000000000000000000001100101101110110110011011110100101
000000000000000000000000000000000000000000000000000000000000011101011011101101001100100111101101
000000000000000000000000000000000000000000000000000000000000111110100010011110110001111011101011
000000000000000000000000000000000000000000000000000000000000011011101100011101100101000001110111
000000000000000000000000000000000000000000000000000000000000011111111110000010010111100111101011
000000000000000000000000000000000000000000000000000000000000010010110010010011010111100110110010
000000000000000000000000000000000000000000000000000000000000000100111101111110100000001110101000
000000000000000000000000000000000000000000000000000000000000001011010011000000001011111011000010
000000000000000000000000000000000000000000000000000000000000000101111000110000001100010000010110
000000000000000000000000000000000000000000000000000000000000010010100101000110001001111010110001
000000000000000000000000000000000000000000000000000000000000011001110100001110101111111010000110
000000000000000000000000000000000000000000000000000000000000010100010011011101110111111000010000
000000000000000000000000000000000000000000000000000000000000111001111100000011111000011000110001
000000000000000000000000000000000000000000000000000000000000001111101111110111111100001110111101
000000000000000000000000000000000000000000000000000000000000100010000100111011010011110101101010
000000000000000000000000000000000000000000000000000000000000111100001001111001111101011101100110
000000000000000000000000000000000000000000000000000000000000000001101100101001111111000101101110
000000000000000000000000000000000000000000000000000000000000100001111011010101010000000011101111
000000000000000000000000000000000000000000000000000000000000100001110110010010111000110100001111
000000000000000000000000000000000000000000000000000000000000111011100110011000001001000000110111
000000000000000000000000000000000000000000000000000000000000011101001001010010100010110110100010
000000000000000000000000000000000000000000000000000000000000111101010111101001111110101010101011
000000000000000000000000000000000000000000000000000000000000110000011010101100010101101000110101
000000000000000000000000000000000000000000000000000000000000111100110001010010111110100110001100
000000000000000000000000000000000000000000000000000000000000011111010010010011101011001000001110
000000000000000000000000000000000000000000000000000000000000110010011011101100101000110010000111
000000000000000000000000000000000000000000000000000000000000001111010010111100001111011001010010
000000000000000000000000000000000000000000000000000000000000100111000100000101000000101111110100
000000000000000000000000000000000000000000000000000000000000000110000011001011000110111010100100
000000000000000000000000000000000000000000000000000000000000010000010101111110100111000110111010
000000000000000000000000000000000000000000000000000000000000000100111110101100010010110001110101
000000000000000000000000000000000000000000000000000000000000011100000010011110011000100011001110
000000000000000000000000000000000000000000000000000000000000000100111101101100101110000111100111
000000000000000000000000000000000000000000000000000000000000001111000011101011100000001011010010
000000000000000000000000000000000000000000000000000000000000000100000011110001001010011101000110
000000000000000000000000000000000000000000000000000000000000010100101110000010101001011101100001
000000000000000000000000000000000000000000000000000000000000100110100110100101010010110011110110
000000000000000000000000000000000000000000000000000000000000011111110011110110101110010110000110
000000000000000000000000000000000000000000000000000000000000010100001000000101000111111010100010
000000000000000000000000000000000000000000000000000000000000010000011011010110111011100010001001
000000000000000000000000000000000000000000000000000000000000100110001111000111011111101110000011
000000000000000000000000000000000000000000000000000000000000000010010111110010010100011111111010
000000000000000000000000000000000000000000000000000000000000000111110110001001110101110001000101
000000000000000000000000000000000000000000000000000000000000100000111110110000000100110101011010
000000000000000000000000000000000000000000000000000000000000101100110110101000011110000000000101
000000000000000000000000000000000000000000000000000000000000001010101111111001111000100101011001
000000000000000000000000000000000000000000000000000000000000110011111011110100011010110010100000
000000000000000000000000000000000000000000000000000000000000011011001000000001011000011000100010
000000000000000000000000000000000000000000000000000000000000000100101010000001110010000011010000
000000000000000000000000000000000000000000000000000000000000010000000110011011100101010001011011
000000000000000000000000000000000000000000000000000000000000101111000100100010110101111100101000
000000000000000000000000000000000000000000000000000000000000100100000100010111010111010001100010
000000000000000000000000000000000000000000000000000000000000000000001111001011101011100110001011
000000000000000000000000000000000000000000000000000000000000010010110001101010000000000100100110
000000000000000000000000000000000000000000000000000000000000011110110011001110101111011010011000
000000000000000000000000000000000000000000000000000000000000001101111100111100100111001000100110
000000000000000000000000000000000000000000000000000000000000001101111111000111001000111101111101
000000000000000000000000000000000000000000000000000000000000100111000111100101101010101101000101
000000000000000000000000000000000000000000000000000000000000101111000101101100111010110111000010
000000000000000000000000000000000000000000000000000000000000001001001010011001111110101100111000
000000000000000000000000000000000000000000000000000000000000110101100010010010101101110111000001
000000000000000000000000000000000000000000000000000000000000011101110100010000101010111011010000
000000000000000000000000000000000000000000000000000000000000110011011111100011100001001100111111
000000000000000000000000000000000000000000000000000000000000101000111110001101000000110000010000
000000000000000000000000000000000000000000000000000000000000011001010110010110100101010100101010
000000000000000000000000000000000000000000000000000000000000010011011010111101101001001101111010
000000000000000000000000000000000000000000000000000000000000101001100101010001000100011010010100
000000000000000000000000000000000000000000000000000000000000101111001010111000001000001110110100
000000000000000000000000000000000000000000000000000000000000110010111011110000001011010110011000
000000000000000000000000000000000000000000000000000000000000110011011111110110100010010011001000
000000000000000000000000000000000000000000000000000000000000110011000011100001000100110000111011
000000000000000000000000000000000000000000000000000000000000011110001010111111010010101111100111
000000000000000000000000000000000000000000000000000000000000110101011111110100011101101010001111
000000000000000000000000000000000000000000000000000000000000000111100100110101100100000001110111
000000000000000000000000000000000000000000000000000000000000010111000011010111001101010100011101
000000000000000000000000000000000000000000000000000000000000110001001111000011110100000010111101
000000000000000000000000000000000000000000000000000000000000000011001010000011110000100111110010
000000000000000000000000000000000000000000000000000000000000101101011001100000000010100101010010
000000000000000000000000000000000000000000000000000000000000100010001100110001000010010110101100
000000000000000000000000000000000000000000000000000000000000011111110110000110111111111000001111
000000000000000000000000000000000000000000000000000000000000010111011010010110001100000001001101
000000000000000000000000000000000000000000000000000000000000001011110100001000101001101110010000
000000000000000000000000000000000000000000000000000000000000110000010010111100010011001010001101
000000000000000000000000000000000000000000000000000000000000110011110111011111000100001111011100
000000000000000000000000000000000000000000000000000000000000100101010101111100000111011000010010
000000000000000000000000000000000000000000000000000000000000011011100010100101101010000000111010
000000000000000000000000000000000000000000000000000000000000111000010110111101101100010000110110
000000000000000000000000000000000000000000000000000000000000111101011010001010111000010101100101
000000000000000000000000000000000000000000000000000000000000101101100100010100001000010010000101
000000000000000000000000000000000000000000000000000000000000101010111110010001111011011110110111
000000000000000000000000000000000000000000000000000000000000110100101100101010011100100010101010
000000000000000000000000000000000000000000000000000000000000110001000011010000111001101010101001
000000000000000000000000000000000000000000000000000000000000101111111110011011010111100000001111
000000000000000000000000000000000000000000000000000000000000010110010001000010010010011001111000
000000000000000000000000000000000000000000000000000000000000001001110010010010010110100000111100
000000000000000000000000000000000000000000000000000000000000010101001000010111111101010001011111
000000000000000000000000000000000000000000000000000000000000001111011001011010001100110001111101
000000000000000000000000000000000000000000000000000000000000011101101100110110001011101110100001
000000000000000000000000000000000000000000000000000000000000000101110111101101001001010011000111
000000000000000000000000000000000000000000000000000000000000101010001101000000110000010001000111
000000000000000000000000000000000000000000000000000000000000011001001111000110100111010011110101
000000000000000000000000000000000000000000000000000000000000110101000001001111101000010110101111
000000000000000000000000000000000000000000000000000000000000001000100111100101100011101100100110
000000000000000000000000000000000000000000000000000000000000001001001000010111111011100111011111
000000000000000000000000000000000000000000000000000000000000000011111000010000101101010100010000
000000000000000000000000000000000000000000000000000000000000101000101000010110010011100001011100
000000000000000000000000000000000000000000000000000000000000111110100111110100111011101111110000
000000000000000000000000000000000000000000000000000000000000100101100011111101100110100101000101
000000000000000000000000000000000000000000000000000000000000100110101000101001111011101100101101
000000000000000000000000000000000000000000000000000000000000110011011000001111000111110110011101
000000000000000000000000000000000000000000000000000000000000111101001011100111101010010011010001
000000000000000000000000000000000000000000000000000000000000101110110101100101111010101101111011
000000000000000000000000000000000000000000000000000000000000101011001111011100110010100111000100
000000000000000000000000000000000000000000000000000000000000000011100110010111000011010100011010
000000000000000000000000000000000000000000000000000000000000100001110011001101111010101101111010
000000000000000000000000000000000000000000000000000000000000001111110101110111010111011001100100
000000000000000000000000000000000000000000000000000000000000100111011100010011101011101110000100
000000000000000000000000000000000000000000000000000000000000101100011110111111100010000010110011
000000000000000000000000000000000000000000000000000000000000011100000111001010000000010110001110
000000000000000000000000000000000000000000000000000000000000111111011000010001011000011100110001
000000000000000000000000000000000000000000000000000000000000101001100000000011111110000101110100
000000000000000000000000000000000000000000000000000000000000100011001001011101101000111111101000
000000000000000000000000000000000000000000000000000000000000010001101000110001100000110000011000
000000000000000000000000000000000000000000000000000000000000000000010001100101000111001011000100
000000000000000000000000000000000000000000000000000000000000011010011000001110001110010110011000
000000000000000000000000000000000000000000000000000000000000111100101010001111000100110010010100
000000000000000000000000000000000000000000000000000000000000111111101000011100110110101100110111
000000000000000000000000000000000000000000000000000000000000101110011110111100100111011100100111
000000000000000000000000000000000000000000000000000000000000000010100001101111011110010101101110
000000000000000000000000000000000000000000000000000000000000011111101111000111010000100100011110
000000000000000000000000000000000000000000000000000000000000001010111111111000001111100000110001
000000000000000000000000000000000000000000000000000000000000111101011011110111101110101000100010
000000000000000000000000000000000000000000000000000000000000010111101010101000110101011010111011
000000000000000000000000000000000000000000000000000000000000010010101001101111101001010101011100
000000000000000000000000000000000000000000000000000000000000100100001010101011110111111001000101
000000000000000000000000000000000000000000000000000000000000101000111001010110110010101100011100
000000000000000000000000000000000000000000000000000000000000110101100000001101001011011010001101
000000000000000000000000000000000000000000000000000000000000010101011001011110010000110011111000
000000000000000000000000000000000000000000000000000000000000111110100010001000011100110000110000
000000000000000000000000000000000000000000000000000000000000000100011110000011100100010011010100
000000000000000000000000000000000000000000000000000000000000011100110110101011011101001101110010
000000000000000000000000000000000000000000000000000000000000101100011110111000110001000001110101
000000000000000000000000000000000000000000000000000000000000010001010001010101001010011011011100
000000000000000000000000000000000000000000000000000000000000101000001000100001011111100001000111
000000000000000000000000000000000000000000000000000000000000000010010010000111000001110000111101
000000000000000000000000000000000000000000000000000000000000011111001001101011010001111011100110
000000000000000000000000000000000000000000000000000000000000111100011100110111001000111001110011
000000000000000000000000000000000000000000000000000000000000000110010101100001001100001011001100
000000000000000000000000000000000000000000000000000000000000110100110110110010100101110001001100
000000000000000000000000000000000000000000000000000000000000100110111011110110011011101001100110
000000000000000000000000000000000000000000000000000000000000011101011011111011100101000100101110
000000000000000000000000000000000000000000000000000000000000000001111101110000110011110100100111
000000000000000000000000000000000000000000000000000000000000010001000101101000111000111010010111
000000000000000000000000000000000000000000000000000000000000101001001100000011000011110010101000
000000000000000000000000000000000000000000000000000000000000010001001000111000100100000010100100
000000000000000000000000000000000000000000000000000000000000110001001001000101100010010000010110
000000000000000000000000000000000000000000000000000000000000011110001101111000100101011001101010
000000000000000000000000000000000000000000000000000000000000101011110000011100110011110101110011
000000000000000000000000000000000000000000000000000000000000110011110010000011011001101010101100
000000000000000000000000000000000000000000000000000000000000110010110101000010011001110101100011
000000000000000000000000000000000000000000000000000000000000000100001111110110110111100100011100
000000000000000000000000000000000000000000000000000000000000000010000111011010011111010100110000
000000000000000000000000000000000000000000000000000000000000111110001010100010111010100100100011
000000000000000000000000000000000000000000000000000000000000110011110111000000011101110111110010
000000000000000000000000000000000000000000000000000000000000001110101111111101111100010010101001
000000000000000000000000000000000000000000000000000000000000100110110000011001011111001001101100
000000000000000000000000000000000000000000000000000000000000001101100100110101101100000110010101
000000000000000000000000000000000000000000000000000000000000000110100111010110001111011000011111
000000000000000000000000000000000000000000000000000000000000110111011001011010100010001000011001
000000000000000000000000000000000000000000000000000000000000101110011101000000010101011101111010
000000000000000000000000000000000000000000000000000000000000001010011000011110001110001101100011
000000000000000000000000000000000000000000000000000000000000010010010100100010010000101001001001
000000000000000000000000000000000000000000000000000000000000010011100001000001001101110001001010
000000000000000000000000000000000000000000000000000000000000010110110011110101101111100001011001
000000000000000000000000000000000000000000000000000000000000100110001011100110101011011010001111
000000000000000000000000000000000000000000000000000000000000100010010111101100111010100000100111
000000000000000000000000000000000000000000000000000000000000101000000100011000111010010101000011
000000000000000000000000000000000000000000000000000000000000101000100100010011100100010101110100
000000000000000000000000000000000000000000000000000000000000111111010001110101100100100010111001
000000000000000000000000000000000000000000000000000000000000101111100101010111011000110111111110
000000000000000000000000000000000000000000000000000000000000111111100101010010110100110001011101
000000000000000000000000000000000000000000000000000000000000010100111001011001001101101001000001
000000000000000000000000000000000000000000000000000000000000111100000001000111010111001011001011
000000000000000000000000000000000000000000000000000000000000001010000010010011000000101111111010
000000000000000000000000000000000000000000000000000000000000100011011011011101010101001110111101
000000000000000000000000000000000000000000000000000000000000110010100100001000001011100000010111
000000000000000000000000000000000000000000000000000000000000001011010100100010111011111000110101
000000000000000000000000000000000000000000000000000000000000011011010101111100011111000011100010
000000000000000000000000000000000000000000000000000000000000100101110011110011011101111001001010
000000000000000000000000000000000000000000000000000000000000001110011100011101001110011001111110
000000000000000000000000000000000000000000000000000000000000010010010010011011010110011011001111
000000000000000000000000000000000000000000000000000000000000000010101010010110111100010000011110
000000000000000000000000000000000000000000000000000000000000000001000010110101101001000010110011
000000000000000000000000000000000000000000000000000000000000001000111000001011110001101011101110
000000000000000000000000000000000000000000000000000000000000100101001110111111100001101111100000
000000000000000000000000000000000000000000000000000000000000010001101111011111011001000011011110
000000000000000000000000000000000000000000000000000000000000011000011101100011101000100011001110
000000000000000000000000000000000000000000000000000000000000001000001100000010011010000100011000
000000000000000000000000000000000000000000000000000000000000011110111010000111001001100110100011
000000000000000000000000000000000000000000000000000000000000000010001101110001011011001101100011
000000000000000000000000000000000000000000000000000000000000110010011000011010101001000011101011
000000000000000000000000000000000000000000000000000000000000011100010000011111110011100011011111
000000000000000000000000000000000000000000000000000000000000011100010000110110000101110111010101
000000000000000000000000000000000000000000000000000000000000011110011010111001001111111001000011
000000000000000000000000000000000000000000000000000000000000011100001001110011010011110110100101
000000000000000000000000000000000000000000000000000000000000100011101101011111011110000101110011
000000000000000000000000000000000000000000000000000000000000101000000111000100010001110011100001
000000000000000000000000000000000000000000000000000000000000110010001110011001010110111000011011
000000000000000000000000000000000000000000000000000000000000111011101110110011010010101101111101
000000000000000000000000000000000000000000000000000000000000001100110101101000111001100001011011
000000000000000000000000000000000000000000000000000000000000001100010001011100011011111001111000
000000000000000000000000000000000000000000000000000000000000010100101011001010011100000111000111
000000000000000000000000000000000000000000000000000000000000011110110100010011010111001000000101
000000000000000000000000000000000000000000000000000000000000110000100001110011100111101001011011
000000000000000000000000000000000000000000000000000000000000111100011000100001110000111010001111
000000000000000000000000000000000000000000000000000000000000011010111001001011001010010111011000
000000000000000000000000000000000000000000000000000000000000101000011111011001101101010001000101
000000000000000000000000000000000000000000000000000000000000000111011011101010111111011000111011
000000000000000000000000000000000000000000000000000000000000011111101011100100110011100001100001
000000000000000000000000000000000000000000000000000000000000000001000100000001010111010011110000
000000000000000000000000000000000000000000000000000000000000010001110000010100110111101111110101
000000000000000000000000000000000000000000000000000000000000000000010010001100011101101110001111
000000000000000000000000000000000000000000000000000000000000011110110011100111111011000011101011
000000000000000000000000000000000000000000000000000000000000010100010001001100101110110010111101
000000000000000000000000000000000000000000000000000000000000010001010111110001000101111001110100
000000000000000000000000000000000000000000000000000000000000001101100011001010011111101010101101
000000000000000000000000000000000000000000000000000000000000001111000100000110010010111011001010
000000000000000000000000000000000000000000000000000000000000010101101001100001100000100111110011
000000000000000000000000000000000000000000000000000000000000111011010010001000101100000110010000
000000000000000000000000000000000000000000000000000000000000000101000010010001100001010111011011
000000000000000000000000000000000000000000000000000000000000101000010101001000110000111011000111
000000000000000000000000000000000000000000000000000000000000011000011000010100110000000010000001
000000000000000000000000000000000000000000000000000000000000010110001101101011010010001111101100
000000000000000000000000000000000000000000000000000000000000110010101100000100000001101011101101
000000000000000000000000000000000000000000000000000000000000110110001111110001101111011000010011
000000000000000000000000000000000000000000000000000000000000101110101110101001111110011111111101
000000000000000000000000000000000000000000000000000000000000101110101011100000001011111001101100
000000000000000000000000000000000000000000000000000000000000000000101101010000011100010110111001
000000000000000000000000000000000000000000000000000000000000000110001100001100000000011100001010
000000000000000000000000000000000000000000000000000000000000000001010011001110101111001000100101
000000000000000000000000000000000000000000000000000000000000100100001011100110110111001101001101
000000000000000000000000000000000000000000000000000000000000111001101001010100000001000001111001
000000000000000000000000000000000000000000000000000000000000010110110001010100101010101111100001
000000000000000000000000000000000000000000000000000000000000100011010101010101100011100001000001
000000000000000000000000000000000000000000000000000000000000000110111000110011010100000101001001
000000000000000000000000000000000000000000000000000000000000111111101110110011011100000111011010
000000000000000000000000000000000000000000000000000000000000001000111001001101110001110100101100
000000000000000000000000000000000000000000000000000000000000100011100111100110110111101000100101
000000000000000000000000000000000000000000000000000000000000011100110000011010010011111110010000
000000000000000000000000000000000000000000000000000000000000001011110111100110011001011110011010
000000000000000000000000000000000000000000000000000000000000011001100101000100101000001001111010
000000000000000000000000000000000000000000000000000000000000000110011000001010001100101000101110
000000000000000000000000000000000000000000000000000000000000010111111100111101111100101111000100
000000000000000000000000000000000000000000000000000000000000010000011001110101000101110101001010
000000000000000000000000000000000000000000000000000000000000110001011011001100100101100001010110
000000000000000000000000000000000000000000000000000000000000111011101001001010100011010101010110
000000000000000000000000000000000000000000000000000000000000110110011100001001111111110001010111
000000000000000000000000000000000000000000000000000000000000111101101100101011111111110100110100
000000000000000000000000000000000000000000000000000000000000010000111101111010000100100001101010
000000000000000000000000000000000000000000000000000000000000111100011111110000110010111110011111
000000000000000000000000000000000000000000000000000000000000101101101010110100111100010001010010
000000000000000000000000000000000000000000000000000000000000101011001101110101010010010001101101
000000000000000000000000000000000000000000000000000000000000000011011011101011000101011000011001
000000000000000000000000000000000000000000000000000000000000010011100101111100111111001010000010
000000000000000000000000000000000000000000000000000000000000010000000001010010000000011011111100
000000000000000000000000000000000000000000000000000000000000011100100000100101101101011010101001
000000000000000000000000000000000000000000000000000000000000100110111010010111111100101101000010
000000000000000000000000000000000000000000000000000000000000001000111110111100000110100011111101
000000000000000000000000000000000000000000000000000000000000101001110011111101001011010110011001
000000000000000000000000000000000000000000000000000000000000001010111101100001110110110100100101
000000000000000000000000000000000000000000000000000000000000010110111101000011011001010000100100
000000000000000000000000000000000000000000000000000000000000100111111001110100100000010101000011
000000000000000000000000000000000000000000000000000000000000101001100110100110001110111100010001
000000000000000000000000000000000000000000000000000000000000011010110010000010011011110000000110
000000000000000000000000000000000000000000000000000000000000001010110101000101111111110011111101
000000000000000000000000000000000000000000000000000000000000110011101100011011011001101111000000
000000000000000000000000000000000000000000000000000000000000001000101100110010101001111110001001
000000000000000000000000000000000000000000000000000000000000011000111100100110100100010100100100
000000000000000000000000000000000000000000000000000000000000010111101101011010001110000100010001
000000000000000000000000000000000000000000000000000000000000110010010101001010110001101010011110
000000000000000000000000000000000000000000000000000000000000101001011011111110111001011010001010
000000000000000000000000000000000000000000000000000000000000100011001000101011011111100000110000
000000000000000000000000000000000000000000000000000000000000011100100100011000000010011101011100
000000000000000000000000000000000000000000000000000000000000011101100101100000100111000110001101
000000000000000000000000000000000000000000000000000000000000001001110000001001100000100011111011
000000000000000000000000000000000000000000000000000000000000010101100101100001101010010110000011
000000000000000000000000000000000000000000000000000000000000001100111001100011001011001101101000
000000000000000000000000000000000000000000000000000000000000110101111110100011110010010101111001
000000000000000000000000000000000000000000000000000000000000111100101101010100011110100110001101
000000000000000000000000000000000000000000000000000000000000110101001000101000000101100000001000
000000000000000000000000000000000000000000000000000000000000100001100100001001110011111000011000
000000000000000000000000000000000000000000000000000000000000110100000000011010010110000101000001
000000000000000000000000000000000000000000000000000000000000000000011000010110111011101011110101
000000000000000000000000000000000000000000000000000000000000100001001111011001101000001110010011
000000000000000000000000000000000000000000000000000000000000010110000001010001111001011110000110
000000000000000000000000000000000000000000000000000000000000110111100001010011111110001101001000
000000000000000000000000000000000000000000000000000000000000010011000100001000000001001110001011
000000000000000000000000000000000000000000000000000000000000011111001010101110100010010001110100
000000000000000000000000000000000000000000000000000000000000111000100111111011010001011000011010
000000000000000000000000000000000000000000000000000000000000001100111000000010111110001110101010
000000000000000000000000000000000000000000000000000000000000001001110100100011100101001010001011
000000000000000000000000000000000000000000000000000000000000011011111011000110101101110011101010
000000000000000000000000000000000000000000000000000000000000001011010011001110110101111110110010
000000000000000000000000000000000000000000000000000000000000101111100101001000100010011110001100
000000000000000000000000000000000000000000000000000000000000100100110101111101011010100111000000
000000000000000000000000000000000000000000000000000000000000110101111011100011101010100101101010
000000000000000000000000000000000000000000000000000000000000011010110000101111111101010110011110
000000000000000000000000000000000000000000000000000000000000000010111100111011101110100110010110
000000000000000000000000000000000000000000000000000000000000111011001000100110010111101010000001
000000000000000000000000000000000000000000000000000000000000001101100001100101100010101010110001
000000000000000000000000000000000000000000000000000000000000001010110000011110111101100001001000
000000000000000000000000000000000000000000000000000000000000110010101011011001011011111101010000
000000000000000000000000000000000000000000000000000000000000000010111110101110001001110101101111
000000000000000000000000000000000000000000000000000000000000101001101000000100010110000101111010
000000000000000000000000000000000000000000000000000000000000100101100110100111011111100110010011
000000000000000000000000000000000000000000000000000000000000010010100111000100111010011011000010
000000000000000000000000000000000000000000000000000000000000111011111110100010101000010000101010
000000000000000000000000000000000000000000000000000000000000010101010000000111001100100011011100
000000000000000000000000000000000000000000000000000000000000101010100101011010110110001111100001
000000000000000000000000000000000000000000000000000000000000010110100100111001001001011110100110
000000000000000000000000000000000000000000000000000000000000010100001010001110111001111011110100
000000000000000000000000000000000000000000000000000000000000001100100001111011011110000010010111
000000000000000000000000000000000000000000000000000000000000010110001111101001011100100011111110
000000000000000000000000000000000000000000000000000000000000111010111010010010011001111111011100
000000000000000000000000000000000000000000000000000000000000100010001001100100011001111011101100
000000000000000000000000000000000000000000000000000000000000111100010110010100110111101000011110
000000000000000000000000000000000000000000000000000000000000100010111010110101111111111011000001
000000000000000000000000000000000000000000000000000000000000101111110101100100111000011101000001
000000000000000000000000000000000000000000000000000000000000101000101100011110100011011010111111
000000000000000000000000000000000000000000000000000000000000010110000001000110100111100100110000
000000000000000000000000000000000000000000000000000000000000010010000001000111110011101101011110
000000000000000000000000000000000000000000000000000000000000110010101101101101111111000001110001
000000000000000000000000000000000000000000000000000000000000001011111001110010010110000000001100
000000000000000000000000000000000000000000000000000000000000110011100110101010000100101110011100
000000000000000000000000000000000000000000000000000000000000110111011001001000000000100010010110
000000000000000000000000000000000000000000000000000000000000111100110111100010101010001110000001
000000000000000000000000000000000000000000000000000000000000100111111101010011101001110000001011
000000000000000000000000000000000000000000000000000000000000101101000110111001101000111001010011
000000000000000000000000000000000000000000000000000000000000110001101100101101011011010001011000
000000000000000000000000000000000000000000000000000000000000110100100111000000010101001111111010
000000000000000000000000000000000000000000000000000000000000101010101000010111010111110111001111
000000000000000000000000000000000000000000000000000000000000001011010011100000111100111100000101
000000000000000000000000000000000000000000000000000000000000010111011111110000101111100100001111
000000000000000000000000000000000000000000000000000000000000111101111011011110010110000101000000
000000000000000000000000000000000000000000000000000000000000011010000001110001011010011000011001
000000000000000000000000000000000000000000000000000000000000010101111010010110101011101001000100
000000000000000000000000000000000000000000000000000000000000000010101110001010010001001011001010
000000000000000000000000000000000000000000000000000000000000100100111101101011110000111000110010
000000000000000000000000000000000000000000000000000000000000101110011001000101010011010011101001
000000000000000000000000000000000000000000000000000000000000010010101010110010101110110101101101
000000000000000000000000000000000000000000000000000000000000011010001101111101110101001101010001
000000000000000000000000000000000000000000000000000000000000111001011011110111110111010010100000
000000000000000000000000000000000000000000000000000000000000111011011001101011100111001101010111
000000000000000000000000000000000000000000000000000000000000001111010010011000011010100110010001
000000000000000000000000000000000000000000000000000000000000101010110001000001010110011111101100
000000000000000000000000000000000000000000000000000000000000000001111011111010100101000100111001
000000000000000000000000000000000000000000000000000000000000000100101010010010001101111001111100
000000000000000000000000000000000000000000000000000000000000001000100010001000011001010111110010
000000000000000000000000000000000000000000000000000000000000011100000000011000001101110010101000
000000000000000000000000000000000000000000000000000000000000100100100110111110000000110111101101
000000000000000000000000000000000000000000000000000000000000111110110011101110000101110000111101
000000000000000000000000000000000000000000000000000000000000011010111100110110101100001100100111
000000000000000000000000000000000000000000000000000000000000001011111001011001001110001101011010
000000000000000000000000000000000000000000000000000000000000000111000100010110010000100110111110
000000000000000000000000000000000000000000000000000000000000111100101001100110100111110011010111
000000000000000000000000000000000000000000000000000000000000111111101000000001010011011010001010
000000000000000000000000000000000000000000000000000000000000010101001000100110110101011100100111
000000000000000000000000000000000000000000000000000000000000011010100001100111000011000011010010
000000000000000000000000000000000000000000000000000000000000110000101111011000011111010000101010
000000000000000000000000000000000000000000000000000000000000110001001111110111010101000110000011
000000000000000000000000000000000000000000000000000000000000110110010100011110110010101011110111
000000000000000000000000000000000000000000000000000000000000000101101000011000000110010101000000
000000000000000000000000000000000000000000000000000000000000001110100100101101111111000100000100
000000000000000000000000000000000000000000000000000000000000010101010011101101110100101010001001
000000000000000000000000000000000000000000000000000000000000010000110011000100010101001000100111
000000000000000000000000000000000000000000000000000000000000010100010011100011000011111100011110
000000000000000000000000000000000000000000000000000000000000001010010101110011100011101000000011
000000000000000000000000000000000000000000000000000000000000010011100011000010111111001010101011
000000000000000000000000000000000000000000000000000000000000111011111001100000101100101101110000
000000000000000000000000000000000000000000000000000000000000110011100101110011101010011110101100
000000000000000000000000000000000000000000000000000000000000010111010111101100100001000010101001
000000000000000000000000000000000000000000000000000000000000110111111111001110000001101101110011
000000000000000000000000000000000000000000000000000000000000000010000110000100001110010001001011
000000000000000000000000000000000000000000000000000000000000010101110011001011010110111111001100
000000000000000000000000000000000000000000000000000000000000111101011011100110111111010101001110
000000000000000000000000000000000000000000000000000000000000101010010001110000111010001100001100
000000000000000000000000000000000000000000000000000000000000001011100111101010010011010101111011
000000000000000000000000000000000000000000000000000000000000101110000010010011101100101010011001
000000000000000000000000000000000000000000000000000000000000101011101100101111100101011000110011
000000000000000000000000000000000000000000000000000000000000001100001001101110111011010110101010
000000000000000000000000000000000000000000000000000000000000111111011011001011010001100010100010
000000000000000000000000000000000000000000000000000000000000011010010110000000101001100111100001
000000000000000000000000000000000000000000000000000000000000001000011010100101100101001011011000
000000000000000000000000000000000000000000000000000000000000000110100110011111001011010110011011
000000000000000000000000000000000000000000000000000000000000100101011101000111111100011110010000
000000000000000000000000000000000000000000000000000000000000000010010001001010110101111001111101
000000000000000000000000000000000000000000000000000000000000111011101110101101011111110010100010
000000000000000000000000000000000000000000000000000000000000010110100110111011111011011011110000
000000000000000000000000000000000000000000000000000000000000011011101001110001101000100011000010
000000000000000000000000000000000000000000000000000000000000110001111000110010011101100101010110
000000000000000000000000000000000000000000000000000000000000000010111101011101011100011100010000
000000000000000000000000000000000000000000000000000000000000101101000001011011010111000101101110
000000000000000000000000000000000000000000000000000000000000101010101100001010100101100101101100
000000000000000000000000000000000000000000000000000000000000110101111101100000001001101101000111
000000000000000000000000000000000000000000000000000000000000111111010110111010011001001111100101
000000000000000000000000000000000000000000000000000000000000000111011001110110010010010001111000
000000000000000000000000000000000000000000000000000000000000010000110000101000101100101110001000
000000000000000000000000000000000000000000000000000000000000001111001010111100001001011010100000
000000000000000000000000000000000000000000000000000000000000010001101111001000000011101011100010
000000000000000000000000000000000000000000000000000000000000100000111101001100110010111111101011
000000000000000000000000000000000000000000000000000000000000001101010101000100000110110101100000
000000000000000000000000000000000000000000000000000000000000110101000011110110010011101100010111
000000000000000000000000000000000000000000000000000000000000111011001110010110010101110100111010
000000000000000000000000000000000000000000000000000000000000010011001111001001101011001110111110
000000000000000000000000000000000000000000000000000000000000001010011111011000001101001100111110
000000000000000000000000000000000000000000000000000000000000111001010101010000001001100110010111
000000000000000000000000000000000000000000000000000000000000010100011110010000110111001010111111
000000000000000000000000000000000000000000000000000000000000110011110011001000000001101000000111
000000000000000000000000000000000000000000000000000000000000001000001110111101110110101101010011
000000000000000000000000000000000000000000000000000000000000011011101001000111000011111111001110
000000000000000000000000000000000000000000000000000000000000111111010101001111110001010001101000
000000000000000000000000000000000000000000000000000000000000001110000110111111110100111110100110
000000000000000000000000000000000000000000000000000000000000110101011101101001010101000110110110
000000000000000000000000000000000000000000000000000000000000101010110100001110111010111100001000
000000000000000000000000000000000000000000000000000000000000101010111110101110111100000000010011
000000000000000000000000000000000000000000000000000000000000011010100001001111101011100000101111
000000000000000000000000000000000000000000000000000000000000100010011000011011010011100110000000
000000000000000000000000000000000000000000000000000000000000001011100010001100100001000100010110
000000000000000000000000000000000000000000000000000000000000000101010011110111011101111001011000
000000000000000000000000000000000000000000000000000000000000000000111000000101000111000100010101
000000000000000000000000000000000000000000000000000000000000101001001111101100100001001110010011
000000000000000000000000000000000000000000000000000000000000011111011100100011001000011100000111
000000000000000000000000000000000000000000000000000000000000100000111011100110110100011011111111
000000000000000000000000000000000000000000000000000000000000011000010001101001110001110010111100
000000000000000000000000000000000000000000000000000000000000001111110100100001111011011000010110
000000000000000000000000000000000000000000000000000000000000111010111000111111011100110011011010
000000000000000000000000000000000000000000000000000000000000111101111010101010010111111000010110
000000000000000000000000000000000000000000000000000000000000010110000110110111010110110011000100
000000000000000000000000000000000000000000000000000000000000000110011010010101110010101100010111
000000000000000000000000000000000000000000000000000000000000101001010110001111101000100011101000
000000000000000000000000000000000000000000000000000000000000111010010011111100001100100100010111
000000000000000000000000000000000000000000000000000000000000001010011110100110101101100110011010
000000000000000000000000000000000000000000000000000000000000110010001111110101011011000110110110
000000000000000000000000000000000000000000000000000000000000000111011000110110010011010101000001
000000000000000000000000000000000000000000000000000000000000101011110010001001010100100100100001
000000000000000000000000000000000000000000000000000000000000001111110001010100100101010100100010
000000000000000000000000000000000000000000000000000000000000111101110101000111000111111111110000
000000000000000000000000000000000000000000000000000000000000011101010000010000011110011101100001
000000000000000000000000000000000000000000000000000000000000010011101101101111100000111100100101
000000000000000000000000000000000000000000000000000000000000110100001100011010011010111010100010
000000000000000000000000000000000000000000000000000000000000000000010001010010111111110101001011
000000000000000000000000000000000000000000000000000000000000000111100000011110110110101101011001
000000000000000000000000000000000000000000000000000000000000111111111000110101110110010111010001
000000000000000000000000000000000000000000000000000000000000001010110101010000101111011100111101
000000000000000000000000000000000000000000000000000000000000011011111011100100110001001100001100
000000000000000000000000000000000000000000000000000000000000000010110001111111101000011100001011
000000000000000000000000000000000000000000000000000000000000011001101110001011001010111010111010
000000000000000000000000000000000000000000000000000000000000111111001000000010101101000010001000
000000000000000000000000000000000000000000000000000000000000110100110001111010010100010110011001
000000000000000000000000000000000000000000000000000000000000100101100010101010010101100110100101
000000000000000000000000000000000000000000000000000000000000110000100011111010101010100111110001
000000000000000000000000000000000000000000000000000000000000001010111000100101100010001111100100
000000000000000000000000000000000000000000000000000000000000010001110101011000101101100111000001
000000000000000000000000000000000000000000000000000000000000101111000011000110011011101010010110
000000000000000000000000000000000000000000000000000000000000110010111011001010010001011010000000
000000000000000000000000000000000000000000000000000000000000001010000011000000001101100001010010
000000000000000000000000000000000000000000000000000000000000100001010110000010110111000101111011
000000000000000000000000000000000000000000000000000000000000001011100010101011110111100001001011
000000000000000000000000000000000000000000000000000000000000011100000101111000111000100011011000
000000000000000000000000000000000000000000000000000000000000100100000100100011010101110011001111
000000000000000000000000000000000000000000000000000000000000110100111010001100100001001111111100
000000000000000000000000000000000000000000000000000000000000100110100101000011110010100101011111
000000000000000000000000000000000000000000000000000000000000100111101101101101100100110100010110
000000000000000000000000000000000000000000000000000000000000111110011100000010011010011011011011
000000000000000000000000000000000000000000000000000000000000101101110001100110100110110010101100
000000000000000000000000000000000000000000000000000000000000111000111010010011111001111111110001
000000000000000000000000000000000000000000000000000000000000100101010101010111010101010111111100
000000000000000000000000000000000000000000000000000000000000111010010110011010001000001000011110
000000000000000000000000000000000000000000000000000000000000011110010101111011010101011010010011
000000000000000000000000000000000000000000000000000000000000110110110100110110111010111110011100
000000000000000000000000000000000000000000000000000000000000111110001111100011101111110100110111
000000000000000000000000000000000000000000000000000000000000100000000010110100101000001001010101
000000000000000000000000000000000000000000000000000000000000111000111100111011000101110100000100
000000000000000000000000000000000000000000000000000000000000000000011100011110111110001111001000
000000000000000000000000000000000000000000000000000000000000100001111101011011101110011010011100
000000000000000000000000000000000000000000000000000000000000110010010111011011101001000001011011
000000000000000000000000000000000000000000000000000000000000000011110010110000011101010000010100
000000000000000000000000000000000000000000000000000000000000000011010111100101110101110000111010
000000000000000000000000000000000000000000000000000000000000100111011000111111110010000010100001
000000000000000000000000000000000000000000000000000000000000100110010001111111110000101000111010
000000000000000000000000000000000000000000000000000000000000101000000010000110000100111010101110
000000000000000000000000000000000000000000000000000000000000101011010000110011000100011111000111
000000000000000000000000000000000000000000000000000000000000010011100010100110011001011010001100
000000000000000000000000000000000000000000000000000000000000110110010110101000100001000111110011
000000000000000000000000000000000000000000000000000000000000010010100111001101101001100110100111
000000000000000000000000000000000000000000000000000000000000111111110010010001010110011010001100
000000000000000000000000000000000000000000000000000000000000110000010000000010010011011111010010
000000000000000000000000000000000000000000000000000000000000000110100110111100001111111011001100
000000000000000000000000000000000000000000000000000000000000111100000110100111001100110101101000
000000000000000000000000000000000000000000000000000000000000101001111101101001000001110010010010
000000000000000000000000000000000000000000000000000000000000110110111110010111111001110000000001
000000000000000000000000000000000000000000000000000000000000000110111010011100100010010000110010
000000000000000000000000000000000000000000000000000000000000110001011111100001111001110111100100
000000000000000000000000000000000000000000000000000000000000110101010100100101001000101100010011
000000000000000000000000000000000000000000000000000000000000100010100001000110001011000010010100
000000000000000000000000000000000000000000000000000000000000111011101001011111000010101000111111
000000000000000000000000000000000000000000000000000000000000010010001111001011101100111100000010
000000000000000000000000000000000000000000000000000000000000011101110101110101111001011101000100
000000000000000000000000000000000000000000000000000000000000001001011001011110001110101001111111
000000000000000000000000000000000000000000000000000000000000010101101001001110111010011011100110
000000000000000000000000000000000000000000000000000000000000000000001001000000000001110100110011
000000000000000000000000000000000000000000000000000000000000001000011111100101110000100001111110
000000000000000000000000000000000000000000000000000000000000010010101101000101010111110111010011
000000000000000000000000000000000000000000000000000000000000101011111000111110110010000010111110
000000000000000000000000000000000000000000000000000000000000111101010001110000000110000011110010
000000000000000000000000000000000000000000000000000000000000100010010101010101101010101101010001
000000000000000000000000000000000000000000000000000000000000101010000100100100000111100010110001
000000000000000000000000000000000000000000000000000000000000110110100111001100110111011101101010
000000000000000000000000000000000000000000000000000000000000110010010010010010011000100100101011
000000000000000000000000000000000000000000000000000000000000011100010110110111110000010100010111
000000000000000000000000000000000000000000000000000000000000101111000000000111011010111111111010
000000000000000000000000000000000000000000000000000000000000000111111001000111000101100101111111
000000000000000000000000000000000000000000000000000000000000100000111010111010010000001110110011
000000000000000000000000000000000000000000000000000000000000000000111001011011110001011101101000
000000000000000000000000000000000000000000000000000000000000011110011010111100101111101100011111
000000000000000000000000000000000000000000000000000000000000000011010001110111100011001000111011
000000000000000000000000000000000000000000000000000000000000000010000000001011001010110001010110
000000000000000000000000000000000000000000000000000000000000011110111010010000111110001000010110
000000000000000000000000000000000000000000000000000000000000100110110101000000110100101010000101
000000000000000000000000000000000000000000000000000000000000011010111001001101010000110010110001
000000000000000000000000000000000000000000000000000000000000000101100100001100110101000100001101
000000000000000000000000000000000000000000000000000000000000001100111101101110101101110110000100
000000000000000000000000000000000000000000000000000000000000010000110001000111001110001010110100
000000000000000000000000000000000000000000000000000000000000000011101100010100010100111100111100
000000000000000000000000000000000000000000000000000000000000101000001101011001001100111011100110
000000000000000000000000000000000000000000000000000000000000011100111101011000110000100000000100
000000000000000000000000000000000000000000000000000000000000011101110010001001001010011101000101
000000000000000000000000000000000000000000000000000000000000010101111100011000101011001110101000
000000000000000000000000000000000000000000000000000000000000010001010000101101000110110101110010
000000000000000000000000000000000000000000000000000000000000101110011010000000110010001000100111
000000000000000000000000000000000000000000000000000000000000001001110110110101111100101000101100
000000000000000000000000000000000000000000000000000000000000011001011011100001011111110111101100
000000000000000000000000000000000000000000000000000000000000010100110001110000110110110101101001
000000000000000000000000000000000000000000000000000000000000111010100100100100101110001110110011
000000000000000000000000000000000000000000000000000000000000101111000100100111011000110000101001
000000000000000000000000000000000000000000000000000000000000111101001111001101101001001101001010
000000000000000000000000000000000000000000000000000000000000010010001011111111000010001101101011
000000000000000000000000000000000000000000000000000000000000001110001000010000010000001110100011
000000000000000000000000000000000000000000000000000000000000110000111111010001000011110001000010
000000000000000000000000000000000000000000000000000000000000111101010101011000101000110110100000
000000000000000000000000000000000000000000000000000000000000110101101011100100010000010010011111
000000000000000000000000000000000000000000000000000000000000100011011011011100010010110000101001
000000000000000000000000000000000000000000000000000000000000011100101001001010010101010111000010
000000000000000000000000000000000000000000000000000000000000100110110100111110101111011000011100
000000000000000000000000000000000000000000000000000000000000100010101010011110111000000011010111
000000000000000000000000000000000000000000000000000000000000100110010011111111010011011100110010
000000000000000000000000000000000000000000000000000000000000101100001001111010101111110101000110
000000000000000000000000000000000000000000000000000000000000001010011111001011001111011010001101
000000000000000000000000000000000000000000000000000000000000000010010110100101111100010111111001
000000000000000000000000000000000000000000000000000000000000000100110100101000011010101110011110
000000000000000000000000000000000000000000000000000000000000100011010111100101100011111010010110
000000000000000000000000000000000000000000000000000000000000100111000001011100110101101101011010
000000000000000000000000000000000000000000000000000000000000010110100010100010100110110000111001
000000000000000000000000000000000000000000000000000000000000101110010011001110100011100100100011
000000000000000000000000000000000000000000000000000000000000101111010111101010101000010110000100
000000000000000000000000000000000000000000000000000000000000011000011001110101110101010100011001
000000000000000000000000000000000000000000000000000000000000011100011111111111100010010011111100
000000000000000000000000000000000000000000000000000000000000110100101101110110100010001100001110
000000000000000000000000000000000000000000000000000000000000101111011010111100100110111101110011
000000000000000000000000000000000000000000000000000000000000011101101011110100010100110001111101
000000000000000000000000000000000000000000000000000000000000111111010000010100101100001010110100
000000000000000000000000000000000000000000000000000000000000010010011011111011000100011010000100
000000000000000000000000000000000000000000000000000000000000110111011111110100010000001011111000
000000000000000000000000000000000000000000000000000000000000010110010111111101000010111110100010
000000000000000000000000000000000000000000000000000000000000101110010110100110111010110110110011
000000000000000000000000000000000000000000000000000000000000111011011111110101000011010101100111
000000000000000000000000000000000000000000000000000000000000010010000100111001111100101001111111
000000000000000000000000000000000000000000000000000000000000010110011110101011001000010111111100
000000000000000000000000000000000000000000000000000000000000101000000000000001100010100111011111
000000000000000000000000000000000000000000000000000000000000110110101011100110101110111110011011
000000000000000000000000000000000000000000000000000000000000110010101101100011011111100110100011
000000000000000000000000000000000000000000000000000000000000000001101100010011100000011000111001
000000000000000000000000000000000000000000000000000000000000100100001000110010000101100010010100
000000000000000000000000000000000000000000000000000000000000110100101101110111100010111101001110
000000000000000000000000000000000000000000000000000000000000000010010000011100010101110110110001
000000000000000000000000000000000000000000000000000000000000110010010010011010010110111101000010
000000000000000000000000000000000000000000000000000000000000001010000000101101010101000111001011
000000000000000000000000000000000000000000000000000000000000010011001111110111100010001011010101
000000000000000000000000000000000000000000000000000000000000000100100011001110001101101010101101
000000000000000000000000000000000000000000000000000000000000001101110010001001101110100010010010
000000000000000000000000000000000000000000000000000000000000011000010100010011001000110011000111
000000000000000000000000000000000000000000000000000000000000000011111101001010010010101011111100
000000000000000000000000000000000000000000000000000000000000100101111100101100000001001010100001
000000000000000000000000000000000000000000000000000000000000011111001011111001000011101011011101
000000000000000000000000000000000000000000000000000000000000011001101100110010110111011000100011
000000000000000000000000000000000000000000000000000000000000001011011101100110110000101001010010
000000000000000000000000000000000000000000000000000000000000111111010101011100110000000111011110
000000000000000000000000000000000000000000000000000000000000010101001100110110011000111011010101
000000000000000000000000000000000000000000000000000000000000011010011100000101011010110101000001
000000000000000000000000000000000000000000000000000000000000011110010110000110101011001000010111
000000000000000000000000000000000000000000000000000000000000110011111100010101001000010010001011
000000000000000000000000000000000000000000000000000000000000000000000101001100001011110101110011
000000000000000000000000000000000000000000000000000000000000101111010011000011011000110101110010
000000000000000000000000000000000000000000000000000000000000100110011001011010001100110000010011
000000000000000000000000000000000000000000000000000000000000110001011010101110100011111010010100
000000000000000000000000000000000000000000000000000000000000111010111000100110000101011101110101
000000000000000000000000000000000000000000000000000000000000101110011011100110100110110101001100
000000000000000000000000000000000000000000000000000000000000000011100001101110101011010111001010
000000000000000000000000000000000000000000000000000000000000011100111100100010001101001010111111
000000000000000000000000000000000000000000000000000000000000011100111110100110110100101010111001
000000000000000000000000000000000000000000000000000000000000101100110001010111001001000000010001
000000000000000000000000000000000000000000000000000000000000101111011000110000111101110111010110
000000000000000000000000000000000000000000000000000000000000001100111100101011000011100101011111
000000000000000000000000000000000000000000000000000000000000000110111101101000000101011111000000
000000000000000000000000000000000000000000000000000000000000111001001011001100111100101000001000
000000000000000000000000000000000000000000000000000000000000000010000111101111001011101101100000
000000000000000000000000000000000000000000000000000000000000101011111100000111011010011011101001
000000000000000000000000000000000000000000000000000000000000010000010001010100111111100011110010
000000000000000000000000000000000000000000000000000000000000101011110011010110011111000010011001
000000000000000000000000000000000000000000000000000000000000010010100111011111010011000011111110
000000000000000000000000000000000000000000000000000000000000110001001010010100110110100110100101
000000000000000000000000000000000000000000000000000000000000100110011011100111101110101110101101
000000000000000000000000000000000000000000000000000000000000111010000000001001000111001000100100
000000000000000000000000000000000000000000000000000000000000101100000000101111000010100110011010
000000000000000000000000000000000000000000000000000000000000110111010101111010010110011011011111
000000000000000000000000000000000000000000000000000000000000011110100101110101011100001010110111
000000000000000000000000000000000000000000000000000000000000100100010100101000110110111011111011
000000000000000000000000000000000000000000000000000000000000010011011010010100101010111101100000
000000000000000000000000000000000000000000000000000000000000101101101010000100100000011011000100
000000000000000000000000000000000000000000000000000000000000101010011000011100010010000110100001
000000000000000000000000000000000000000000000000000000000000001011100010110101010110110010000000
000000000000000000000000000000000000000000000000000000000000010011100000111010011001000010000101
000000000000000000000000000000000000000000000000000000000000001000010100000010001111100101011011
000000000000000000000000000000000000000000000000000000000000101101011010000100100010111111010010
000000000000000000000000000000000000000000000000000000000000111001100101110110001000110011101100
000000000000000000000000000000000000000000000000000000000000010111111110101001010001010110011110
000000000000000000000000000000000000000000000000000000000000011110111111100111010011111000101000
000000000000000000000000000000000000000000000000000000000000000000001011011111000111111110110011
000000000000000000000000000000000000000000000000000000000000000100011010000100110011001100110100
000000000000000000000000000000000000000000000000000000000000001011100100110100011110011100100011
000000000000000000000000000000000000000000000000000000000000101011001011010001110000011111111000
000000000000000000000000000000000000000000000000000000000000111111000010010101010111101000110011
000000000000000000000000000000000000000000000000000000000000110111111001001001100101011011000010
000000000000000000000000000000000000000000000000000000000000000011000000010001001101110111110101
000000000000000000000000000000000000000000000000000000000000100000000100101011111001101011111110
000000000000000000000000000000000000000000000000000000000000100101100100001010010010100111111100
000000000000000000000000000000000000000000000000000000000000100001110010010101100111100001011110
000000000000000000000000000000000000000000000000000000000000100010100011001000100000111000100110
000000000000000000000000000000000000000000000000000000000000000110101100110001110110000011111110
000000000000000000000000000000000000000000000000000000000000110000010000011011000110100011100010
000000000000000000000000000000000000000000000000000000000000000011101001110000001110111110110110
000000000000000000000000000000000000000000000000000000000000000100100001100111010000111101010100
000000000000000000000000000000000000000000000000000000000000100100011001001010101010011100110000
000000000000000000000000000000000000000000000000000000000000100101010111110101011010101001111010
000000000000000000000000000000000000000000000000000000000000110000010101000101011100110100111000
000000000000000000000000000000000000000000000000000000000000110000011101101101011011000101011101
000000000000000000000000000000000000000000000000000000000000111100111011111011011000000000011100
000000000000000000000000000000000000000000000000000000000000101101111000110011000010000000100010
000000000000000000000000000000000000000000000000000000000000101101010011101011010110011111111010
000000000000000000000000000000000000000000000000000000000000001001100011001101010110110010111010
000000000000000000000000000000000000000000000000000000000000000000010111101000010111100111000101
000000000000000000000000000000000000000000000000000000000000010000100111101101111100011010000000
000000000000000000000000000000000000000000000000000000000000110101001110100111110011111001111100
000000000000000000000000000000000000000000000000000000000000010000110010011111010011001010010011
000000000000000000000000000000000000000000000000000000000000000011111101000001010110000011001011
000000000000000000000000000000000000000000000000000000000000111101011001010010011111011010001000
000000000000000000000000000000000000000000000000000000000000100110011100110010001010101110111111
000000000000000000000000000000000000000000000000000000000000001111010111101100011001101000010011
000000000000000000000000000000000000000000000000000000000000001110011111101110000001010111101000
000000000000000000000000000000000000000000000000000000000000101101101011000010111110111100001111
000000000000000000000000000000000000000000000000000000000000011111000000111101001100001111001110
000000000000000000000000000000000000000000000000000000000000011111101011101100110111100010001011
000000000000000000000000000000000000000000000000000000000000000000000011100100010100100101011100
000000000000000000000000000000000000000000000000000000000000010110100011110000001010010010101010
000000000000000000000000000000000000000000000000000000000000101111001001010110110010011001011100
000000000000000000000000000000000000000000000000000000000000010000010110111101100111011010111110
000000000000000000000000000000000000000000000000000000000000110111111010011110111101000110100011
000000000000000000000000000000000000000000000000000000000000010010100101111000101101101010011000
000000000000000000000000000000000000000000000000000000000000100011101001111011111100011101100011
000000000000000000000000000000000000000000000000000000000000000100000010100000111010000010000010
000000000000000000000000000000000000000000000000000000000000000010001110011110011010011110111110
000000000000000000000000000000000000000000000000000000000000001100100111100100100111110111110111
000000000000000000000000000000000000000000000000000000000000011101110000111001000000111011111110
000000000000000000000000000000000000000000000000000000000000101111110000000011001011000100010101
000000000000000000000000000000000000000000000000000000000000011001001111101111000100011111110110
000000000000000000000000000000000000000000000000000000000000001010100010101000100110101000111010
000000000000000000000000000000000000000000000000000000000000101101111000101001101000011010011000
000000000000000000000000000000000000000000000000000000000000101111011001100100011000011010110111
000000000000000000000000000000000000000000000000000000000000010001010010001010010001100011100011
000000000000000000000000000000000000000000000000000000000000111010110100001110101001110000000100
000000000000000000000000000000000000000000000000000000000000001110101001001110110111110100101100
000000000000000000000000000000000000000000000000000000000000010111110010001110110001001100001000
000000000000000000000000000000000000000000000000000000000000001000011001111110000010110100110101
000000000000000000000000000000000000000000000000000000000000010010110011010110111001100001111000
000000000000000000000000000000000000000000000000000000000000010001101101011101010101111100000110
000000000000000000000000000000000000000000000000000000000000101101000101011001100000111100001000
000000000000000000000000000000000000000000000000000000000000101001111110001100101110111011000000
000000000000000000000000000000000000000000000000000000000000001001011011000100100100000101011101
000000000000000000000000000000000000000000000000000000000000101110100011011110000010000111111001
000000000000000000000000000000000000000000000000000000000000101101001010100101001011000101111111
000000000000000000000000000000000000000000000000000000000000111000011000111001101110010000000000
000000000000000000000000000000000000000000000000000000000000000011110000001010000110111011100111
000000000000000000000000000000000000000000000000000000000000110000010111000001001101101101100100
000000000000000000000000000000000000000000000000000000000000101001010000001110001000111111111101
000000000000000000000000000000000000000000000000000000000000001010011111100101000101010001001000
000000000000000000000000000000000000000000000000000000000000110011101011000011000001010110000110
000000000000000000000000000000000000000000000000000000000000100110110001111110110100111011010000
000000000000000000000000000000000000000000000000000000000000001101010011011011000100010110101000
000000000000000000000000000000000000000000000000000000000000100101001100000100000010000100011010
000000000000000000000000000000000000000000000000000000000000011110000010000111110010010001101000
000000000000000000000000000000000000000000000000000000000000001100011111011100000101111100101110
000000000000000000000000000000000000000000000000000000000000011111000111110100001101010010101001
000000000000000000000000000000000000000000000000000000000000100001100001111101111011001001111011
000000000000000000000000000000000000000000000000000000000000100011001011111011001111111001010001
000000000000000000000000000000000000000000000000000000000000101000101110001110010010100001000011
000000000000000000000000000000000000000000000000000000000000111110011110000010100011110110111010
000000000000000000000000000000000000000000000000000000000000100010011101111100001011010001011001
000000000000000000000000000000000000000000000000000000000000111001001100110111111101101100010111
000000000000000000000000000000000000000000000000000000000000010101100100111011101100110011101000
000000000000000000000000000000000000000000000000000000000000001010001000111110011100100011110011
000000000000000000000000000000000000000000000000000000000000110101100100001110100110101011000111
000000000000000000000000000000000000000000000000000000000000110101000101000101001111110011101000
000000000000000000000000000000000000000000000000000000000000000011011001001010100101010111100000
000000000000000000000000000000000000000000000000000000000000011101101001000011010100011001100001
000000000000000000000000000000000000000000000000000000000000001101101100110011000110101110111111
000000000000000000000000000000000000000000000000000000000000011100111001100110111101101101011111
000000000000000000000000000000000000000000000000000000000000111010111001011001011011101101111100
000000000000000000000000000000000000000000000000000000000000100111110111111101110011110111001000
000000000000000000000000000000000000000000000000000000000000111110000101110111011000101001100000
000000000000000000000000000000000000000000000000000000000000110101001010011101011101010001010110
000000000000000000000000000000000000000000000000000000000000000100010001010101010111001010100111
000000000000000000000000000000000000000000000000000000000000101010001100110111001101010011100110
000000000000000000000000000000000000000000000000000000000000111100101011010010101000001011100000
000000000000000000000000000000000000000000000000000000000000111111101000101000101000101100001110
000000000000000000000000000000000000000000000000000000000000111000110111101111110000101101001001
000000000000000000000000000000000000000000000000000000000000100100100101110100101101010100000110
000000000000000000000000000000000000000000000000000000000000011010001011110100100100100010011111
000000000000000000000000000000000000000000000000000000000000011111001111111100001001111010111000
000000000000000000000000000000000000000000000000000000000000111001100001100001110110110010110011
000000000000000000000000000000000000000000000000000000000000111001100010000101001011010111001001
000000000000000000000000000000000000000000000000000000000000010010110101110011100010111001101101
000000000000000000000000000000000000000000000000000000000000011010111001010001000111001101111101
000000000000000000000000000000000000000000000000000000000000001011011111110101110101011111100101
000000000000000000000000000000000000000000000000000000000000101110011000000110111011110110101011
000000000000000000000000000000000000000000000000000000000000110101010101010010011011010110011111
000000000000000000000000000000000000000000000000000000000000001101101011000000101101000111100110
000000000000000000000000000000000000000000000000000000000000001100011001101000001110110110110000
000000000000000000000000000000000000000000000000000000000000101001100111000001111011110000100000
000000000000000000000000000000000000000000000000000000000000000011111111001000101110010100011011
000000000000000000000000000000000000000000000000000000000000100000000000101110110011100011101000
000000000000000000000000000000000000000000000000000000000000110000001100010101001100011001001101
000000000000000000000000000000000000000000000000000000000000101001101110100100100011110111011111
000000000000000000000000000000000000000000000000000000000000010100000111011110010001111101011111
000000000000000000000000000000000000000000000000000000000000011110101100110110011010011110110001
000000000000000000000000000000000000000000000000000000000000101101011101011011010110000011101110
000000000000000000000000000000000000000000000000000000000000111110111000111010000101101111010010
000000000000000000000000000000000000000000000000000000000000110010010000100111110110011000110110
000000000000000000000000000000000000000000000000000000000000110111101110001001010111011111011110
000000000000000000000000000000000000000000000000000000000000010110011101110010010101001010011000
000000000000000000000000000000000000000000000000000000000000000000010111100001110101101000100111
000000000000000000000000000000000000000000000000000000000000011010100110000111110101011000111111
000000000000000000000000000000000000000000000000000000000000101001101111100011000101101100010111
000000000000000000000000000000000000000000000000000000000000000111101000000001111111000000100000
000000000000000000000000000000000000000000000000000000000000110001110111000001011100100111000100
000000000000000000000000000000000000000000000000000000000000110011001000101100110101110100010000
000000000000000000000000000000000000000000000000000000000000101001001110011100001100111111001000
000000000000000000000000000000000000000000000000000000000000100110011010011000001100101110101100
000000000000000000000000000000000000000000000000000000000000001111100011100101100101100110000100
000000000000000000000000000000000000000000000000000000000000101010100011010111000101101100110011
000000000000000000000000000000000000000000000000000000000000100111010010010111011011100101100010
000000000000000000000000000000000000000000000000000000000000110110000001011100100111111010010000
000000000000000000000000000000000000000000000000000000000000101111010110101101001000000010110111
000000000000000000000000000000000000000000000000000000000000000100111110000111010100011100100101
000000000000000000000000000000000000000000000000000000000000011011100011010011111100000101111100
000000000000000000000000000000000000000000000000000000000000110110101000110011100010101101001111
000000000000000000000000000000000000000000000000000000000000110001011100101011001001100000101001
000000000000000000000000000000000000000000000000000000000000111111011110101110010100011001100100
000000000000000000000000000000000000000000000000000000000000110101110110111011101101000001111010
000000000000000000000000000000000000000000000000000000000000100100110011100110001100010011101010
000000000000000000000000000000000000000000000000000000000000111011100111110001100111001101101011
000000000000000000000000000000000000000000000000000000000000100110011010111000100001110111101010
000000000000000000000000000000000000000000000000000000000000000010000110111000011100101100001000
000000000000000000000000000000000000000000000000000000000000100011100010100100001111011100110101
000000000000000000000000000000000000000000000000000000000000100101011010111100101001001001010111
000000000000000000000000000000000000000000000000000000000000001100101111110101000000110000000011
000000000000000000000000000000000000000000000000000000000000110001001011111010000011100111100100
000000000000000000000000000000000000000000000000000000000000010101101101110001110101001000100001
000000000000000000000000000000000000000000000000000000000000101100101101001001101110110001111110
000000000000000000000000000000000000000000000000000000000000011101000001110000000101110000111011
000000000000000000000000000000000000000000000000000000000000011000101000011110110110110100000001
000000000000000000000000000000000000000000000000000000000000100000100001011101101101000110100001
000000000000000000000000000000000000000000000000000000000000011110001100001100011000100010001101
000000000000000000000000000000000000000000000000000000000000111000000110000111011010110101001110
000000000000000000000000000000000000000000000000000000000000111110110001101111101111100111011001
000000000000000000000000000000000000000000000000000000000000101110010101110001110011101011001111
000000000000000000000000000000000000000000000000000000000000001101110110110110001010110110111001
000000000000000000000000000000000000000000000000000000000000011001101000011000110011000101000001
000000000000000000000000000000000000000000000000000000000000000111011101110101000101011000000110
000000000000000000000000000000000000000000000000000000000000000001011101101011111010100011110101
000000000000000000000000000000000000000000000000000000000000111000111100100001110000011010011010
000000000000000000000000000000000000000000000000000000000000010101110010110100100101100101101111
000000000000000000000000000000000000000000000000000000000000000111011001101101001000111100111000
000000000000000000000000000000000000000000000000000000000000111001111111010101101000010001010000
000000000000000000000000000000000000000000000000000000000000000100010010101111100010011000111000
000000000000000000000000000000000000000000000000000000000000011010001011010001100100010110100000
000000000000000000000000000000000000000000000000000000000000000100010011111011100000100010011100
000000000000000000000000000000000000000000000000000000000000110110001010100111000011110100100100
000000000000000000000000000000000000000000000000000000000000000101111111000111111000010100111010
000000000000000000000000000000000000000000000000000000000000101010010001100000001100111010001110
000000000000000000000000000000000000000000000000000000000000111111001100111000001110110101000000
000000000000000000000000000000000000000000000000000000000000000110000100111001110011110110111110
000000000000000000000000000000000000000000000000000000000000001010111110000101010011010111000111
000000000000000000000000000000000000000000000000000000000000110111101011001110000101101111010010
000000000000000000000000000000000000000000000000000000000000101000111000101001000001010111110101
000000000000000000000000000000000000000000000000000000000000001001010011000100110101001101100100
000000000000000000000000000000000000000000000000000000000000100101001001111111011111000011011001
000000000000000000000000000000000000000000000000000000000000100000000100001110010010001101010000
000000000000000000000000000000000000000000000000000000000000010100100101111111100111101110001111
000000000000000000000000000000000000000000000000000000000000101011001100110011001001000111011101
000000000000000000000000000000000000000000000000000000000000100011101011101001101000000100101011
000000000000000000000000000000000000000000000000000000000000001010010001100101011110010001100011
000000000000000000000000000000000000000000000000000000000000010110001000010111010011101011100101
000000000000000000000000000000000000000000000000000000000000111011111001101001101001111000011010
000000000000000000000000000000000000000000000000000000000000000101101000011110111000100100011110
000000000000000000000000000000000000000000000000000000000000001010010110000111000000111111000110
000000000000000000000000000000000000000000000000000000000000011110100011100010010101011001001000
000000000000000000000000000000000000000000000000000000000000101111000010001010111110101100000111
000000000000000000000000000000000000000000000000000000000000101011000111110001100110001100001110
000000000000000000000000000000000000000000000000000000000000100100100000111100111011010101101011
000000000000000000000000000000000000000000000000000000000000101110010000001000111011011100100111
000000000000000000000000000000000000000000000000000000000000110011101001001001111010001110011110
000000000000000000000000000000000000000000000000000000000000000110001000010000010100001001111000
000000000000000000000000000000000000000000000000000000000000011110110000000111111001000100000000
000000000000000000000000000000000000000000000000000000000000001101110101100001100011110101001011
000000000000000000000000000000000000000000000000000000000000010000011000001100000011100110101110
000000000000000000000000000000000000000000000000000000000000011001101010011100010111110110011000
000000000000000000000000000000000000000000000000000000000000011110011010101011111000010111011100
000000000000000000000000000000000000000000000000000000000000011110111111111101111110000010000100
000000000000000000000000000000000000000000000000000000000000111010100111010001000010100011101001
000000000000000000000000000000000000000000000000000000000000011011110011001001101110101010101111
000000000000000000000000000000000000000000000000000000000000111010100011000011100111001001110001
000000000000000000000000000000000000000000000000000000000000101010110010100100000000010000111101
000000000000000000000000000000000000000000000000000000000000001110010011011101001110001111110001
000000000000000000000000000000000000000000000000000000000000000001000100010111010110011000110101
000000000000000000000000000000000000000000000000000000000000001100101110100110001100010001111011
000000000000000000000000000000000000000000000000000000000000001011101001110101101111110011011111
000000000000000000000000000000000000000000000000000000000000111000001000111011110111100001010100
000000000000000000000000000000000000000000000000000000000000000110001111011100010110110110100100
000000000000000000000000000000000000000000000000000000000000101111000100000010111000010000111111
000000000000000000000000000000000000000000000000000000000000101111111000010001100010100110011100
000000000000000000000000000000000000000000000000000000000000111111100101000001010010011100000011
000000000000000000000000000000000000000000000000000000000000101110011000100110111010000110100000
000000000000000000000000000000000000000000000000000000000000000111110101101111001111110011111111
000000000000000000000000000000000000000000000000000000000000101111000110110000010100000100111011
000000000000000000000000000000000000000000000000000000000000010110101010010100011111001110101110
000000000000000000000000000000000000000000000000000000000000011010001110101011001010000011001101
000000000000000000000000000000000000000000000000000000000000110111010010100010000000000001101001
000000000000000000000000000000000000000000000000000000000000000111111100101000101110001100111110
000000000000000000000000000000000000000000000000000000000000011110101101000110011011010111010111
000000000000000000000000000000000000000000000000000000000000001001101100110011111110011110101011
000000000000000000000000000000000000000000000000000000000000111001101101111101111101110000001000
000000000000000000000000000000000000000000000000000000000000111010010011110100111110011110010101
000000000000000000000000000000000000000000000000000000000000010111001110111011101101101100101111
000000000000000000000000000000000000000000000000000000000000100111001011011001100100101110110110
000000000000000000000000000000000000000000000000000000000000101011001100000100110000001000011111
000000000000000000000000000000000000000000000000000000000000101111111111001001111011100110000100
000000000000000000000000000000000000000000000000000000000000000000100011100100011011111100000010
000000000000000000000000000000000000000000000000000000000000110111101001001101011101011110010000
000000000000000000000000000000000000000000000000000000000000101000011010010111100000011110110000
000000000000000000000000000000000000000000000000000000000000110111110101101100101001010111010001
000000000000000000000000000000000000000000000000000000000000100011111101010101000100011100011001
000000000000000000000000000000000000000000000000000000000000100110011011110000000001001110001111
000000000000000000000000000000000000000000000000000000000000101011101011110101100010110111111100
000000000000000000000000000000000000000000000000000000000000100001010101100111010001110010001101
000000000000000000000000000000000000000000000000000000000000101001001110001111111011001001110100
000000000000000000000000000000000000000000000000000000000000100000010110100101001110110100101110
000000000000000000000000000000000000000000000000000000000000000100001010110101001001110100001010
000000000000000000000000000000000000000000000000000000000000111010101101100100000011001110011001
000000000000000000000000000000000000000000000000000000000000001010110100001001010010001011001110
000000000000000000000000000000000000000000000000000000000000011110101110000011000000110010110111
000000000000000000000000000000000000000000000000000000000000111010001101000011110111100100000001
000000000000000000000000000000000000000000000000000000000000111111010100000010100001001000100010
000000000000000000000000000000000000000000000000000000000000010001011001011100101000011110101000
000000000000000000000000000000000000000000000000000000000000000110001110010000000001010010010011
000000000000000000000000000000000000000000000000000000000000110010111110010010001010001011010011
000000000000000000000000000000000000000000000000000000000000011100110101111011101011011001010101
000000000000000000000000000000000000000000000000000000000000010111000010110011011100010110101110
000000000000000000000000000000000000000000000000000000000000111000000011100111001110100000001110
000000000000000000000000000000000000000000000000000000000000110011000110001001100010000010100100
000000000000000000000000000000000000000000000000000000000000010011110110010011110110010001100111
000000000000000000000000000000000000000000000000000000000000001101110011101111101001101100100111
000000000000000000000000000000000000000000000000000000000000110111000111111110001000110000011110
000000000000000000000000000000000000000000000000000000000000110001000111000100101010001100001100
000000000000000000000000000000000000000000000000000000000000110111110010101010101100000001000101
000000000000000000000000000000000000000000000000000000000000100010100100001010110101100000011111
000000000000000000000000000000000000000000000000000000000000000000001101011011001011110011010001
000000000000000000000000000000000000000000000000000000000000011101110011101111111001000100110100
000000000000000000000000000000000000000000000000000000000000101110011110001001011010010100110110
000000000000000000000000000000000000000000000000000000000000001110110110111011010100001110011111
000000000000000000000000000000000000000000000000000000000000100011001101100010010001011110110101
000000000000000000000000000000000000000000000000000000000000110011101100101101110001000101110111
