000000000000000000000000000000000000000000000000000000000000101100100010011100011001010001101110
000000000000000000000000000000000000000000000000000000000000110011111100010111011011100101001011
000000000000000000000000000000000000000000000000000000000000110011011000001010001110100101011001
000000000000000000000000000000000000000000000000000000000000011110011111011110000100010100110100
000000000000000000000000000000000000000000000000000000000000101001000101101101100100000101011010
000000000000000000000000000000000000000000000000000000000000101000011010001010010100000100010011
000000000000000000000000000000000000000000000000000000000000000110110111100010010110001110010111
000000000000000000000000000000000000000000000000000000000000001111010110010011100100101100110000
000000000000000000000000000000000000000000000000000000000000001110011010100011101010100010101110
000000000000000000000000000000000000000000000000000000000000001101000100110110001001000111101101
000000000000000000000000000000000000000000000000000000000000000011000100100111111010100110110101
000000000000000000000000000000000000000000000000000000000000101111010100100110101000101001110011
000000000000000000000000000000000000000000000000000000000000011000000001111100111101100100011101
000000000000000000000000000000000000000000000000000000000000001101101001101011001100110101011111
000000000000000000000000000000000000000000000000000000000000011001101110011010000110101111011001
000000000000000000000000000000000000000000000000000000000000110010010001010010010101001001001101
000000000000000000000000000000000000000000000000000000000000100100001000101001110011000110000000
000000000000000000000000000000000000000000000000000000000000010001101111011110000010101111111000
000000000000000000000000000000000000000000000000000000000000010011111100100100111011101011000110
000000000000000000000000000000000000000000000000000000000000001010110100010111110001110000110010
000000000000000000000000000000000000000000000000000000000000010100001001010110101100010011110010
000000000000000000000000000000000000000000000000000000000000011001101010011000001101101000011000
000000000000000000000000000000000000000000000000000000000000010101110001100111101011011101001110
000000000000000000000000000000000000000000000000000000000000100010111110000001110111001011110010
000000000000000000000000000000000000000000000000000000000000111000101011101001011001001001000010
000000000000000000000000000000000000000000000000000000000000111110010101101010111001101100001010
000000000000000000000000000000000000000000000000000000000000111010111001100100110110000111010001
000000000000000000000000000000000000000000000000000000000000101001111001000000110111100101111101
000000000000000000000000000000000000000000000000000000000000011011110101101101010111000010110101
000000000000000000000000000000000000000000000000000000000000010010111111110100010111010111000011
000000000000000000000000000000000000000000000000000000000000110001100001111111001100100110010111
000000000000000000000000000000000000000000000000000000000000001010011000000100111110010101110110
000000000000000000000000000000000000000000000000000000000000010100001100011110100000110011001100
000000000000000000000000000000000000000000000000000000000000110011111000000111000100100111111000
000000000000000000000000000000000000000000000000000000000000100110111100101001110011010001010101
000000000000000000000000000000000000000000000000000000000000010101110011011110100010111110000111
000000000000000000000000000000000000000000000000000000000000011110101001000100010011101100011100
000000000000000000000000000000000000000000000000000000000000110100110111101001101110011000101110
000000000000000000000000000000000000000000000000000000000000001111101010011100111111111111111011
000000000000000000000000000000000000000000000000000000000000100110010011101000010110110110000101
000000000000000000000000000000000000000000000000000000000000000101110110001110111011011011011001
000000000000000000000000000000000000000000000000000000000000000001100001100110101010110010010100
000000000000000000000000000000000000000000000000000000000000100011101111010111100100010011111011
000000000000000000000000000000000000000000000000000000000000011011100000110100000101001111100101
000000000000000000000000000000000000000000000000000000000000111111111000010111010111111000000101
000000000000000000000000000000000000000000000000000000000000111101100000001011011110111011010101
000000000000000000000000000000000000000000000000000000000000000010000011101101001010010000001111
000000000000000000000000000000000000000000000000000000000000101100111010110000011001001000100111
000000000000000000000000000000000000000000000000000000000000100111100011111010111101010100110001
000000000000000000000000000000000000000000000000000000000000100100011011000011001100101100110111
000000000000000000000000000000000000000000000000000000000000111111111100000111100000110101111011
000000000000000000000000000000000000000000000000000000000000100001000001101011110110111110111101
000000000000000000000000000000000000000000000000000000000000001101000111101001000001011000101010
000000000000000000000000000000000000000000000000000000000000001111110011011010100011101001000101
000000000000000000000000000000000000000000000000000000000000000001100110101000111000001110101111
000000000000000000000000000000000000000000000000000000000000100111100010111100000001111011100010
000000000000000000000000000000000000000000000000000000000000110100100111101010001011101001100100
000000000000000000000000000000000000000000000000000000000000110011111111010001010110011100011100
000000000000000000000000000000000000000000000000000000000000100111000110101100111010110101101001
000000000000000000000000000000000000000000000000000000000000011111100001001011011010011011011011
000000000000000000000000000000000000000000000000000000000000100100111100000001101100110010101111
000000000000000000000000000000000000000000000000000000000000011100010000011101100101100010110010
000000000000000000000000000000000000000000000000000000000000010000110000111110110110011001111110
000000000000000000000000000000000000000000000000000000000000000110010111100001111001001001001110
000000000000000000000000000000000000000000000000000000000000001010010100010101110000000100010000
000000000000000000000000000000000000000000000000000000000000101011111101000001001010010010011101
000000000000000000000000000000000000000000000000000000000000101110101111110111101010111110011000
000000000000000000000000000000000000000000000000000000000000101011111101111110111101011001010101
000000000000000000000000000000000000000000000000000000000000000100011010111001100110000011011000
000000000000000000000000000000000000000000000000000000000000001001110011010110000111011000111011
000000000000000000000000000000000000000000000000000000000000010011101110110000000011101111100011
000000000000000000000000000000000000000000000000000000000000111111101100101001011111110000001000
000000000000000000000000000000000000000000000000000000000000111110101101100110100110101111000011
000000000000000000000000000000000000000000000000000000000000101001101000011001110110100111011000
000000000000000000000000000000000000000000000000000000000000000111010101100100101000101001010000
000000000000000000000000000000000000000000000000000000000000111110011001110011000101100001110000
000000000000000000000000000000000000000000000000000000000000110011101001101010111011111100110000
000000000000000000000000000000000000000000000000000000000000010001101011011100010100010110010110
000000000000000000000000000000000000000000000000000000000000000110100101010101111111111000100011
000000000000000000000000000000000000000000000000000000000000011011101011000101001111111010110010
000000000000000000000000000000000000000000000000000000000000101001001100111001101010100111010101
000000000000000000000000000000000000000000000000000000000000000101111100101111011001111111101000
000000000000000000000000000000000000000000000000000000000000000011011111000101010101111101111001
000000000000000000000000000000000000000000000000000000000000000110111110010111110010010111000110
000000000000000000000000000000000000000000000000000000000000000101001010100001011111011000100101
000000000000000000000000000000000000000000000000000000000000001011101111110010101000100001100101
000000000000000000000000000000000000000000000000000000000000000101110000001010001001101000001111
000000000000000000000000000000000000000000000000000000000000101111010001101001010111011100010101
000000000000000000000000000000000000000000000000000000000000111101000001010000110000100011110001
000000000000000000000000000000000000000000000000000000000000100110011000111111100011000011101011
000000000000000000000000000000000000000000000000000000000000111001000101010100011110001100111011
000000000000000000000000000000000000000000000000000000000000000001100011101111011011110001111000
000000000000000000000000000000000000000000000000000000000000000010100110100111110000011011011111
000000000000000000000000000000000000000000000000000000000000110100111000110111010101010010001001
000000000000000000000000000000000000000000000000000000000000000111100000000110101011001011110000
000000000000000000000000000000000000000000000000000000000000000000011001011110000010010010100011
000000000000000000000000000000000000000000000000000000000000000101111011111010010111010011101111
000000000000000000000000000000000000000000000000000000000000010011111000100101011000000110100101
000000000000000000000000000000000000000000000000000000000000011100001000001100110100101110000101
000000000000000000000000000000000000000000000000000000000000110100111011000011000011100001110101
000000000000000000000000000000000000000000000000000000000000010110100111100100001011101010101010
000000000000000000000000000000000000000000000000000000000000010110001110111110101101100111111111
000000000000000000000000000000000000000000000000000000000000110011010111000000000101011110100011
000000000000000000000000000000000000000000000000000000000000011100110010011110111100110110101110
000000000000000000000000000000000000000000000000000000000000111110010010110111111001101101011010
000000000000000000000000000000000000000000000000000000000000101001101100101011010000111111011111
000000000000000000000000000000000000000000000000000000000000111101000001011100110001110110100011
000000000000000000000000000000000000000000000000000000000000111001010000100110110001101001010010
000000000000000000000000000000000000000000000000000000000000000111101010100101110101111101011001
000000000000000000000000000000000000000000000000000000000000110100010010000001100011000000101001
000000000000000000000000000000000000000000000000000000000000111001101100011001111011111001110000
000000000000000000000000000000000000000000000000000000000000011010100011000110101001010100111101
000000000000000000000000000000000000000000000000000000000000011111110011000010010000011111010101
000000000000000000000000000000000000000000000000000000000000101010100101000010000010001110100011
000000000000000000000000000000000000000000000000000000000000101100101010010110100000011100011010
000000000000000000000000000000000000000000000000000000000000101110110001111011010010101010001001
000000000000000000000000000000000000000000000000000000000000110011110111101010010000010001000000
000000000000000000000000000000000000000000000000000000000000101101001111111000111001111000000001
000000000000000000000000000000000000000000000000000000000000110011101111110011111100111100101011
000000000000000000000000000000000000000000000000000000000000100110111010000111110000110110011100
000000000000000000000000000000000000000000000000000000000000110000100101011010110101100100010011
000000000000000000000000000000000000000000000000000000000000010010101100100101011111110001110111
000000000000000000000000000000000000000000000000000000000000100100001001100101001110110111110100
000000000000000000000000000000000000000000000000000000000000000111001010110110000100100110010001
000000000000000000000000000000000000000000000000000000000000011100000111011000000100010000010011
000000000000000000000000000000000000000000000000000000000000011101100100010010110110001000110101
000000000000000000000000000000000000000000000000000000000000101011010111111110010001010001110010
000000000000000000000000000000000000000000000000000000000000011001101101001101001111010011011111
000000000000000000000000000000000000000000000000000000000000000100001010110111111110010101000111
000000000000000000000000000000000000000000000000000000000000001111010100111100001110101010100010
000000000000000000000000000000000000000000000000000000000000111000011000101010101011011011101011
000000000000000000000000000000000000000000000000000000000000100110101111100011110011011011000111
000000000000000000000000000000000000000000000000000000000000110110000001100100110010100100110001
000000000000000000000000000000000000000000000000000000000000100010000110001110010100100111000111
000000000000000000000000000000000000000000000000000000000000000110101101001100000011111100110111
000000000000000000000000000000000000000000000000000000000000100001101011011011110101111000100010
000000000000000000000000000000000000000000000000000000000000010001010010001010101011011101110010
000000000000000000000000000000000000000000000000000000000000101111011101110011011001000111011011
000000000000000000000000000000000000000000000000000000000000110001001100001100011111111100011011
000000000000000000000000000000000000000000000000000000000000011010011110010010011110011011010100
000000000000000000000000000000000000000000000000000000000000001011000011001011011000111011100101
000000000000000000000000000000000000000000000000000000000000100000001011011110101000110000100110
000000000000000000000000000000000000000000000000000000000000101100010110110101000100011001000000
000000000000000000000000000000000000000000000000000000000000010000000011100001101011010111111111
000000000000000000000000000000000000000000000000000000000000110010110011001010100111100000110001
000000000000000000000000000000000000000000000000000000000000101110000111000101100001111110001001
000000000000000000000000000000000000000000000000000000000000111100111001001000001110111011111011
000000000000000000000000000000000000000000000000000000000000100100111110001011110011010001010001
000000000000000000000000000000000000000000000000000000000000111111010011001100001010101111000111
000000000000000000000000000000000000000000000000000000000000011011000111100100100001000110101010
000000000000000000000000000000000000000000000000000000000000000000001100111000001001111100110001
000000000000000000000000000000000000000000000000000000000000000000011011011010111110001101010001
000000000000000000000000000000000000000000000000000000000000100001010110001010100001110100101100
000000000000000000000000000000000000000000000000000000000000011100001110000110111001011110011100
000000000000000000000000000000000000000000000000000000000000011110000010011101111110100100000011
000000000000000000000000000000000000000000000000000000000000001010010000010001100101011110000010
000000000000000000000000000000000000000000000000000000000000100101010110001101010111100110001101
000000000000000000000000000000000000000000000000000000000000010000010111101111100111000100110000
000000000000000000000000000000000000000000000000000000000000111011110011011101110000101111110001
000000000000000000000000000000000000000000000000000000000000101000100000110010011010100001100010
000000000000000000000000000000000000000000000000000000000000110100101011011011110001000110101100
000000000000000000000000000000000000000000000000000000000000100100100000010110010101001100010100
000000000000000000000000000000000000000000000000000000000000100100110100001111011000000101110100
000000000000000000000000000000000000000000000000000000000000011101010011100001111110001111111010
000000000000000000000000000000000000000000000000000000000000101111010000101001101001100010001001
000000000000000000000000000000000000000000000000000000000000100011010001000110111110110000011001
000000000000000000000000000000000000000000000000000000000000101100100101101100101101100000101000
000000000000000000000000000000000000000000000000000000000000111010110000000011011001111000001010
000000000000000000000000000000000000000000000000000000000000101110011010101011101011100101000010
000000000000000000000000000000000000000000000000000000000000010100001011110101011010000101011110
000000000000000000000000000000000000000000000000000000000000011101101010011001011111111011001100
000000000000000000000000000000000000000000000000000000000000111100110101111110010001111100111111
000000000000000000000000000000000000000000000000000000000000100111001100110100110110101010010101
000000000000000000000000000000000000000000000000000000000000000100001101000100010001110000000001
000000000000000000000000000000000000000000000000000000000000000110110010000110100010000001110001
000000000000000000000000000000000000000000000000000000000000011101111110010100101000111010101000
000000000000000000000000000000000000000000000000000000000000111111101011111010100001011111101010
000000000000000000000000000000000000000000000000000000000000111101111010000110111000100011010101
000000000000000000000000000000000000000000000000000000000000000000110000110101000111110011110101
000000000000000000000000000000000000000000000000000000000000111110100110101000000101011101110110
000000000000000000000000000000000000000000000000000000000000100010110001110000110000010110011110
000000000000000000000000000000000000000000000000000000000000010011001011000100111110010110000110
000000000000000000000000000000000000000000000000000000000000100101111001110100101011011011001000
000000000000000000000000000000000000000000000000000000000000110101110010100010110111000110000001
000000000000000000000000000000000000000000000000000000000000010100100110111001010101000101100000
000000000000000000000000000000000000000000000000000000000000101001111011010101110011001101101000
000000000000000000000000000000000000000000000000000000000000000010011110000011010101110100110001
000000000000000000000000000000000000000000000000000000000000100101110010011000101110000110010100
000000000000000000000000000000000000000000000000000000000000100011111101010101100110000101110011
000000000000000000000000000000000000000000000000000000000000101100100111111011110111111100001010
000000000000000000000000000000000000000000000000000000000000100000000101011110001101010111111011
000000000000000000000000000000000000000000000000000000000000101100010111111110011000010100001000
000000000000000000000000000000000000000000000000000000000000000100100100100001110001001101001011
000000000000000000000000000000000000000000000000000000000000111011100101100110010000001110111010
000000000000000000000000000000000000000000000000000000000000000111001000010010111100000110010000
000000000000000000000000000000000000000000000000000000000000110101101100110110011100001011000011
000000000000000000000000000000000000000000000000000000000000111011010100111111001000000110110001
000000000000000000000000000000000000000000000000000000000000101011110101010101110100011000101010
000000000000000000000000000000000000000000000000000000000000001110100010101001110110100010101111
000000000000000000000000000000000000000000000000000000000000001101100101100010100111011111101010
000000000000000000000000000000000000000000000000000000000000010011100001010010000010111011001010
000000000000000000000000000000000000000000000000000000000000001100011111001011100100001010101110
000000000000000000000000000000000000000000000000000000000000000111110011101010100011111100010110
000000000000000000000000000000000000000000000000000000000000110111100000010100100001111100110011
000000000000000000000000000000000000000000000000000000000000011010001100110110011001100101000001
000000000000000000000000000000000000000000000000000000000000111000010111000010111010011111111111
000000000000000000000000000000000000000000000000000000000000001010011001010001010000000100010110
000000000000000000000000000000000000000000000000000000000000001001000111000111001010010011011000
000000000000000000000000000000000000000000000000000000000000110110111010010010101110001111100011
000000000000000000000000000000000000000000000000000000000000101100001100000100101001110111001000
000000000000000000000000000000000000000000000000000000000000001110110111100010110100010110100010
000000000000000000000000000000000000000000000000000000000000100011001011001110010010100011000100
000000000000000000000000000000000000000000000000000000000000011010100001011001110111101001101101
000000000000000000000000000000000000000000000000000000000000111010010111000100010110110001010011
000000000000000000000000000000000000000000000000000000000000000110000010101010001100000110011011
000000000000000000000000000000000000000000000000000000000000001110100000000000001000111110010010
000000000000000000000000000000000000000000000000000000000000011110111000001000100100011010010011
000000000000000000000000000000000000000000000000000000000000110111011110110001111010000011111100
000000000000000000000000000000000000000000000000000000000000000011011101010100101110001110100111
000000000000000000000000000000000000000000000000000000000000111111101100001001101000110110101101
000000000000000000000000000000000000000000000000000000000000100100101110010111011101111010101001
000000000000000000000000000000000000000000000000000000000000000000001001011100111001000101011000
000000000000000000000000000000000000000000000000000000000000101110100001000000001110011001110010
000000000000000000000000000000000000000000000000000000000000001110011011000101001111010110000100
000000000000000000000000000000000000000000000000000000000000110011011001100111000100001101101100
000000000000000000000000000000000000000000000000000000000000000111001110000111110110100011011100
000000000000000000000000000000000000000000000000000000000000000010111010100000010110010110111010
000000000000000000000000000000000000000000000000000000000000010010001011111110001110111010000110
000000000000000000000000000000000000000000000000000000000000101001110110000000011010100001110011
000000000000000000000000000000000000000000000000000000000000010011110010110100000101001001010110
000000000000000000000000000000000000000000000000000000000000011110111110111100101010011101101101
000000000000000000000000000000000000000000000000000000000000110000110011110001000101111101100101
000000000000000000000000000000000000000000000000000000000000011001011111001001111110001010100001
000000000000000000000000000000000000000000000000000000000000111001101100011000111111011110101101
000000000000000000000000000000000000000000000000000000000000011001010010110010001111100001010011
000000000000000000000000000000000000000000000000000000000000001100010011101001010000011001101000
000000000000000000000000000000000000000000000000000000000000111010001111110110111011011111001011
000000000000000000000000000000000000000000000000000000000000111001000101001111011101100101001010
000000000000000000000000000000000000000000000000000000000000000110111101010000011110010010110001
000000000000000000000000000000000000000000000000000000000000001011101100100011100111100010110010
000000000000000000000000000000000000000000000000000000000000101000011011001101100010001000010111
000000000000000000000000000000000000000000000000000000000000010110000111011110001100000010101000
000000000000000000000000000000000000000000000000000000000000110011000001111010100110010100001000
000000000000000000000000000000000000000000000000000000000000111011011001001110111001000010100001
000000000000000000000000000000000000000000000000000000000000011000001011011110010111100110111110
000000000000000000000000000000000000000000000000000000000000110100110011001100011111011111011110
000000000000000000000000000000000000000000000000000000000000110001010101110000111010111000101101
000000000000000000000000000000000000000000000000000000000000110110001101001100100101010000011000
000000000000000000000000000000000000000000000000000000000000011001110111101111101000010010010100
000000000000000000000000000000000000000000000000000000000000111001111110011010010001100001111001
000000000000000000000000000000000000000000000000000000000000100111110010011010111001000100001101
000000000000000000000000000000000000000000000000000000000000011110001011000010101001111001111110
000000000000000000000000000000000000000000000000000000000000000110000001001100011101111100011010
000000000000000000000000000000000000000000000000000000000000101011101011111101111100010000001001
000000000000000000000000000000000000000000000000000000000000010111111011001001010000000111101101
000000000000000000000000000000000000000000000000000000000000100010111001010001000011100101111010
000000000000000000000000000000000000000000000000000000000000101011001011000000110111011111101110
000000000000000000000000000000000000000000000000000000000000101000110110110111101100100011100010
000000000000000000000000000000000000000000000000000000000000001001001101110001001001111100111111
000000000000000000000000000000000000000000000000000000000000010001111000000011100011000110001111
000000000000000000000000000000000000000000000000000000000000001100000111011100110110010000100011
000000000000000000000000000000000000000000000000000000000000011000000100100001001000111011110111
000000000000000000000000000000000000000000000000000000000000010110010011001101000111100111100110
000000000000000000000000000000000000000000000000000000000000011010111011111000100101110111100011
000000000000000000000000000000000000000000000000000000000000100100101101110100110110110110110001
000000000000000000000000000000000000000000000000000000000000010111111111000011100100101000100010
000000000000000000000000000000000000000000000000000000000000111011011010101111110110001000110010
000000000000000000000000000000000000000000000000000000000000001010111101111011010101000000101000
000000000000000000000000000000000000000000000000000000000000111111011100000011001111110000011010
000000000000000000000000000000000000000000000000000000000000111101010001001010101011011110100100
000000000000000000000000000000000000000000000000000000000000010010111001000110011110111111111100
000000000000000000000000000000000000000000000000000000000000110000101010100001000101000010000010
000000000000000000000000000000000000000000000000000000000000001000111101000111000100010110010100
000000000000000000000000000000000000000000000000000000000000111101000110100101011100111001010101
000000000000000000000000000000000000000000000000000000000000010101111001110010011110111001101001
000000000000000000000000000000000000000000000000000000000000000101010011100101100100010100110101
000000000000000000000000000000000000000000000000000000000000111010111000011010011110110010101001
000000000000000000000000000000000000000000000000000000000000011101010000001101100000011001101010
000000000000000000000000000000000000000000000000000000000000000011100111000100110100100100001100
000000000000000000000000000000000000000000000000000000000000110011011101010011010101100101010011
000000000000000000000000000000000000000000000000000000000000011111100000001011000010100011111001
000000000000000000000000000000000000000000000000000000000000001010101001100010001111100101101010
000000000000000000000000000000000000000000000000000000000000000100001101110111110001000110000111
000000000000000000000000000000000000000000000000000000000000111110100101101001001000101010110010
000000000000000000000000000000000000000000000000000000000000010000001110100001101101011000001111
000000000000000000000000000000000000000000000000000000000000000011101110011011011110111010000101
000000000000000000000000000000000000000000000000000000000000011111010001100011001101000000100010
000000000000000000000000000000000000000000000000000000000000111011010110101110100010101011000011
000000000000000000000000000000000000000000000000000000000000010001000011110111101111001010001110
000000000000000000000000000000000000000000000000000000000000101110010001011101000010001010101111
000000000000000000000000000000000000000000000000000000000000001111011110000000111111010010100001
000000000000000000000000000000000000000000000000000000000000010010110100000110001001010011010011
000000000000000000000000000000000000000000000000000000000000001000110101011010111110000001000100
000000000000000000000000000000000000000000000000000000000000000001100011000001011110010110011010
000000000000000000000000000000000000000000000000000000000000111110011100111101000110010001101010
000000000000000000000000000000000000000000000000000000000000010010110011111001101010100010011010
000000000000000000000000000000000000000000000000000000000000110111110011110111100000100010010100
000000000000000000000000000000000000000000000000000000000000101111100100010010001100010101110011
000000000000000000000000000000000000000000000000000000000000110010111011100110111101010101101110
000000000000000000000000000000000000000000000000000000000000001010101011100100111000000001111010
000000000000000000000000000000000000000000000000000000000000010111000011001001111001011010001111
000000000000000000000000000000000000000000000000000000000000011010101001111101110100111001011110
000000000000000000000000000000000000000000000000000000000000101000111101011001001100010101010000
000000000000000000000000000000000000000000000000000000000000110100011010111001101001010000011011
000000000000000000000000000000000000000000000000000000000000001011000101110110010000000110001011
000000000000000000000000000000000000000000000000000000000000011101010101110011010011110010011101
000000000000000000000000000000000000000000000000000000000000111001110000000010100001101000011011
000000000000000000000000000000000000000000000000000000000000100100001100101011010000010101110001
000000000000000000000000000000000000000000000000000000000000000100001101000000000001110101101010
000000000000000000000000000000000000000000000000000000000000010010010111111111100111001111001101
000000000000000000000000000000000000000000000000000000000000010000100101001110010110000011000010
000000000000000000000000000000000000000000000000000000000000110001100101101110101010101000010010
000000000000000000000000000000000000000000000000000000000000100110110011010111101100111100011011
000000000000000000000000000000000000000000000000000000000000101111010010011110011100101001110111
000000000000000000000000000000000000000000000000000000000000011101110101001100101111000000010011
000000000000000000000000000000000000000000000000000000000000110001100010000000101011001011101100
000000000000000000000000000000000000000000000000000000000000110001111100101101111010110111000011
000000000000000000000000000000000000000000000000000000000000000000111000001001010000000100000101
000000000000000000000000000000000000000000000000000000000000001110010001110101010100100111101110
000000000000000000000000000000000000000000000000000000000000000100001101010001000100100000111111
000000000000000000000000000000000000000000000000000000000000000100010111110111111110010110000011
000000000000000000000000000000000000000000000000000000000000110100001110100001001100011111010011
000000000000000000000000000000000000000000000000000000000000000100110100010111110001110100010101
000000000000000000000000000000000000000000000000000000000000110000010001101111011010000001100000
000000000000000000000000000000000000000000000000000000000000111010111011111101000110100111010010
000000000000000000000000000000000000000000000000000000000000011100110010001000110000111000101100
000000000000000000000000000000000000000000000000000000000000011001010001001101101010011111001001
000000000000000000000000000000000000000000000000000000000000111011111000110100100100000001010001
000000000000000000000000000000000000000000000000000000000000110101111000011011111100011110000110
000000000000000000000000000000000000000000000000000000000000110110100011111011000101011100000110
000000000000000000000000000000000000000000000000000000000000110010011010100000000011010110101101
000000000000000000000000000000000000000000000000000000000000101010011110100011000110001000000100
000000000000000000000000000000000000000000000000000000000000101110000101110001110011000000111010
000000000000000000000000000000000000000000000000000000000000101111111001000001100001110101101001
000000000000000000000000000000000000000000000000000000000000100100001111010011110010100011100110
000000000000000000000000000000000000000000000000000000000000001011101011001011001001010111101000
000000000000000000000000000000000000000000000000000000000000011111001111001101100110101000110001
000000000000000000000000000000000000000000000000000000000000100011111101101111011111000010011000
000000000000000000000000000000000000000000000000000000000000101110011000011001001101000000110001
000000000000000000000000000000000000000000000000000000000000111011011111110000100111101101100011
000000000000000000000000000000000000000000000000000000000000001001000101000111101100110000010001
000000000000000000000000000000000000000000000000000000000000100001000101011001100010010001101011
000000000000000000000000000000000000000000000000000000000000110110100101001111000101101000000000
000000000000000000000000000000000000000000000000000000000000010011110100011010001101000100011000
000000000000000000000000000000000000000000000000000000000000011001001101010111011011100000010001
000000000000000000000000000000000000000000000000000000000000000110100000100111111101110101011011
000000000000000000000000000000000000000000000000000000000000011101001011111101110111010101011100
000000000000000000000000000000000000000000000000000000000000010011101111011110010011001001010100
000000000000000000000000000000000000000000000000000000000000011011000111100110011111101011101001
000000000000000000000000000000000000000000000000000000000000101101111010000000100010110001110111
000000000000000000000000000000000000000000000000000000000000010100011110101100100001010100011111
000000000000000000000000000000000000000000000000000000000000001110010110100101011111011101111010
000000000000000000000000000000000000000000000000000000000000110100000111011100111001101010000100
000000000000000000000000000000000000000000000000000000000000101110011011010100110111000101110010
000000000000000000000000000000000000000000000000000000000000010000000001101111100011101010101110
000000000000000000000000000000000000000000000000000000000000110011010000011110101111010101001111
000000000000000000000000000000000000000000000000000000000000111101101000011101101000100000100101
000000000000000000000000000000000000000000000000000000000000011011101101101000100111100001000101
000000000000000000000000000000000000000000000000000000000000011101001000101001001010101011000111
000000000000000000000000000000000000000000000000000000000000111100000011111110000111001101011110
000000000000000000000000000000000000000000000000000000000000011101010011011110100011100000010011
000000000000000000000000000000000000000000000000000000000000111000101111000011001010011011100101
000000000000000000000000000000000000000000000000000000000000011100010111001101010101010111011011
000000000000000000000000000000000000000000000000000000000000100101100010110101110011000000110011
000000000000000000000000000000000000000000000000000000000000101000110001011000100101111111100000
000000000000000000000000000000000000000000000000000000000000011111111100000110101110010010110100
000000000000000000000000000000000000000000000000000000000000011110100101011001101000001110010100
000000000000000000000000000000000000000000000000000000000000110011001110010111111011000010010100
000000000000000000000000000000000000000000000000000000000000001001101001110111011001000110111000
000000000000000000000000000000000000000000000000000000000000011101110010010001010100011100000100
000000000000000000000000000000000000000000000000000000000000000011111001001110010001101011011010
000000000000000000000000000000000000000000000000000000000000001111010011101011001100101010001100
000000000000000000000000000000000000000000000000000000000000110001110000101101001000011001111011
000000000000000000000000000000000000000000000000000000000000111010001101001010111000110001100001
000000000000000000000000000000000000000000000000000000000000110011001011011001100011101100111001
000000000000000000000000000000000000000000000000000000000000011000111111010100111111001100101110
000000000000000000000000000000000000000000000000000000000000101010000000011111010010101111100000
000000000000000000000000000000000000000000000000000000000000011100100001101100010111000010111101
000000000000000000000000000000000000000000000000000000000000000010101100101001000110100111010010
000000000000000000000000000000000000000000000000000000000000111010111011010010001001000100110101
000000000000000000000000000000000000000000000000000000000000111100100000111111111001010000011011
000000000000000000000000000000000000000000000000000000000000000110110100100101011000100110011100
000000000000000000000000000000000000000000000000000000000000010001100101001100010001011101000101
000000000000000000000000000000000000000000000000000000000000010010100000110101111110110010010000
000000000000000000000000000000000000000000000000000000000000110001101011110001011111101001010100
000000000000000000000000000000000000000000000000000000000000000110001010100101010100000111111001
000000000000000000000000000000000000000000000000000000000000110101110100100001100001111101001011
000000000000000000000000000000000000000000000000000000000000110001000110100100000010101100010010
000000000000000000000000000000000000000000000000000000000000111011011111000010000100110101011110
000000000000000000000000000000000000000000000000000000000000101110001011010100010000100001000010
000000000000000000000000000000000000000000000000000000000000101101000001001001001010111000100000
000000000000000000000000000000000000000000000000000000000000011101011110101010001100001010110100
000000000000000000000000000000000000000000000000000000000000101011011000110011110111110011101110
000000000000000000000000000000000000000000000000000000000000011101111111111011111100010110111010
000000000000000000000000000000000000000000000000000000000000101101010100100000001110101000110001
000000000000000000000000000000000000000000000000000000000000101111011100001011100000101100001110
000000000000000000000000000000000000000000000000000000000000010100011111010001101001001111010111
000000000000000000000000000000000000000000000000000000000000001101010101010011100100000110001001
000000000000000000000000000000000000000000000000000000000000111101011101011001000001001001010101
000000000000000000000000000000000000000000000000000000000000100110000000010010010111010010110001
000000000000000000000000000000000000000000000000000000000000011111011100100011010000111011000101
000000000000000000000000000000000000000000000000000000000000111001000010011001110111010001001001
000000000000000000000000000000000000000000000000000000000000011001001100000101000101010000001100
000000000000000000000000000000000000000000000000000000000000010010010101100100111111110011010001
000000000000000000000000000000000000000000000000000000000000011010010110011100001000001101111001
000000000000000000000000000000000000000000000000000000000000011101001011110111101100100010000000
000000000000000000000000000000000000000000000000000000000000111010111001100111011001100000000001
000000000000000000000000000000000000000000000000000000000000100010011010101001110111011010011000
000000000000000000000000000000000000000000000000000000000000011111011110101101010100011110010010
000000000000000000000000000000000000000000000000000000000000010011100010100001001010010101011101
000000000000000000000000000000000000000000000000000000000000010000011100011110111100101100001110
000000000000000000000000000000000000000000000000000000000000001111111010101001010010100110111010
000000000000000000000000000000000000000000000000000000000000101101100110110001011100110111111000
000000000000000000000000000000000000000000000000000000000000000110011001001000010000011101000011
000000000000000000000000000000000000000000000000000000000000011001011001111101001111000010011101
000000000000000000000000000000000000000000000000000000000000010100111011011000111001010101001010
000000000000000000000000000000000000000000000000000000000000110110010001100011010111110101010010
000000000000000000000000000000000000000000000000000000000000110110111001110011011100001110000111
000000000000000000000000000000000000000000000000000000000000111000000101101100100110110110010010
000000000000000000000000000000000000000000000000000000000000011001000010000001001111100110111110
000000000000000000000000000000000000000000000000000000000000111101101011001100100110010011101011
000000000000000000000000000000000000000000000000000000000000110010111010101110001111110010011011
000000000000000000000000000000000000000000000000000000000000111001110111010101111110110100101011
000000000000000000000000000000000000000000000000000000000000100100111011110111001010110101111011
000000000000000000000000000000000000000000000000000000000000011011000110100100000100000000100001
000000000000000000000000000000000000000000000000000000000000001111110010101011000100110101110000
000000000000000000000000000000000000000000000000000000000000110000110011001101000000001000000111
000000000000000000000000000000000000000000000000000000000000110000011010100000101100000011011101
000000000000000000000000000000000000000000000000000000000000100111011010101110000100101100100011
000000000000000000000000000000000000000000000000000000000000010000110110011110111100111110111110
000000000000000000000000000000000000000000000000000000000000001011000010011101010110010001010111
000000000000000000000000000000000000000000000000000000000000001001111011010101001011100000010001
000000000000000000000000000000000000000000000000000000000000001001100001010110001000010111001010
000000000000000000000000000000000000000000000000000000000000001010110011111000010101011001000010
000000000000000000000000000000000000000000000000000000000000100010011011001101100111110101101000
000000000000000000000000000000000000000000000000000000000000110010110111110111000100000001000001
000000000000000000000000000000000000000000000000000000000000011100110011110101100001011101000000
000000000000000000000000000000000000000000000000000000000000001001010110110101110011110101111000
000000000000000000000000000000000000000000000000000000000000000111100101010111100100000111111110
000000000000000000000000000000000000000000000000000000000000110010000101110000110100010000000101
000000000000000000000000000000000000000000000000000000000000010011000110000011001000111110011100
000000000000000000000000000000000000000000000000000000000000110101101010010111001100100010001101
000000000000000000000000000000000000000000000000000000000000101100101001100100110001110011000111
000000000000000000000000000000000000000000000000000000000000111100001011100101001100010000111000
000000000000000000000000000000000000000000000000000000000000110100011001101110110100001110110001
000000000000000000000000000000000000000000000000000000000000011110011001111011100001100011001011
000000000000000000000000000000000000000000000000000000000000101000000110011111100101011010100100
000000000000000000000000000000000000000000000000000000000000110110100101100110110100111110111110
000000000000000000000000000000000000000000000000000000000000111111001001000111110110001011010001
000000000000000000000000000000000000000000000000000000000000111100111110110110100100000101001110
000000000000000000000000000000000000000000000000000000000000000111011110000101111000000011110101
000000000000000000000000000000000000000000000000000000000000011000000001000001010001001010111011
000000000000000000000000000000000000000000000000000000000000100101110101111111001011001100010010
000000000000000000000000000000000000000000000000000000000000110001001010111111111010001111101000
000000000000000000000000000000000000000000000000000000000000000100011001001100110001101010011000
000000000000000000000000000000000000000000000000000000000000110101011101100010001110000110000000
000000000000000000000000000000000000000000000000000000000000000100010011001100001111010000100011
000000000000000000000000000000000000000000000000000000000000111100110100000110001000001100011010
000000000000000000000000000000000000000000000000000000000000001010100010001111111100100101111110
000000000000000000000000000000000000000000000000000000000000101101100011000000101100011010001111
000000000000000000000000000000000000000000000000000000000000110110100101011010010000111111001111
000000000000000000000000000000000000000000000000000000000000000011111100101010001010110110011100
000000000000000000000000000000000000000000000000000000000000011100110111010000011011100000101110
000000000000000000000000000000000000000000000000000000000000111000100000000110011010111111001101
000000000000000000000000000000000000000000000000000000000000001100011010011011011000110010000011
000000000000000000000000000000000000000000000000000000000000101110001001101000011010100011000111
000000000000000000000000000000000000000000000000000000000000010010100000110111110111111001110110
000000000000000000000000000000000000000000000000000000000000111100110100101011010100111100001100
000000000000000000000000000000000000000000000000000000000000111010001110011101011110001101100001
000000000000000000000000000000000000000000000000000000000000010011010110110100100000110101000100
000000000000000000000000000000000000000000000000000000000000011011111100110001101101001001000101
000000000000000000000000000000000000000000000000000000000000000000100110010101101001101101010011
000000000000000000000000000000000000000000000000000000000000011011100000011101101101011001110111
000000000000000000000000000000000000000000000000000000000000010110011000110011101100111010101110
000000000000000000000000000000000000000000000000000000000000001000101000001110101100100101110001
000000000000000000000000000000000000000000000000000000000000110010000011010101100110101110100001
000000000000000000000000000000000000000000000000000000000000000110001100110111100000100111101010
000000000000000000000000000000000000000000000000000000000000101100101010011000110010000011110101
000000000000000000000000000000000000000000000000000000000000001000111000100001101011101101111010
000000000000000000000000000000000000000000000000000000000000010111111010111011111100000011000110
000000000000000000000000000000000000000000000000000000000000100011011110100010000111111111011110
000000000000000000000000000000000000000000000000000000000000111001110000111100110100101100010101
000000000000000000000000000000000000000000000000000000000000100101100000100101111000000111011111
000000000000000000000000000000000000000000000000000000000000100010111101101110111001001100100110
000000000000000000000000000000000000000000000000000000000000011010100011000100101001001011001011
000000000000000000000000000000000000000000000000000000000000110100001001111001101010100011010111
000000000000000000000000000000000000000000000000000000000000111010000110000110111000101000010010
000000000000000000000000000000000000000000000000000000000000010110010111111010010110000100100011
000000000000000000000000000000000000000000000000000000000000110110010010101000111110101001001000
000000000000000000000000000000000000000000000000000000000000101000000100010110101001001001001100
000000000000000000000000000000000000000000000000000000000000111011010110111001010101000000000000
000000000000000000000000000000000000000000000000000000000000101000110011011100110000001110010011
000000000000000000000000000000000000000000000000000000000000001011010010110101100110101111111100
000000000000000000000000000000000000000000000000000000000000111000000000000010011101001011111011
000000000000000000000000000000000000000000000000000000000000101110010100010001100101011001001010
000000000000000000000000000000000000000000000000000000000000110000001001000011000111011100111111
000000000000000000000000000000000000000000000000000000000000000100101001110011010000000010001110
000000000000000000000000000000000000000000000000000000000000010011011111010001001110010010100110
000000000000000000000000000000000000000000000000000000000000100110001001001111110000000110000000
000000000000000000000000000000000000000000000000000000000000110110011001110010011111001101101010
000000000000000000000000000000000000000000000000000000000000110100101110111110001000110011010100
000000000000000000000000000000000000000000000000000000000000010100110100111001000000011101000010
000000000000000000000000000000000000000000000000000000000000011001101100100011110110001101000111
000000000000000000000000000000000000000000000000000000000000011011001110001101011110100001000011
000000000000000000000000000000000000000000000000000000000000010111110111110100001100001100010101
000000000000000000000000000000000000000000000000000000000000001011010010000000001111101101101100
000000000000000000000000000000000000000000000000000000000000110110100010011011111011101101011100
000000000000000000000000000000000000000000000000000000000000010111001111101001011010011001010000
000000000000000000000000000000000000000000000000000000000000100010001111010110101100011111010011
000000000000000000000000000000000000000000000000000000000000010001000100111100001001100010111001
000000000000000000000000000000000000000000000000000000000000110111001100011110011100001010100100
000000000000000000000000000000000000000000000000000000000000010010011011110001010000100011011011
000000000000000000000000000000000000000000000000000000000000000111010111111000111110000101010111
000000000000000000000000000000000000000000000000000000000000110101010110001111010110111011000001
000000000000000000000000000000000000000000000000000000000000110010001110100001110001101111011111
000000000000000000000000000000000000000000000000000000000000100001000110110110101011000111000101
000000000000000000000000000000000000000000000000000000000000111000110000010000011011101010000000
000000000000000000000000000000000000000000000000000000000000000010101100000010111011011001000001
000000000000000000000000000000000000000000000000000000000000111010000100000101100010010110010011
000000000000000000000000000000000000000000000000000000000000011111001000111000100010000000101110
000000000000000000000000000000000000000000000000000000000000000110100011100110100111110011101011
000000000000000000000000000000000000000000000000000000000000001101001001101110011000101000011111
000000000000000000000000000000000000000000000000000000000000000001000010000101010100011111011101
000000000000000000000000000000000000000000000000000000000000101111100101110001101110000011010001
000000000000000000000000000000000000000000000000000000000000101111010011110011011111010101111010
000000000000000000000000000000000000000000000000000000000000000110101100111001001111100011111000
000000000000000000000000000000000000000000000000000000000000110110011111011101110110111000110010
000000000000000000000000000000000000000000000000000000000000001010100000110101000011001000101001
000000000000000000000000000000000000000000000000000000000000101010001000110000100011011000100101
000000000000000000000000000000000000000000000000000000000000000001010011010110001000110100011001
000000000000000000000000000000000000000000000000000000000000010101111011101101010010101110001100
000000000000000000000000000000000000000000000000000000000000011011010001110010101100000011000110
000000000000000000000000000000000000000000000000000000000000111111101000100010001110110001010110
000000000000000000000000000000000000000000000000000000000000101001101100110011001010000011001101
000000000000000000000000000000000000000000000000000000000000110110010110001110101001101011110011
000000000000000000000000000000000000000000000000000000000000011001101011000110111111111111111001
000000000000000000000000000000000000000000000000000000000000100111110010011001101100101001100000
000000000000000000000000000000000000000000000000000000000000100010001110100100000110011111101000
000000000000000000000000000000000000000000000000000000000000111111001111101110001110110011111111
000000000000000000000000000000000000000000000000000000000000110011011101001001011011110000011001
000000000000000000000000000000000000000000000000000000000000000110110010010101011000111111001101
000000000000000000000000000000000000000000000000000000000000001100011101011111101110110111001111
000000000000000000000000000000000000000000000000000000000000110111101001100011000001001100000001
000000000000000000000000000000000000000000000000000000000000100100001101101101000011001010010111
000000000000000000000000000000000000000000000000000000000000100011100111010001011111000000000100
000000000000000000000000000000000000000000000000000000000000011101100110100010010010100011111000
000000000000000000000000000000000000000000000000000000000000000000111111000010101100000100101100
000000000000000000000000000000000000000000000000000000000000100010111100111000000000010111111000
000000000000000000000000000000000000000000000000000000000000111111000001011010110011101111101100
000000000000000000000000000000000000000000000000000000000000110111000100010100110000100011101111
000000000000000000000000000000000000000000000000000000000000011010000110000111110110111101010111
000000000000000000000000000000000000000000000000000000000000100110001010111110100111110100000001
000000000000000000000000000000000000000000000000000000000000111111110011111010111000000101100011
000000000000000000000000000000000000000000000000000000000000011111110000100111101000001001101010
000000000000000000000000000000000000000000000000000000000000100010011111101111010001010011010010
000000000000000000000000000000000000000000000000000000000000110011000111001011010111010111011100
000000000000000000000000000000000000000000000000000000000000011000100111010110111000001101010000
000000000000000000000000000000000000000000000000000000000000011101010011100010000111100011101010
000000000000000000000000000000000000000000000000000000000000001001110001100011111110011001110001
000000000000000000000000000000000000000000000000000000000000101100000001101110001010010111110111
000000000000000000000000000000000000000000000000000000000000010001100000000100000011110101101111
000000000000000000000000000000000000000000000000000000000000100101010011101011011000111011101001
000000000000000000000000000000000000000000000000000000000000101101001110100011000000010000001110
000000000000000000000000000000000000000000000000000000000000100010111111110000100010110010111100
000000000000000000000000000000000000000000000000000000000000001111110011111001011001101110111111
000000000000000000000000000000000000000000000000000000000000100111110011111000010010010111001101
000000000000000000000000000000000000000000000000000000000000111011111111110010100001100110010001
000000000000000000000000000000000000000000000000000000000000110010011011101000101000101111001100
000000000000000000000000000000000000000000000000000000000000001110000101011000100000101010101011
000000000000000000000000000000000000000000000000000000000000101110000100001011111000100011101000
000000000000000000000000000000000000000000000000000000000000111000110011101000001010011000100011
000000000000000000000000000000000000000000000000000000000000111010101001011001111101110011100001
000000000000000000000000000000000000000000000000000000000000011010011000100011100000011111101100
000000000000000000000000000000000000000000000000000000000000111001001001110101010000101101011010
000000000000000000000000000000000000000000000000000000000000100100000101111010101111110011110110
000000000000000000000000000000000000000000000000000000000000111101000011101000110000110000011000
000000000000000000000000000000000000000000000000000000000000111111001100100010111100001111110100
000000000000000000000000000000000000000000000000000000000000010001000111000101110101001111000101
000000000000000000000000000000000000000000000000000000000000111101111010110010100101001010011101
000000000000000000000000000000000000000000000000000000000000000000001000000001010000111001110000
000000000000000000000000000000000000000000000000000000000000110101101111000001110111111001010001
000000000000000000000000000000000000000000000000000000000000110001100100100010101010111101110100
000000000000000000000000000000000000000000000000000000000000100011111000000111000100000001100111
000000000000000000000000000000000000000000000000000000000000111001111110100000100001000100010001
000000000000000000000000000000000000000000000000000000000000111111100001101000001100101111110110
000000000000000000000000000000000000000000000000000000000000011010110111100100001101000010001100
000000000000000000000000000000000000000000000000000000000000000010001100001010101000100001111011
000000000000000000000000000000000000000000000000000000000000011101010110111100100001011000100111
000000000000000000000000000000000000000000000000000000000000000101110011100110010010101001100000
000000000000000000000000000000000000000000000000000000000000101000110110111100011000001001001111
000000000000000000000000000000000000000000000000000000000000101110110111110001101001010100110110
000000000000000000000000000000000000000000000000000000000000111100101100111101011000110011011110
000000000000000000000000000000000000000000000000000000000000010101000010100010011010101011110101
000000000000000000000000000000000000000000000000000000000000101001001000011001111011111010100010
000000000000000000000000000000000000000000000000000000000000111010001100100001000001010001100100
000000000000000000000000000000000000000000000000000000000000001000000001011111010000100101001111
000000000000000000000000000000000000000000000000000000000000100011110010101010111100011000000001
000000000000000000000000000000000000000000000000000000000000011110010001111100110111010110100100
000000000000000000000000000000000000000000000000000000000000110101011000111111000010111101011001
000000000000000000000000000000000000000000000000000000000000100000001000111111110110000110100000
000000000000000000000000000000000000000000000000000000000000111111111001000001011010100000011111
000000000000000000000000000000000000000000000000000000000000010100101001010011110001110101000001
000000000000000000000000000000000000000000000000000000000000011111010110001011101001111001000100
000000000000000000000000000000000000000000000000000000000000011111000010011111000101000010100000
000000000000000000000000000000000000000000000000000000000000101101100111010001111100000110001001
000000000000000000000000000000000000000000000000000000000000011101110010100010101001010010101111
000000000000000000000000000000000000000000000000000000000000010110110011000010011101100111101101
000000000000000000000000000000000000000000000000000000000000101010010110001111111000010100001000
000000000000000000000000000000000000000000000000000000000000100101001001110010001110101011110011
000000000000000000000000000000000000000000000000000000000000111101101010101001100010101111011001
000000000000000000000000000000000000000000000000000000000000011010100010111101100111111000101100
000000000000000000000000000000000000000000000000000000000000000001001111111010000000000111111010
000000000000000000000000000000000000000000000000000000000000010011001000001010111011010000100000
000000000000000000000000000000000000000000000000000000000000100101001000100010001111110100000011
000000000000000000000000000000000000000000000000000000000000000011001011101010000010010001010111
000000000000000000000000000000000000000000000000000000000000001110110001001100001110101010110001
000000000000000000000000000000000000000000000000000000000000101100000001100100101000000111001110
000000000000000000000000000000000000000000000000000000000000001000010001001011011111001101100001
000000000000000000000000000000000000000000000000000000000000010101110100000000100000101000110000
000000000000000000000000000000000000000000000000000000000000111111100010101100110010100000011010
000000000000000000000000000000000000000000000000000000000000011101011110100111101011000011000111
000000000000000000000000000000000000000000000000000000000000000110110111111010010011100111000101
000000000000000000000000000000000000000000000000000000000000000100100001011110111001100100101110
000000000000000000000000000000000000000000000000000000000000110101010100101010000110010000010001
000000000000000000000000000000000000000000000000000000000000100100110110000111000110100011000000
000000000000000000000000000000000000000000000000000000000000101110110000000000101011110110010100
000000000000000000000000000000000000000000000000000000000000000001001101100011111001111010101110
000000000000000000000000000000000000000000000000000000000000010111010111000010110010010111010110
000000000000000000000000000000000000000000000000000000000000111100011101010011010000110101011100
000000000000000000000000000000000000000000000000000000000000011110010110110011101001101100111011
000000000000000000000000000000000000000000000000000000000000111010000100111101101001000111100010
000000000000000000000000000000000000000000000000000000000000111011110000101011100000110111111001
000000000000000000000000000000000000000000000000000000000000101011000111111110001000001110011011
000000000000000000000000000000000000000000000000000000000000000100100010101100001111100110011111
000000000000000000000000000000000000000000000000000000000000111101000111001011111110001111001111
000000000000000000000000000000000000000000000000000000000000011010110110110110000110010110111110
000000000000000000000000000000000000000000000000000000000000100000110001110010000110000010001000
000000000000000000000000000000000000000000000000000000000000001110010111111011010010110101100011
000000000000000000000000000000000000000000000000000000000000001100011101000100000001011010111100
000000000000000000000000000000000000000000000000000000000000000010011010010101001101111110100110
000000000000000000000000000000000000000000000000000000000000101110100001101001110101001000101010
000000000000000000000000000000000000000000000000000000000000100000001001111011001100011111101110
000000000000000000000000000000000000000000000000000000000000111111001011110001100001011011011001
000000000000000000000000000000000000000000000000000000000000010111100100010111111100110101101010
000000000000000000000000000000000000000000000000000000000000110011100101100101001101110011000111
000000000000000000000000000000000000000000000000000000000000101111000100110111011000111011011011
000000000000000000000000000000000000000000000000000000000000011001011010011100110011010100010011
000000000000000000000000000000000000000000000000000000000000110001010001101101010101010100010010
000000000000000000000000000000000000000000000000000000000000011001111110110111110101011011111010
000000000000000000000000000000000000000000000000000000000000101111100001101100000011010000100110
000000000000000000000000000000000000000000000000000000000000000100101100101001001100100110111011
000000000000000000000000000000000000000000000000000000000000111001001110001100011110011011001100
000000000000000000000000000000000000000000000000000000000000001000110100000001111001101100000001
000000000000000000000000000000000000000000000000000000000000011000011000010101101001001011101001
000000000000000000000000000000000000000000000000000000000000100110100011011101101110001000010010
000000000000000000000000000000000000000000000000000000000000010111111011011000000011011000000000
000000000000000000000000000000000000000000000000000000000000011100110110000110100111111100010111
000000000000000000000000000000000000000000000000000000000000000010100111010010110101011001100000
000000000000000000000000000000000000000000000000000000000000100111010111001111000000010111110101
000000000000000000000000000000000000000000000000000000000000011110001100111101111111011110011111
000000000000000000000000000000000000000000000000000000000000011010000100110101010001010110010011
000000000000000000000000000000000000000000000000000000000000000000111110001111011100110110001110
000000000000000000000000000000000000000000000000000000000000100001000100010111001101011000100110
000000000000000000000000000000000000000000000000000000000000010111000000010100111000001000111111
000000000000000000000000000000000000000000000000000000000000010101000000000111001011100111110011
000000000000000000000000000000000000000000000000000000000000000011000010010100100010110010010111
000000000000000000000000000000000000000000000000000000000000100111110100101101011011000110000001
000000000000000000000000000000000000000000000000000000000000111101101001110010010011000110011001
000000000000000000000000000000000000000000000000000000000000000010111100101010000010011101111000
000000000000000000000000000000000000000000000000000000000000011000110101110011111001110010110100
000000000000000000000000000000000000000000000000000000000000000011011110111100111001011011011000
000000000000000000000000000000000000000000000000000000000000001011010100101100011001111001000010
000000000000000000000000000000000000000000000000000000000000011001101111101010011100001111010110
000000000000000000000000000000000000000000000000000000000000100111011110010011111111100101111110
000000000000000000000000000000000000000000000000000000000000101110111101010110111010100010001101
000000000000000000000000000000000000000000000000000000000000010010110110100010110110111011010001
000000000000000000000000000000000000000000000000000000000000110110000011001000010111101101010000
000000000000000000000000000000000000000000000000000000000000011101101000010100000010010001101111
000000000000000000000000000000000000000000000000000000000000110101000011110000000001101100110011
000000000000000000000000000000000000000000000000000000000000100101101100110011010011011001011110
000000000000000000000000000000000000000000000000000000000000011011011001010011110010010111110000
000000000000000000000000000000000000000000000000000000000000010110011010100101000110111000010010
000000000000000000000000000000000000000000000000000000000000110000111011011000110001000100010111
000000000000000000000000000000000000000000000000000000000000111011101110110011110011100010110110
000000000000000000000000000000000000000000000000000000000000010100001111111001000001111010111001
000000000000000000000000000000000000000000000000000000000000000100000001111100000101101010010010
000000000000000000000000000000000000000000000000000000000000111111100001100010111111111001111110
000000000000000000000000000000000000000000000000000000000000001010001111111001000011110000011010
000000000000000000000000000000000000000000000000000000000000001101110010110011010001101000011010
000000000000000000000000000000000000000000000000000000000000001111101011111011000011111111101101
000000000000000000000000000000000000000000000000000000000000101010011101011110101011111001011110
000000000000000000000000000000000000000000000000000000000000001010010000110101000000011111000101
000000000000000000000000000000000000000000000000000000000000000101011011111010101100111010110101
000000000000000000000000000000000000000000000000000000000000100011110001101000110111100110010010
000000000000000000000000000000000000000000000000000000000000100011111111110111010010101111010111
000000000000000000000000000000000000000000000000000000000000000011000010101111100001011000100111
000000000000000000000000000000000000000000000000000000000000111010001110100110110111111000111101
000000000000000000000000000000000000000000000000000000000000011110110100100001111000110010111110
000000000000000000000000000000000000000000000000000000000000101111110111111011010100100001100001
000000000000000000000000000000000000000000000000000000000000001100111000010011001010101011000111
000000000000000000000000000000000000000000000000000000000000100110000000100001010000010100010111
000000000000000000000000000000000000000000000000000000000000001100100110011101110111000110100010
000000000000000000000000000000000000000000000000000000000000101001011100000100001100000100100111
000000000000000000000000000000000000000000000000000000000000000100000011001100101010000100011101
000000000000000000000000000000000000000000000000000000000000010101000100010100111100101100011111
000000000000000000000000000000000000000000000000000000000000110001010100001010101100010011111010
000000000000000000000000000000000000000000000000000000000000110000111010001000110100001001000100
000000000000000000000000000000000000000000000000000000000000101001001101111110010101001100011100
000000000000000000000000000000000000000000000000000000000000100111011100110000000101100011100110
000000000000000000000000000000000000000000000000000000000000101110010101010111010110000000100011
000000000000000000000000000000000000000000000000000000000000010111100111100001111000010000100110
000000000000000000000000000000000000000000000000000000000000111100111111001100111011101100110001
000000000000000000000000000000000000000000000000000000000000101010000100000010011101111001111100
000000000000000000000000000000000000000000000000000000000000001111011100101001010001111110011111
000000000000000000000000000000000000000000000000000000000000011110010010101000101011011101000000
000000000000000000000000000000000000000000000000000000000000011001011110001010000110101100010010
000000000000000000000000000000000000000000000000000000000000000001011000100100000000010000111001
000000000000000000000000000000000000000000000000000000000000011000010010001100001111111001001000
000000000000000000000000000000000000000000000000000000000000110000101000000011100100110010101101
000000000000000000000000000000000000000000000000000000000000010000100011101111011011111101111001
000000000000000000000000000000000000000000000000000000000000010001110010001001011001100101101110
000000000000000000000000000000000000000000000000000000000000001000001000111100000010010000100001
000000000000000000000000000000000000000000000000000000000000011101110010010101000000000000011011
000000000000000000000000000000000000000000000000000000000000000100110001101010000101011111111101
000000000000000000000000000000000000000000000000000000000000100001000010000010011101011111000101
000000000000000000000000000000000000000000000000000000000000101001000011000111101000111110001000
000000000000000000000000000000000000000000000000000000000000011110100011110111001010000000110111
000000000000000000000000000000000000000000000000000000000000001001011000111111101001010000110110
000000000000000000000000000000000000000000000000000000000000100001111110110000010000110010101001
000000000000000000000000000000000000000000000000000000000000110101000000101110110010111000010010
000000000000000000000000000000000000000000000000000000000000100100100011000011100110110010111010
000000000000000000000000000000000000000000000000000000000000000001011100001100010000100110111000
000000000000000000000000000000000000000000000000000000000000110011100000100110100010111110011110
000000000000000000000000000000000000000000000000000000000000111001100100011011101101011010110010
000000000000000000000000000000000000000000000000000000000000001101111110001101011011011101111010
000000000000000000000000000000000000000000000000000000000000000011011011100011100001101000100001
000000000000000000000000000000000000000000000000000000000000001010110111011111110110111001001000
000000000000000000000000000000000000000000000000000000000000001111000111111011001111100101011010
000000000000000000000000000000000000000000000000000000000000010110111010000111111100011111011001
000000000000000000000000000000000000000000000000000000000000111111001011001111011000011110011101
000000000000000000000000000000000000000000000000000000000000000111101111100010110100100011110011
000000000000000000000000000000000000000000000000000000000000000010100111110001010011001010110010
000000000000000000000000000000000000000000000000000000000000111001011100010110100101111111100100
000000000000000000000000000000000000000000000000000000000000100100000001010000010100011010011101
000000000000000000000000000000000000000000000000000000000000111011000101101001100001110100000111
000000000000000000000000000000000000000000000000000000000000001011011111101011011011000111101111
000000000000000000000000000000000000000000000000000000000000101110110100100111101100101001111100
000000000000000000000000000000000000000000000000000000000000011111001000110001010001011011001000
000000000000000000000000000000000000000000000000000000000000100010111010110111100110001110010100
000000000000000000000000000000000000000000000000000000000000010110110100111111011101100110111111
000000000000000000000000000000000000000000000000000000000000001011000010000001011000000010100101
000000000000000000000000000000000000000000000000000000000000111010010000100011100100111101110010
000000000000000000000000000000000000000000000000000000000000001111010101000111111010100110110011
000000000000000000000000000000000000000000000000000000000000011000011000100100000101100001101101
000000000000000000000000000000000000000000000000000000000000101010000111001111110000111100000011
000000000000000000000000000000000000000000000000000000000000011100000010011000001100101100010010
000000000000000000000000000000000000000000000000000000000000100100101100101011110000011101101000
000000000000000000000000000000000000000000000000000000000000111011010111101100011101010011110100
000000000000000000000000000000000000000000000000000000000000000110011001001111110110001101110000
000000000000000000000000000000000000000000000000000000000000001111001101100010110100100101001001
000000000000000000000000000000000000000000000000000000000000001000001001001001110101010001100001
000000000000000000000000000000000000000000000000000000000000110101110111111101101101100010100000
000000000000000000000000000000000000000000000000000000000000000100110011000001101101100010001111
000000000000000000000000000000000000000000000000000000000000001100100000000101010011011101000000
000000000000000000000000000000000000000000000000000000000000000110001100110000110010100010111000
000000000000000000000000000000000000000000000000000000000000001110110101000111110011110011010010
000000000000000000000000000000000000000000000000000000000000000110110010011101000100110100000000
000000000000000000000000000000000000000000000000000000000000000000011101100001110100001010101111
000000000000000000000000000000000000000000000000000000000000101110111001010101110110001111101010
000000000000000000000000000000000000000000000000000000000000101101001110100010110100011101111010
000000000000000000000000000000000000000000000000000000000000110101110101000011110100111110011100
000000000000000000000000000000000000000000000000000000000000011010101110101100100010001010011101
000000000000000000000000000000000000000000000000000000000000111000101010011101010000000010000010
000000000000000000000000000000000000000000000000000000000000100111011001110110000100111101111011
000000000000000000000000000000000000000000000000000000000000011010110110011110000100100100001000
000000000000000000000000000000000000000000000000000000000000011101011000100011111001101111011101
000000000000000000000000000000000000000000000000000000000000010100000001001011010011000101000011
000000000000000000000000000000000000000000000000000000000000100100110110111111100001101110011011
000000000000000000000000000000000000000000000000000000000000111010101111011110010100101001101011
000000000000000000000000000000000000000000000000000000000000100011000101001111100010010100000101
000000000000000000000000000000000000000000000000000000000000111001011100011101011000101101110000
000000000000000000000000000000000000000000000000000000000000011010000011110001110001110010010010
000000000000000000000000000000000000000000000000000000000000100100010110010101001011000010111001
000000000000000000000000000000000000000000000000000000000000011001100111011111111111111111000101
000000000000000000000000000000000000000000000000000000000000110000101110010110101010110000110110
000000000000000000000000000000000000000000000000000000000000001001010001011110011100011101101110
000000000000000000000000000000000000000000000000000000000000000011100001001010010111111101110100
000000000000000000000000000000000000000000000000000000000000101010010101011101111111100100101110
000000000000000000000000000000000000000000000000000000000000111100100000100111110001101111110000
000000000000000000000000000000000000000000000000000000000000110010001000101001101111111001010101
000000000000000000000000000000000000000000000000000000000000000101010100100001100101000111001110
000000000000000000000000000000000000000000000000000000000000111101011100101010101101100001111111
000000000000000000000000000000000000000000000000000000000000001101111011011010110001000001111101
000000000000000000000000000000000000000000000000000000000000010000111101010110101011100011100000
000000000000000000000000000000000000000000000000000000000000000111000100100001100011100101111101
000000000000000000000000000000000000000000000000000000000000101101011000001101100010110001101001
000000000000000000000000000000000000000000000000000000000000001011100110101000000110101000001000
000000000000000000000000000000000000000000000000000000000000110000100100101010001010111111111110
000000000000000000000000000000000000000000000000000000000000110001110011110000110010111100000010
000000000000000000000000000000000000000000000000000000000000010111010110110010011111000000101110
000000000000000000000000000000000000000000000000000000000000011000001011011011000000100011101001
000000000000000000000000000000000000000000000000000000000000000001110000101011000010111011010101
000000000000000000000000000000000000000000000000000000000000101000011111011010010010111100000101
000000000000000000000000000000000000000000000000000000000000110110110011101101010110000100001001
000000000000000000000000000000000000000000000000000000000000000000110000011001010110000101101101
000000000000000000000000000000000000000000000000000000000000100001101001110000000110100001011000
000000000000000000000000000000000000000000000000000000000000110000101101111110100010111101010000
000000000000000000000000000000000000000000000000000000000000101111101110000111011110010011000101
000000000000000000000000000000000000000000000000000000000000110001000100100001000010101011010100
000000000000000000000000000000000000000000000000000000000000000010000001110011011110000001011110
000000000000000000000000000000000000000000000000000000000000110100011110111011001110000111000000
000000000000000000000000000000000000000000000000000000000000010110111100101101000000100011001010
000000000000000000000000000000000000000000000000000000000000001011001111000110100001101001100011
000000000000000000000000000000000000000000000000000000000000110011000101101111001001000110110011
000000000000000000000000000000000000000000000000000000000000001011010000000010011000001101000010
000000000000000000000000000000000000000000000000000000000000001101001100111001001111000111010100
000000000000000000000000000000000000000000000000000000000000011011001111100110000001101000011100
000000000000000000000000000000000000000000000000000000000000111010010011010000011001111000110100
000000000000000000000000000000000000000000000000000000000000000000010010101010100011110010110011
000000000000000000000000000000000000000000000000000000000000100010110111011101000001100011110000
000000000000000000000000000000000000000000000000000000000000110111111010001011110111000110001110
000000000000000000000000000000000000000000000000000000000000110100000011010100111110111110011000
000000000000000000000000000000000000000000000000000000000000111101111011010000100000111011010010
000000000000000000000000000000000000000000000000000000000000010010111010011000010010011010110111
000000000000000000000000000000000000000000000000000000000000101010011111001000111000010100001010
000000000000000000000000000000000000000000000000000000000000000101100000101001010101010001110110
000000000000000000000000000000000000000000000000000000000000000111110110010101001110000111101100
000000000000000000000000000000000000000000000000000000000000110110001000100000000111000010010110
000000000000000000000000000000000000000000000000000000000000001011011100111011111111111001001001
000000000000000000000000000000000000000000000000000000000000001101111011000111001011101001010000
000000000000000000000000000000000000000000000000000000000000000010110011100101011100010011010100
000000000000000000000000000000000000000000000000000000000000110111101111110010110001000001010010
000000000000000000000000000000000000000000000000000000000000010011110101100101110110001011101000
000000000000000000000000000000000000000000000000000000000000000000101101110100111100101111001101
000000000000000000000000000000000000000000000000000000000000101100000011101011011100111100101110
000000000000000000000000000000000000000000000000000000000000110000000001100000100101011110101011
000000000000000000000000000000000000000000000000000000000000001110111011000100011100011111100111
000000000000000000000000000000000000000000000000000000000000000011100001100101011100000100101010
000000000000000000000000000000000000000000000000000000000000010010000111110010111100000110010011
000000000000000000000000000000000000000000000000000000000000001101110111100000001010101000001110
000000000000000000000000000000000000000000000000000000000000010100010000011010100010011111001111
000000000000000000000000000000000000000000000000000000000000000011101111110110101011000010111010
000000000000000000000000000000000000000000000000000000000000001011010011011011101011100001010110
000000000000000000000000000000000000000000000000000000000000101010100101101100111011000100000101
000000000000000000000000000000000000000000000000000000000000110101110000010101110010111101111101
000000000000000000000000000000000000000000000000000000000000010010010000110011100101001111100101
000000000000000000000000000000000000000000000000000000000000111010111101011011000111110110011100
000000000000000000000000000000000000000000000000000000000000010101011010100101011110010010110111
000000000000000000000000000000000000000000000000000000000000010100000000101101001010110011001001
000000000000000000000000000000000000000000000000000000000000010000101011001100110111100110111011
000000000000000000000000000000000000000000000000000000000000101000111100101001011111111111111011
000000000000000000000000000000000000000000000000000000000000101010000101001111010011011100000101
000000000000000000000000000000000000000000000000000000000000101000010111010000010011011010000100
000000000000000000000000000000000000000000000000000000000000011001000011000101000010011010001000
000000000000000000000000000000000000000000000000000000000000101000111011011010000101010011101011
000000000000000000000000000000000000000000000000000000000000000100100100100110000111100111001111
000000000000000000000000000000000000000000000000000000000000010000010100010111011000010101011101
000000000000000000000000000000000000000000000000000000000000111000001011101001110011111000101001
000000000000000000000000000000000000000000000000000000000000011011110011011101110100100000001101
000000000000000000000000000000000000000000000000000000000000011110001111010010100111011110110011
000000000000000000000000000000000000000000000000000000000000111100110101111001111100110010011010
000000000000000000000000000000000000000000000000000000000000110100010111100110101010010001011011
000000000000000000000000000000000000000000000000000000000000100110110001100010110011000000011101
000000000000000000000000000000000000000000000000000000000000110010110011000110010001010011110110
000000000000000000000000000000000000000000000000000000000000101001101110010001111111101011010001
000000000000000000000000000000000000000000000000000000000000101010001010111101011001000101110011
000000000000000000000000000000000000000000000000000000000000111101111101010111000000011001001101
000000000000000000000000000000000000000000000000000000000000101101011010110000101000101000010101
000000000000000000000000000000000000000000000000000000000000000001100000100111001100100000011001
000000000000000000000000000000000000000000000000000000000000001001001100010011010001001111111110
000000000000000000000000000000000000000000000000000000000000100101010111000101001111001011010010
000000000000000000000000000000000000000000000000000000000000011000000010010010111000110110100110
000000000000000000000000000000000000000000000000000000000000110000111111010011010011000110010010
000000000000000000000000000000000000000000000000000000000000000110111100001000110111000111111001
000000000000000000000000000000000000000000000000000000000000111111111010101101011111111111110001
000000000000000000000000000000000000000000000000000000000000111101000000010101111111111111100001
000000000000000000000000000000000000000000000000000000000000110010010000110001110110001101110100
000000000000000000000000000000000000000000000000000000000000000000111101110101101001100001000111
000000000000000000000000000000000000000000000000000000000000000001011011110010100101101100001100
000000000000000000000000000000000000000000000000000000000000001110010110100011100010010010000110
000000000000000000000000000000000000000000000000000000000000101001110000110111001001101010101001
000000000000000000000000000000000000000000000000000000000000001000111110100011001101001110001011
000000000000000000000000000000000000000000000000000000000000010010101011011100101111111010000011
000000000000000000000000000000000000000000000000000000000000110100011000010101111100011011101010
000000000000000000000000000000000000000000000000000000000000110100010111001100010011011111110001
000000000000000000000000000000000000000000000000000000000000111101010010001011010111110111010101
000000000000000000000000000000000000000000000000000000000000011011110010101101010001000110110101
000000000000000000000000000000000000000000000000000000000000101110011100100000111001111111001011
000000000000000000000000000000000000000000000000000000000000110001111000110001010000110111111011
000000000000000000000000000000000000000000000000000000000000000101100101110101011010010101001110
000000000000000000000000000000000000000000000000000000000000110100001110011010101001001101110110
000000000000000000000000000000000000000000000000000000000000000011100100000111000010001110111000
000000000000000000000000000000000000000000000000000000000000000111100100101101101011000110011111
000000000000000000000000000000000000000000000000000000000000110110100110010110001100100111010110
000000000000000000000000000000000000000000000000000000000000011100110000011100100011011110100110
000000000000000000000000000000000000000000000000000000000000110101101011001000110111110101100010
000000000000000000000000000000000000000000000000000000000000100001001101010101000101000010011001
000000000000000000000000000000000000000000000000000000000000101000001111000110000010010101101101
000000000000000000000000000000000000000000000000000000000000000110100000011011000100001011010101
000000000000000000000000000000000000000000000000000000000000100011111001111001010010010010011001
000000000000000000000000000000000000000000000000000000000000110111111111100010101011111110001010
000000000000000000000000000000000000000000000000000000000000001110101111111110111001101111110111
000000000000000000000000000000000000000000000000000000000000100111110101010110100001000000100010
000000000000000000000000000000000000000000000000000000000000100111010110101111101001101101000111
000000000000000000000000000000000000000000000000000000000000010011000100010100011011111111000000
000000000000000000000000000000000000000000000000000000000000100011111010011110110011011001101010
000000000000000000000000000000000000000000000000000000000000010010111111010001101011100110100100
000000000000000000000000000000000000000000000000000000000000010111110111001110001101001001001111
000000000000000000000000000000000000000000000000000000000000001000110100101000101001000000011101
000000000000000000000000000000000000000000000000000000000000100011000010110100001101110001000000
000000000000000000000000000000000000000000000000000000000000010100000000110101010011000101111000
000000000000000000000000000000000000000000000000000000000000100001000111101111001111011011111111
000000000000000000000000000000000000000000000000000000000000101111001011001000100100100101100001
000000000000000000000000000000000000000000000000000000000000000110100101110000110001111101000011
000000000000000000000000000000000000000000000000000000000000111011000010100101110000001111010100
000000000000000000000000000000000000000000000000000000000000110001001011001010100001101001101100
000000000000000000000000000000000000000000000000000000000000101110011000011000110110000010001010
000000000000000000000000000000000000000000000000000000000000101011000111011100000111010100100011
000000000000000000000000000000000000000000000000000000000000000111011011001100110000110101101101
000000000000000000000000000000000000000000000000000000000000010101100110110010100000100100001001
000000000000000000000000000000000000000000000000000000000000010010000101111111101011011000000100
000000000000000000000000000000000000000000000000000000000000111111101111110101111111100001001010
000000000000000000000000000000000000000000000000000000000000110001101011011011111100000001101010
000000000000000000000000000000000000000000000000000000000000001111000010001011001001000100001010
000000000000000000000000000000000000000000000000000000000000001110001110011000011001111010101100
000000000000000000000000000000000000000000000000000000000000111011100001010011010110101011111111
000000000000000000000000000000000000000000000000000000000000100001000001010101111100010100011100
000000000000000000000000000000000000000000000000000000000000101100110101001111010100110001100111
000000000000000000000000000000000000000000000000000000000000101010111000110011110000101000100011
000000000000000000000000000000000000000000000000000000000000000000010100001000000110101011101001
000000000000000000000000000000000000000000000000000000000000111101111000011011111001011010001101
000000000000000000000000000000000000000000000000000000000000001101010001110010011010000000110110
000000000000000000000000000000000000000000000000000000000000001011110100100100001101010111110101
000000000000000000000000000000000000000000000000000000000000011000110110111000111101000110101000
000000000000000000000000000000000000000000000000000000000000101100111010111110001010100111111000
000000000000000000000000000000000000000000000000000000000000011110111001110110111111000011101011
000000000000000000000000000000000000000000000000000000000000100001010100111000011000100001111010
000000000000000000000000000000000000000000000000000000000000101010011110010111111101001100110001
000000000000000000000000000000000000000000000000000000000000010011111010101011111000001111101000
000000000000000000000000000000000000000000000000000000000000101101001001001111001011101011011011
000000000000000000000000000000000000000000000000000000000000010011011100000111100110011011001110
000000000000000000000000000000000000000000000000000000000000100000010110010000001111011101100100
000000000000000000000000000000000000000000000000000000000000011110100001011101011111000100011110
000000000000000000000000000000000000000000000000000000000000111000100101010000101110110110110100
000000000000000000000000000000000000000000000000000000000000100110101110101010000110111110111010
000000000000000000000000000000000000000000000000000000000000010000110111110100011010010010010001
000000000000000000000000000000000000000000000000000000000000000011111100110010001110001011110010
000000000000000000000000000000000000000000000000000000000000010010001001001101111000010001000011
000000000000000000000000000000000000000000000000000000000000101110001100110111111110000110110110
000000000000000000000000000000000000000000000000000000000000011011001000101110011101111110010100
000000000000000000000000000000000000000000000000000000000000010110111000111110001011110010000111
000000000000000000000000000000000000000000000000000000000000011001110011010001101011100110110011
000000000000000000000000000000000000000000000000000000000000000011010111101010110110110001101100
000000000000000000000000000000000000000000000000000000000000111111111100001100011010010100000001
000000000000000000000000000000000000000000000000000000000000011010010100000010001111000110110111
000000000000000000000000000000000000000000000000000000000000101111110100010001101100101110011100
000000000000000000000000000000000000000000000000000000000000010111010100011111010111100100001010
000000000000000000000000000000000000000000000000000000000000000000111010101011011000101000100011
000000000000000000000000000000000000000000000000000000000000111011010001000000101010001010011110
000000000000000000000000000000000000000000000000000000000000010010111111111001000100000010000001
000000000000000000000000000000000000000000000000000000000000001011011100000111000000110000011111
000000000000000000000000000000000000000000000000000000000000101010110101110011111001010101001101
000000000000000000000000000000000000000000000000000000000000000000101111111000001011001011101011
000000000000000000000000000000000000000000000000000000000000011111111100111011000100110010011001
000000000000000000000000000000000000000000000000000000000000011010010000011101010100010001010000
000000000000000000000000000000000000000000000000000000000000000111001010110010110010110000100111
000000000000000000000000000000000000000000000000000000000000011100111101111111110010001101101111
000000000000000000000000000000000000000000000000000000000000111100011000100010101110000011111001
000000000000000000000000000000000000000000000000000000000000011001111000101010101001111010101011
000000000000000000000000000000000000000000000000000000000000110100110111010100110111001010100101
000000000000000000000000000000000000000000000000000000000000101110100001101101111011011110001000
000000000000000000000000000000000000000000000000000000000000111011000100001100001010000000110010
000000000000000000000000000000000000000000000000000000000000001011000111100001010000010001111110
000000000000000000000000000000000000000000000000000000000000011011010001100000001111010111110111
000000000000000000000000000000000000000000000000000000000000011001010010000000011110111111011001
000000000000000000000000000000000000000000000000000000000000111100001010100110101111110101101010
000000000000000000000000000000000000000000000000000000000000100100100010010100100101111111000111
000000000000000000000000000000000000000000000000000000000000001011011100001000010100110101000011
000000000000000000000000000000000000000000000000000000000000000111001011110010111101001110000111
000000000000000000000000000000000000000000000000000000000000000010111011101100010001101011100010
000000000000000000000000000000000000000000000000000000000000010001111011111101101010101101111101
000000000000000000000000000000000000000000000000000000000000001110001001111110110111001011000000
000000000000000000000000000000000000000000000000000000000000010010010011110111100110000001101100
000000000000000000000000000000000000000000000000000000000000010000000110110101011101011100001010
000000000000000000000000000000000000000000000000000000000000001101011000000100001011100011101110
000000000000000000000000000000000000000000000000000000000000001101000110001001010011010111010010
000000000000000000000000000000000000000000000000000000000000011111110010000100101001010100011000
000000000000000000000000000000000000000000000000000000000000001010000111110111111101011001000001
000000000000000000000000000000000000000000000000000000000000100100110001100001100010111000110000
000000000000000000000000000000000000000000000000000000000000010111111001101111101111001010100110
000000000000000000000000000000000000000000000000000000000000000100111011100011101100000011111011
000000000000000000000000000000000000000000000000000000000000010110011111110001000000011111011001
000000000000000000000000000000000000000000000000000000000000011010010010011010110101110010001111
000000000000000000000000000000000000000000000000000000000000001000110110000010101110001101101110
000000000000000000000000000000000000000000000000000000000000100101101010111011001100001100001111
000000000000000000000000000000000000000000000000000000000000100110100110110101010000101101000001
000000000000000000000000000000000000000000000000000000000000100111111010000010111011010110011001
000000000000000000000000000000000000000000000000000000000000110101110010001000101000100110100110
000000000000000000000000000000000000000000000000000000000000001101111110001011001110010101010010
000000000000000000000000000000000000000000000000000000000000000110000101100010101100111110010101
