110011110001010000000000101011111101000101010111110110100101000111000110110111001110010111011001
001011111010001100001010000110101111001110011111010110100101011010111001001000001001001011001110
101110000010101000100000011101101000111100001111101100110111110000110110110000011100010011011011
011000001001010000111101111110000100010010010011000101110110001100111000111000001111101111000000
100101000100101110110001010000100110011011000001001000100101000110011000001111110111100100011011
000111100000011110010010111001010010010101111011011100011010001010101000111110100010000110010011
110011100100011000000000001101100011111000101010011111110111001000110011100010010111111101000101
000101011110110001100011100110001010101100101010100011110000000100001101000110001001101101011011
010000100101000011011110010111101011011100011111100011010110010001001001010010000110111110001110
010000000110110111010110010110011011101000110011001010010011011100111111000000001101101111100100
011010100000110111000010001110110010110110111011011111011100111101111110101111011101100000011011
011011100100010111111110100010101100101100010000000010111111000001100111010111100100110010111000
010000001000101010000010111001010111001001111100000101001101101010001111010100111100000111101101
001111010010011100001010101110111100101001010111011101110010111000101011000001110100111100100011
101000001100010000101000110110010000111010110101001101111110100000111110010010001010110001110001
100001001000101100100001100110110000100001110110010001010010010110111011101000101011011010101011
010000100010100001100000100000110000010101110101101100110000000110011110111001100011100000000110
011111111001011010001010101100010101000010100100100101110010101000101100010010000101001010110100
100100111101100100100110111110110000100110100010110110000111010010110110011110111100001011111101
001010111100011110100010100010101010011110111110010010101100010110000010100110000100001110100010
100001111110111110111111010111110000110000100000100000000100101011111010110001111111100001110101
010111000000010100001001100000111001001011111000101011001111101100101000001101100101101000001001
100000011111011110101101011110111001000010111010000000010100111110101100100111100100111001111110
101001110110001010001000011111111010111100010000000100010100111010101000110011000100101100110011
011111001011100000001011000111111111101001100110110010110010001010011110100001111111000111010101
100010110000100100111001110111001100111000001000100110000000110101110011100011110111000001001001
010001001011011111110011100110101001111100100010100111111010100101100110111011111011111011101100
101011001000110101100001010001001001111101010101010101011011101010001111000110011101001111110110
100111100000000100101011111001110001100111111110010011101111000110010110101111000110010100110111
101001100010011100111000010101011110101000111100000101011001100101011011100101100100001011011010
101111110000111100101010010001101011110111100010000101110010111101000101110000010110001001100101
110000110011011110110000110010001101101011001000000001001001001101011011000011010100110111111001
101111010111110110011011110000100110010001011101000101000011101011111100000100110001111111100000
110010000010100000100000001011101100101110111100011010110010000100110001011000011110111000111111
011011010001001101111011001100110000100011010111100011100001100110001010011110001111111010010010
011001111110100110110010001100111010101010011111101000101110101111000001011111100101101100011110
011101111010010110111101000111010110011100011101101001011010000011101101111101111101011000000101
100111110001111110101111000011110001111111110010001110100101001101001111111011100111010100010011
001111001010111101110010101110101010011110100110101101011101100101010110101000001011001101101111
000011101001100010101000010010110010100100001001011110100001001000010001110110001101111010000010
100010010110001110110011011000100110010101000010100101010100010011000011100100001000010001110111
010010111111001101101101111010110010011101011011100101001101101110100011000100100000101011000010
001110001110001000001110000100011111000101010000001110000000110111100111101000111010001011001000
010000001101111101110100100000010110110100011000001000001101011011010010111011010101010100001001
010001100110101110110110100011001010011011001001011000000001011101011011111010110010011110110101
101110000001110100011010011011010010011001001100110011001011000111011001001111000000100111101110
000010111000110010000010111100000101111111000011010110001000011111010000101011010101110001111011
110110010101001111010111110010110010001110110101100001110101000111110001101110110111011000110011
110100110100100001110111100010100100111100011101101100011111101100110010110111101010101010000010
111100001101010011101111001010101101010111101001111001000011101111011101110010101010101111100010
111000000001111111111111001000111001000000010001100101110001111101111100000000001010100011110000
000100100100010010111000000001001110001001111010110111011110111110010000110000110000110101101000
001101010110111100101110001001101010111101010100001001010111100000100001110010000100101111101100
111000010100111001100110100101101010111011001000011100000011101100000110001101100001000001100010
011100010010011011001100111001110100010110100001111000000000011111110001011110000001010000111100
110110011111110100110100100100100110100111110110101011001111001011111001011101000001111101000010
000111101010011010000111001101001100011110101001011010110110010111011010000100000110100010001100
100111110000011110100011101101010111001000100100101000011001110100101010000111001111011010101101
000101100100110110101001011111101000011110011111100101001111001111100001110001110100100000001000
101111100011111001101110010110010011110010001001010111100010001111101010101100110010000000100101
001110110000001101110001011000111100101101101010110001101011100110100110000010111101001110000101
101101100100100011100011110101011101111111010010101101001011100010100011000010011101101000101111
011001000110000000101000011110001011101001110001001010001110000010100001111000001000110000111100
110011000101011100110001101011011101110010011100010010101110000110000101100100111111011010001100
100100011111010000000010011011000101111110111000011010011100010000011001010111111010001001000101
000001100110101011010111011100110111000000111101100000000111100001101110100011011000010100110100
000010001110000011000110000000000110100110000100010111110110000011111100011110010000100101110110
000010110111111010000011110101011100101111101000111001000010000000010000110100110000001010101001
001010110001100011110111000011001001001000101000001101111101101100111100110000011000110000000011
100111110000001001000001000111001000110011101100111100100101011001000101000011011111010110111001
001010011001001011011101001100001010011110100110001000110001010100000001111111000110100010000010
000011011000001001001010000101111100110000101111111111100110001101011111010000001111011011100111
110101011000000110101111010011000000101110001011100111001100110101100111001111100111111010101011
110111010011110000011100100100011101110000111001001111001100011010101101001111010111101111010011
100100110000000111110110001011101000101001111111111100100110010010001100001111111011001110001100
111011111101010100010101111001000011001101101111110101010111111011010110111000011110000111001100
000010111110010011000010101010010011111110100011111011011100000011001101110110110101011100010111
010101110010111110011010010010001001000011110100101101101101001111111010010000110011110001111111
101101110011010001000110100011100011000010110100010110001111010000110000001110101101101111110001
001010110000100101010000001000111001000000011010001111001111010010010111101111011110000010100110
101100110100101111000011100101111001011100101011110000011110101111100010110000110010111101000110
110111001000011101011100011100110100101011101111111101001111100001101110101111111110000110001000
011111100101110111001010110111110000110100110100111010110000001001101000010000110001111100010011
010110101010101011110110010010010001101101101100000000000011000101001101101110110001110010001111
010010010000001000101100000000011100101101000101110001111111001100101010111010001011101100011111
010001101101101000100011111000000000001101100101110001011000001011100000101001101000001111011101
000000010110100011111100010001011010011110010001000101011010011010110000000000000000001000000001
100010101101100111111111000110011101110001110011100001000011101101010000010111110110100111001110
010001001011001100010000101001010100111001000010100101110010011111111011010111000001101001111001
001001111101000100000001111000101000101110001000101110000110001111011100011010100010111101110101
101110100011011000011111001100111000110011010001110011100001011001001001001100100011110001001010
000100000110000111010100110110000110011000110111101110011010000010000110100010000001001000001010
011101111010101011101111100000100110100111100101110101111111010011011100000101011011000000011001
100110010001010000101100011000000110100011000011011100000000110010011001001101001100011100010010
011111000101011100011101110000001001000101010000111010000100010011001011100000101100100111011011
111000001110010010100110000101000110100100011100101001110101101101000110011111010101101010110010
111111000001011101010101101111010010110001111111101100010011001000011111101001000111010000100000
000000010000111010001111011110011010110100010110110010011010110011011011011000111111101001111001
111101101111101101101001100001100011100011000010001011001000001100010100000011111011110101101010
000111111101000111111000000000101011100111100011000000111011111111011111111101100100011110000011
101111111011010100000110011010011001001011000100111001010100101011110011110101000010100011001101
011111111101101000010001000110000101001111010010101001011101100111110001110100111111001001001100
001101000001101110111100010110111011010100000000110101011100001011000000111110110111100011110100
011010000001000101111100001010100110111110000011110111011101101000100100001111101001101100100100
110101100101101100011111100000100011100001000101110111001011101000011101010111100010110001100011
111111110101101000111011111000010000110000100111001001011011010111010100011111011010001101000101
100010111011011111010101010010011101001011111011100000010100110000000001101011111100110111001010
000011011101110111101010100001001000111000010110011011000100011001111011011001101000100000111010
110101111101111000001101011100010011101100010000110110110101100010010110100111010100110011101001
101011100100111001001000101101010111110010100101000111010101011111010101101110011111110110110101
101001110001111100011110010011001011110111011110001100001110010000000001011000010000101001110000
000110010100001000010011100011110001010110111100101001000100001000100010001011001101100000110110
010101001000011011101111111110111101110011011010110100011111011110001010001100011000010011110110
111100101000000000011011100100100011011011100011010110001110000110010111011111101001001011111111
101001101101010100011111001011111111000010001000111010101101100100001001101100101101011011111010
001110101110001000000110100101011110010101110011001110000101101010001000000111000110010101111001
100010001111101100000110111010100100000100011100100011011010011111110110100001000011000111010000
000011010010011101100000001101111010100110111011000101111100011011101101001010000001011001110011
011111101100110100010011111110111111111011100000000011001011111111110110101100100011001110010000
010000100000000000101001100100001110001111010100101000001110111011110010000101011011111101010100
101100100011110001010010100100010000001000110111010100011000010000000000100100101110110000000111
101110100101100101010111101100001111000100001011011000000111100111101111010011001100010001010111
001111011001101100001000010010110000000111000111110100100110110111010010100101010100011100101111
110011100111001010101010110000011101010110111001111110010111101101010000011101100001011010111100
011000111010011100110101100001001010101110110000110110110001101111101011000101110110110010111010
010101001110101111011010010111110001100101000110111111011111001011001000011011011011010101000001
011010001001110101001101101101110101011101101100111011001000101111010111000100110011100110101001
001001101001101111111111111000001100010010110100001001010010110010010000111001111001110011111100
000100000100101011101110111001110110001111000110111101001100010000111000100100011011111011110111
010111011111001000001110101001101101011100101100001010101011100011101001010100111110101001111010
110011011100000111010001000111100110110010010000010010100001110101111010011111001111101001111011
101100110011001110100000110100100011100100011100010101010110001101100011000101101111111110010011
111100010001110110110011100100001001001010110101100001111101111111000100000101011110111110001010
110001101010100101010011100000110000111110010100000010010100010011000100100110110101101110110111
110101011110101001000000001100111100011111101100111010110010011110111011100011111011010001010100
110011011011001111101100000101010001011001111010100101011101101000010111110000010010000111111010
001111000010000010101001000100010110011011001110000100000001010111110100010000011110001001001010
000000001001100000100101100011110101010100011011010101001111010001101000110100010000100000010000
111001111101111111010010100011100101101011001110101100001001100001010101110110110110110110010111
111010011011111001111001100000110011110011001010110010000100100011101101011111110010001001110110
110110001111111000101000000001111001001001111110111000010101111110110101010010101100110110111010
011010011100101001011001001111110111101101110101001010100000111010111001110011010011111110111101
001001101000001010110011110101001100100100000001101100011011110101001101000001001101011011010011
101110110000101010100101100001111110100110011001111111110001110110010000010101101011111011011110
111011111110111000011100000010101111000001000000101001111001110110100010101110000101110100101101
110000110111010101101001100101101010010101010101010111101001101110000010101000010001110100010011
001011111001001010100110111100001101110101111111100010011100010001000101000111010000001101011110
010001100110011011110010000101000001101110100011100000011100011111011001110110001011100001100001
000000001111101011100111111000001100100100111011000111010100100101110011010011010100101110101111
011110011011010000100100010001110000010101100111111010010110101111011101110001000100011000110010
010001100010111111100001000011100010100000100100110011000111101111001000110101110010100111100100
100111111100000110111110110000000001101101110000010111010000111111011000001010001101100100000111
011100001000000101011000100100010101110000001100001111010010100001001011011001101110100001101101
111001101101111110100011000001011110101011010100000111000000011111110000010011011011101011011000
110101010001100110100101101011100011011011010010111100001011101010001100010111100000001011001000
110101101100000010000101110111001000110000111001111110001110010011001101011111100001100001111100
000010110100110011111101011101011011010110000100011100001010011100010101100110010000001111001001
100000110100101100010101010010000100100000111010010100000110111110111001001110100011101000110101
000110110011000000010011000111101000110000000011000111100000011100101010010001011011110000011111
011110010111000010010100110011010000001110001000010111011011011100011110010110001101100011001000
000000110011011101111111011000010010001011000010000110011101011111101110010000010011101001010100
101111111010001011110110101011001101111111001001110010001010010110111110001100100011000011000001
111110111010101110011000110111110111011011000100101101110110111001101011000000010100101000010000
001111001101011101101001001111001001001010011100000111101001000101011000001001101111111111101100
000011110000011011010011000100011100010100100001001111100110110101111111110111101001110000100101
111011001011100011101011001000101100001011110110110101001001011110101010110101100000101101000000
010000000101111000100110011010111011101011011000101101101110011001100000001001101001100011110101
101100101001000111110010000000001100001010011010000001011011010101000110111110000100110101011111
010110010000110000001111111011100111011101000111011011001010011011000000101110100001100001010101
110111000110101101111010001001010000000100010110100011111111000101100110110110110101001110110001
000000100100111010101011110000010000000100101100111101001001011001111000101111000010110001011110
011100001101111001000111100010101011010101000111110100110011011000100111111011011000111010000010
110101010010111010001001100001110111111010010011111010000111100000010111111101000111101100010101
101000111110100110100010000010011010011110100001000011110110110000011000000111000100010110011101
011100010101111001010111011000001010100000001100100110101001111001000001111101001010011001101001
111010101001101111101001000101101110011001010010011111001011001001101000111111100010101110111110
111010110011101100010011111100010011111110110001101010100101000001110001101100100101000001011000
111000001010111111100010110101010001010000011001110101101011000101010101111111001111011000110101
010110100111011101101101100101000001111100100101111100100100010001010111010110011110101111001111
011101110100001110111000111111111000111100010000101110110111000001001101000101110111010011110111
010110010101100010111000100011010101111100011111000101011100110000001110011010010100000100000101
001101101011111001010110000111011010100000110000010101110011011001110111001011010111111000101000
001001100100101101110010101100110100100000011100000000000101011001101110110011111100100110111011
110001100001100100110010011000000000101010111000111000010010100101110100110111000001110110000101
101100001000110110111110110010000100000111010001101101011011011001100101101110001010100001010001
101000110001001000110111111010011010001110000010010111100111010110011101001000101101110000010111
100111100001001111110001101111101101110011100010111010111011100100101100010100011100011101100011
101011111100011001010101011011011110010110100001111101000100011110110101010000111001101000110100
000101100101111101101010000100101000101110111001010110111010011110111111100110011110010110010000
100110011110010010101100010000000111010001001001010010001101111111001101001101001011011111010110
010000110010111100110000111101000101011001010001110100011100110101111110011001010000011100101000
100001101000011000111010010011111001110001110100000111001111110011000010011111111011010101110110
111101010101100111001011110101101111000011001111010010001011001001100100000101111011010110011100
111111011101001010100001011110011000000001011001100101001001110111100100110001110100110101111100
010101101111000001000101011000000110000101101101101111010000110010000100011101000000010010001001
100010000110101111101011011001101001010101010101011110011001000111110001100001101010001101010011
111000000011010111111000101100010001001011000010111110110001010100100011010010000001100000111001
100000101101001000011110010110100010010010111110001011000000011010010001110110101101101001100110
010110000000100001000000011111010011111001100000010100101101001000001000000010011010001010011001
111010100111100110011111001001010110010100000100100000010100111110010000101110110011100100110001
