110111010100100011110010101110001111000011011100010011000011110111010101110000000011001110010011
110010000010111100100010011110100111110100001100110110011000110011001100100000000111101010000000
001010101110110000111010011010110111110010111101001110110101000010100001001110110110010010010011
010111001011000111010111101010111111111110001110010001111000110011000111101011111000010000111000
100011110000011111101001011100111101100110011010000010100011101111000100011101111011101101101001
111001101000000011010000110111111111000001111001001001000101010010110101001011010001000111000000
001101000101000111000110100111101100110111100100010100101011100010000011110011110110111110111110
011001011010110000010101111001011001010101001101010100111000001011011001011011001001011101101001
101000011010000111001001100011100111000100100100001100110111111001101110000011010100011110000000
001000001001101001001100001100100111000111111110111010110001000011001010011000100010010101001110
000110001001101000111101101111111111110001100110010110111000110000010011111101011100101111011111
110110011110101100100111010000000111110010011000100010011100000100001011011010000010101100000010
011001001101100000010100011101100101001010100001001101000000100001010010101000010001100100011011
101011001011110110110000010010001011000110101110101011001011000011100011010110111000101101001000
001110101011011010001001100011010010011000001111101011100010111010110100111000110000101100111000
100111110010011101000011001111111010011110100100001110000010001000101011111000001011100011101100
011000110000110110101010100011001011110101100011011010110101100111110101111000010111010100011101
010011010100010100000101010100011000100001000101101001100110111100101100010100011000001001110100
101111011001010111001111100011011100011110011111111110001011111011010000101000000111111010010011
001000001101111000001110000000010011000000111010010110111110011101110110011000000101001011001110
111101010011110010001011111000101111110100001011110101011010001111110111110111111000011100000000
001011001111011011100101100000000011001110011100010011111011111001111010111111011000100000101000
001110011100011110100011100101110110100111010101010100010001011000100000100111100111000110101010
011101110110011011000101101000001111001101011101000110110010100101011011000000110011001100000100
000111001100011011111111001011100010111110110101111010110110000100101110011101000111010100101010
001000010101101111100011010110101000011010001010001110111100111100111001111000000011001000001101
111110100011001100010001110100110101100100101000000001110010111111110101001000010010111001001001
110001101001111000000010010000101111101111000011110111010110100010000000000100101010001101011010
010110101110100000000111101101000100111000001100000000110100110010111110101000101101111111111101
010001001111111111011101001111000010110110010101101100110111111100010111000110011001101000000100
100010000100101110011111001010001000100011100111100111100101010100110011101111100010111001110001
110101101000101011000001101111101010000001011101000110001001000101100000101110011111111011000001
101101011011010100101111101111101001101011110001010111101111010101010101101110101111100110010101
110100101110110001100001111000001111000000110110100111110111010101000001111001101101111001101100
111011001010001010011011110100100011001000101010100001010001101101011001000011000111010100100101
001110000000110111110001001111011000010001110000010101001101111001010101110011011101000110110110
110101001111110111100001111110111110001000011101001110100101011110011110000000100110000000000100
000000101111010100011001011111100000101001100010101011010100101001001100100000001100110001101011
011011100001001000111110010101000000100000110011110010101101001010011110101100010001011010000000
100000111000101100101110010111010111001010110111111100100011001000111111101010111110000011111101
110110100010001110001010100011001010101001111111000101011110101101010001001011000100000000111101
101100011101001010111000000100110100000101101010001110001011110000011001000001001110000110101000
100011001010100111011111000101110100001110000010001011110011111110010011101101110010011010111110
101000110100011111000101101110101110000010010000010010001010111000000001000100101110011000011000
101100000010011100101100100100100001000001001011101001010100000001001001011010111100001110000011
011110011011111110110010000100101011000000111011010010011001000010110010110110010010101110101001
010000111010011001000101010111110001111000010000000001000011101011011000001110110110001001101010
010001101000100000110110001001001101001011100100101110110011110100000001011101101101001011100010
100110111010101100110110010011110100010001101001000000010110110011111110100101010000101101000011
010010110000101011110011100100111110010000111001010010011000000101001111000010000100111000011101
111100001010101001011010100111101110011101001010100100000111110000110000011000100110101011100100
011000111110010101111101000110111011111101000001010001000001010101110111000101001000000010111101
001111011110101100011001001000111110111010010000011010011110110111000001101111000101001111011011
110100010101111101010111000110110001110000000011110001010011000111100100011100011010100101010001
000011011111101110111001000011100001111110000001010100111010001111001111011110100001001111101010
101001101110011011101011110100000000110111111001111010110110100000000010111100111111100111010111
101010111001101100100100000111101111011010101101101100110011100110110101011000000111111110110100
101000100110101001010101001111100111101111000100101101010010000111011001010010010000000100000000
111101011100111110111110010001000010001000010100000010000101100011010101100110100110101110010101
010111010001011101011110100110001011000001111001001011100001001010111000001000110011001111110011
000110001000110110111100001100110100001100110101011111000111001101111001001101011101000000101111
100011111100110100111101011010011110110001000110010011111100110010001101011110001011111110110101
011110110000000111100011111001101000001000111011100110011010110100011011100111011010001101010110
110000111100110111010011000001011010000001101000101100000110111001110110011101000100111011000000
110100100000011000010101011010011011011101001101101010001110110000000001100111001010100000101100
010001101100000101101000000110000110010011010110110110000100010001001001110000010110010010110000
001000101100010110000011111110100100000011110101111100111110000000011011001110011001101101110010
001101101011100000101010110100111110010011110000101010000110010110000111010100100101011001100110
010100111110100010011111101000000011100000111011101010110011111111011110100010011001011100011000
101011111011010001001001010001101111110101101100100101001110111110111110110010111101100100111111
011000111100001101101011110111001101101111110001101101011001010110010011111100111111010110100011
101111001101001010101100111100000010000001001101110110011110110101100001111100010111000111000110
010110001100000101001011111000110010000101000011111010000101100100101000010110001110100110011001
100010111000110100111000001110101011100010111000111110010011111000011100100100101000000011101100
001101111110100010111111101010000011110010011011101100010111100010111000001001010011101000000101
011100101011110100100111010011100000100101100101111100010101100010100110100010111010000101001101
010011011110101100001110110000010010001001000010011001100010101001001000100111111100111010000110
111101011001000110011110100111100110011111110010010100011011000000110000101100000001010000111001
000100000111111011010000101001010010111010100100001001011011110101110101100010000111011101101111
000001011000000001100001100100000011100100100101100100111001011111011010010010111111111111000010
010100110001100100101110101101011010010100010001101000001011011000011011110111111000010110100111
100110010011011010001110110101100000011110111001000110001001100101011101100011110001111010101111
101101000000011110010011011011001000000100011110110100011001011011000111101000110101010011101000
110001001100010010101100100100010110001010100010011111111111101000111000110001101111110011100001
111001011011111011011011000100001100011010100101010011011101100000011010000111011100100011110110
000010010000100100110001001000100010101010011000010011110000111000011111110110011010101011111001
110010010101000010101011001011010000101001001000001000111111110011000100111111000010100011011011
011001110010111010000000010011110011000101000010011011100010110000110100000111101111111010110100
010100010100101001100010110111011001011100010001100011001010111011010010000111000011001000111001
011100010100111000101100000100100010100110100000100110100110110001001011110000010011000110011000
001101000010101111011110111110101111010101101001110000110010100000001010001001001000110111011111
001111100011101110000011110000101101111001001111011110011110111110000110110100101110100110101110
011100000101011011001001011100100010101000111000101000111111100101001010111111000010000010011011
100010100000001101100010011110101100001010111110011001101100001110111100010111110010010000000010
101000100010011001011000001101100010010000111100110101011111001101110110110100010011110110000001
101101110101010101111111111010011011010011101101001100000000001101110101011000100110110000001110
111010010001000011111101110101010111101001101111001000100011101100100000001101011011001111101111
100111111011000000111110110101000010110011000111000110000100000101000100110000111111100001010101
001011101110011111101101110101101100111100010101111100110000100101100100000101000000000010111011
100010010010110101100011111111101011110011110001110110000011001100001101001100110011011001100110
011011111100110101110001111111100010100010011011101010111000100010111001110010101101001100010110
110111100001001110010110010000101010000010010010001101000010011110010010101100010110001000011111
110101011110110100001110000011000110001011100011010110110101100010000011101111010001110111000110
111011000011000111100010110010101011010010010111011010100000000100100010101001011000100110010001
000000101011101111101100011000010101101100011010011101111101101101001010010010101100100001101000
110001111110100011111101110011011000011110000000100011111110101010111101101111000011010110011000
101101011101011011010110001110100001110110000010010101000111011101000111011111010101010010010100
010010000100010000010001100011101100101100010011000001100111001001110000001100100100011111101000
101100010000011100000101011001000001101100000000111001110011001111111100100010010010110011101010
110111110001100101111111011010110101101110100101010110000100000101000011111110000010101001101010
000000001000101110000000001010101100011101001101011000001010010010010001100100110110111110101100
100000000100110110011010100000110001111000101100110110011011000100101000100110001100110101100000
001000111001110001011111001111111011110000110100101011010100110010101111101001100100000111010100
100110100010011011111101110110101001011001110011000010100100010011011101101010101100111011000001
110011011001010111010000000010111101111101111101001110010101110001111101111100000001101000100011
100111010000010001000101011011001011011100101100011101001111000100011011000110000011001110010110
010100101101000000010000111111101011111011001100011010010011000110011000101110101001001100101000
101110000100010100000011111101011011010111010100110000001101010101010000101001111111110110000101
100011101010000110101011111111111011011110011001001100010100011101110100000101011010101001110100
100010100111100110000110110110000101010111110000110010100110001110001111100100100000010111101110
111010001100001110001111010010000000100011010101101000000000010111100000100110010101011011100110
111000011100110111101110010111001001000111001101011100110101111001001111011101101001011001111011
111001100110100000111100001110010101111001110010000001110010101001001001000010111101001100111110
100110110100001100101001101011001001011010011011001100111000001100101000010000110100011000000111
111000001111110010011100001111000101011001000110011011111100101011110000001100110111100000010100
110010011001101000010101000011000011001010101011101100010000100000000110101000110110011110110111
000101010000101010101011111011111111101100111010011011101010100001110011111100100011100110101110
111111111011011011101111110111111100011001101001010111001110001011010110101011110100101101100000
001111001101011111001010101110111010110001101010100100100001000110000011010010111011101101111101
101010111111001100010110110011110010001010000010111000100001111100010110111001111100111011010000
000110110001101100110110100111101100100000000110010101111101001001110101001000101010010111111100
011101101110100000110100111111110101110000111010111111101000101011110001100111000010101000101001
001111101110010101100001100010101011010010101101011000010110011011110011101000001000000010010001
011110111001101101111011001100101101101111101011011010111011001010010110111110101100101011000000
101001010001000101010101110001110010011001100100010110001000101000000000110011110101000111000110
101011011110111111000001110101111110011100100100110000010101010101111010111000010010011001000011
111000010100011011100000101101111010000011000010001000010101110011010100111000000111000101000001
000111010111000001111111111001111101111111110100100001100111100010011111101001011111111001110000
011100101000110110100111110110100100000111010001100110000100100011010000000110010101100010001010
100000101110000110101000111111001011000000010111111001001010100001100001110011100000011011110110
010001011111010001001011110001110010011101110000101000000000011000011110000100000100000001010010
000101000001001000100110011100010011001100001010010001001101010101001010110001100011001100010011
110101001111100111010010100011001111110101111011100101000111001000010101001100101110101010000011
111011001011110100010010011101101111101001011101011101011010100000101011101110011111100011110100
011011100101111000110101001100000010011001010001100000110101100001001001001000001010101011111000
000101100110010101001001110000110101001101010111111101001101010001000011110000110011110110010110
001101010100010010110110000110101101110000111010010000111101010010101101101111001011011111101010
001010000000010001010111011111111000100110000110110001100111011100100101010000000000000011001111
101100100110011111101111101110110001011111111100001101001111101101101111110011110110010001010001
100111111110000110000011111000000011000111100110111010000110010011001001011100001001111011011010
111100100110001011000100011000110000100101111011000101011111100111010111010110010111111111100101
101000110111000110111001010111010100011000101111000100110010001011111100010101100101011111011101
000110000111101111001001000010001011001100011110111010001001000111011100011011000100010010110001
111010010000100010011001111000100000101011000011111001101110101011101011010111110111110111010011
001101000110011011110001001010000011010100111100011101011100100000100101101111111000000100100110
011000110000001000100110000111101001010100011100110001001000000101111001011011001100010111010010
101111101110011110111000111110001101001001011111110111101100001010100011100101010110001010111000
101110100001101001101110000100111111011110001110101100101110100100001101011100001111010110110010
001111101110011010110100000111110010100101111000010110110001110100100010110101000011010111000100
001110101100011010110101101001001000101111111100111101011111101111110110000111001011110110010110
111111010000011001011111111100000011101001000110100101111110111101010100010101111010000100001000
000001010111011100100100100110101011000110010011100100000010111011101010101010000111001001000111
001000011000000011100110111000101111101100000110001001100010000111111010100110010001100001101001
100010010100101000001111011011000101010011000110100001111010000110011001000111001101000000000001
110001000001011011000111111001110000000111100011100000000110100011011000011011100000110000010001
000000011001100001110001010101100111000110000000001010000101001010000100110001100100111001110010
111000001001111000100111101100100101000110001111000111001000100110000111001010000011111000101000
110111100011001110111000000000000010000111110001110011001000001010010101000010000011000110100000
010010001100001111100111100101000001010010011100000111110111010110101100100000001101100100111111
111000110001010111100010111100100111000010111110000100011000100010001000001010101010010000110100
010111101110001100011110110001101000101010111011001011101010101000010011000010100010101111110111
011010001110011001110100001100110010100001101010100100010101110110101011011100001010101101001110
111100011011110111110001100101000100000110110100110111100110011001011001101111101101001111000101
011101000101011000110000011010011010111011111011000111001101110100101111101000100000011010111100
001110000100110011100001011001111000000011011110100011010111110010001011100100110010101010101101
101101001111011010010101001110011011100100110110111010101111011001010001001100110100000110111111
100001010100010000000011000100110010000001101110110000111001000001011000001110010001011010000010
010010010110010100010011100011111101001111000110110010010011110001111010110110011110111011011110
101001111111101010000100000001101001010101001100010000110100101110000010001101100001110010001001
011111100111011011010011000011000100010110010101100101000100110111111110100101110010110000000100
010001001101001101111111100000010001000100000110100101000110011010101010000000011100000011000001
100011000101100101011011010011111110010001011000100110110111111010011100001001111001111011110011
101101001010101011100000101010100011000010010101100011011101001100111011100110011000011101111001
110100101110001110001010001110001010101110011110000110101000110100110100100000000011110000010001
010111000111010100101100111011111110001110010101111101101111001000011111000100101001011111001011
010110100010101011110101101110101010110010001011001000000000010101010010010000100011100000011010
111110110000111010110000110011101101101010100100010111000011010000010001110011010001001001111000
001010100101001101001001011101111100001100011011001101101001000100101000100011000001110011111101
110100011011011110001110010101000001100010110001110010100010010000000001111111010001110111101100
100101001011101010110100011000110110011000000111110011110100100001111000100110001110011000000001
110011111111101000010100111101011000110110001000111100100101111010011000111111001111111000101000
101011111100010101001001001101101110001000011101110001011110100110001001011010000011100011011111
000011011100011011111110010101110100111110101111101001001000001001111111110101101010101101000010
001011011100100010110011110010111111100011010111100100001101100011101100001111111010110000111101
001010101000101110010000001010010001111110110110000000111011000011010011001100110100000010111111
001000011101111110010100001001010011000111000000011011110011100001101111001111100000110110101101
110101001010011011000100001001110101010001000010000111010010111010011111011010001101100010111011
001010110001011101100000010100101010010101010010100001001010000000000010110100100110011010101101
101111111111111101110001000100101011101100100100011101101100011100110100100010111010011000000011
101110101101101101110110111010110000011000011000101001000011001100111110001110110101000101001011
