111011000011110001011100000100100110000000000000000000000000000000000000000000000000000000000000
000110111011101001011101111101001111000000000000000000000000000000000000000000000000000000000000
100101000000111100100011111110001001000000000000000000000000000000000000000000000000000000000000
000011011111110000001010001110000110000000000000000000000000000000000000000000000000000000000000
101010100110001110110001111100111010000000000000000000000000000000000000000000000000000000000000
000100000000000100011110000110000010000000000000000000000000000000000000000000000000000000000000
000000001000010000101011110110101010000000000000000000000000000000000000000000000000000000000000
111110000111010011100001110000100100000000000000000000000000000000000000000000000000000000000000
010111110101000110011100111011100111000000000000000000000000000000000000000000000000000000000000
001100111100101100011100110001001001000000000000000000000000000000000000000000000000000000000000
110101010101110000010111111001101101000000000000000000000000000000000000000000000000000000000000
111111011110100100101101111001111110000000000000000000000000000000000000000000000000000000000000
010011101110000011101110001000111011000000000000000000000000000000000000000000000000000000000000
101110010111101000110111011001110011000000000000000000000000000000000000000000000000000000000000
111011101110111101011111100011110101000000000000000000000000000000000000000000000000000000000000
000101101010000001011110111100110100000000000000000000000000000000000000000000000000000000000000
011101110101111011010101111001101101000000000000000000000000000000000000000000000000000000000000
011111001000100010011111000001111001000000000000000000000000000000000000000000000000000000000000
011011101100111000010110111011001011000000000000000000000000000000000000000000000000000000000000
101111101010000101001101100100110100000000000000000000000000000000000000000000000000000000000000
101100110111010101010100100001010011000000000000000000000000000000000000000000000000000000000000
001100000000100010000111010110011010000000000000000000000000000000000000000000000000000000000000
000001000000000111100111000100001111000000000000000000000000000000000000000000000000000000000000
101100001111011100111101001100111011000000000000000000000000000000000000000000000000000000000000
010000011100101010010101111101010011000000000000000000000000000000000000000000000000000000000000
111111001101110001001000011110100001000000000000000000000000000000000000000000000000000000000000
001100001110100011111010100001011111000000000000000000000000000000000000000000000000000000000000
100010011110010111011000010100110100000000000000000000000000000000000000000000000000000000000000
000000010010101111010111100011100110000000000000000000000000000000000000000000000000000000000000
000011001001111101101100111000110110000000000000000000000000000000000000000000000000000000000000
111101111100011001110111000001001111000000000000000000000000000000000000000000000000000000000000
100010101011110000110011111011111111000000000000000000000000000000000000000000000000000000000000
010111000100110101100001110010111101000000000000000000000000000000000000000000000000000000000000
100010100111010011001110100111000000000000000000000000000000000000000000000000000000000000000000
101011010001010100111010000101001100000000000000000000000000000000000000000000000000000000000000
011010100011010110010101100110111100000000000000000000000000000000000000000000000000000000000000
111100100111111001100000101101000110000000000000000000000000000000000000000000000000000000000000
000110100110100101100011111001010000000000000000000000000000000000000000000000000000000000000000
100001110101110000101000010100000011000000000000000000000000000000000000000000000000000000000000
101011001101111001111101011011000111000000000000000000000000000000000000000000000000000000000000
000101001101001101011111100111010011000000000000000000000000000000000000000000000000000000000000
111100001101001111111011000010100111000000000000000000000000000000000000000000000000000000000000
000011100000111011001011101100001110000000000000000000000000000000000000000000000000000000000000
100101010001111011010111011110101100000000000000000000000000000000000000000000000000000000000000
101110010100100100001110111101000101000000000000000000000000000000000000000000000000000000000000
000101000001111011001100110110111011000000000000000000000000000000000000000000000000000000000000
001001010010111010000001001110011101000000000000000000000000000000000000000000000000000000000000
101011011100000010011001011100110011000000000000000000000000000000000000000000000000000000000000
111011111100011100110010110010110000000000000000000000000000000000000000000000000000000000000000
001011011111010111010101101010001111000000000000000000000000000000000000000000000000000000000000
010010000010100111010111100111101110000000000000000000000000000000000000000000000000000000000000
001111000010101000111011000011001100000000000000000000000000000000000000000000000000000000000000
000111010000110011000110110001110001000000000000000000000000000000000000000000000000000000000000
101000101100001100100101111100111100000000000000000000000000000000000000000000000000000000000000
000110000100011010101101101101111111000000000000000000000000000000000000000000000000000000000000
011010111101111011000111100111100110000000000000000000000000000000000000000000000000000000000000
000101001001001111100111001000000000000000000000000000000000000000000000000000000000000000000000
001110110011110110101010011001010111000000000000000000000000000000000000000000000000000000000000
010010001011001100001111001010000010000000000000000000000000000000000000000000000000000000000000
101011110000101011000111111011100100000000000000000000000000000000000000000000000000000000000000
101101101011110011111111110101001011000000000000000000000000000000000000000000000000000000000000
101101011100101001000001101011001010000000000000000000000000000000000000000000000000000000000000
010001101101110111011111101111001011000000000000000000000000000000000000000000000000000000000000
010001111011101101010010010101101000000000000000000000000000000000000000000000000000000000000000
011000001110011001010101110000110101000000000000000000000000000000000000000000000000000000000000
001001011110010111010101101101111100000000000000000000000000000000000000000000000000000000000000
110101111011111110011111100001101011000000000000000000000000000000000000000000000000000000000000
111101111111001110011101101110101010000000000000000000000000000000000000000000000000000000000000
010011000000111111000010101010010100000000000000000000000000000000000000000000000000000000000000
110110111111010110101111001100000001000000000000000000000000000000000000000000000000000000000000
110000100101001001011100110010101000000000000000000000000000000000000000000000000000000000000000
111111100111010101011011011100010010000000000000000000000000000000000000000000000000000000000000
011000111000010101000001100010001110000000000000000000000000000000000000000000000000000000000000
100010010000001000001000001111111101000000000000000000000000000000000000000000000000000000000000
011011010001101010100100110110000001000000000000000000000000000000000000000000000000000000000000
011111110011100110001001001110101001000000000000000000000000000000000000000000000000000000000000
010100011001110100100011001100111010000000000000000000000000000000000000000000000000000000000000
110000100100010100010101000111001111000000000000000000000000000000000000000000000000000000000000
100101101010100000000010001011111111000000000000000000000000000000000000000000000000000000000000
010111011010100111110000101000111011000000000000000000000000000000000000000000000000000000000000
100101001111111011110100111101111011000000000000000000000000000000000000000000000000000000000000
000101111110001101010001111111100111000000000000000000000000000000000000000000000000000000000000
110100010100100010101011110111101001000000000000000000000000000000000000000000000000000000000000
011100100001001101010100111101010001000000000000000000000000000000000000000000000000000000000000
111001100110011110101010000110011111000000000000000000000000000000000000000000000000000000000000
000001100001010101000110000111011001000000000000000000000000000000000000000000000000000000000000
101010010010010111011101101100100010000000000000000000000000000000000000000000000000000000000000
000101101001011001110001000001001010000000000000000000000000000000000000000000000000000000000000
001001011000000101011001101010100101000000000000000000000000000000000000000000000000000000000000
001011011111000100110000110111110101000000000000000000000000000000000000000000000000000000000000
010110000011100010001110011010110000000000000000000000000000000000000000000000000000000000000000
110000111010110111110100100100001110000000000000000000000000000000000000000000000000000000000000
111100111100001010111101001000010101000000000000000000000000000000000000000000000000000000000000
110011011010010100001110111011111000000000000000000000000000000000000000000000000000000000000000
101100001010001000101100110001011000000000000000000000000000000000000000000000000000000000000000
010111110111000000101000111001100010000000000000000000000000000000000000000000000000000000000000
110100110010100110010000110010101101000000000000000000000000000000000000000000000000000000000000
001110001000011011010010001001110111000000000000000000000000000000000000000000000000000000000000
011110000010001001110110111000010010000000000000000000000000000000000000000000000000000000000000
011011111000100010110010001010111011000000000000000000000000000000000000000000000000000000000000
101110110100110000010011111000010100000000000000000000000000000000000000000000000000000000000000
000010000000001011011110101110110001000000000000000000000000000000000000000000000000000000000000
100010111010100100000110000000101110000000000000000000000000000000000000000000000000000000000000
110010010010111101011101011010010101000000000000000000000000000000000000000000000000000000000000
011111100101111010100100000010000101000000000000000000000000000000000000000000000000000000000000
101101110000010010011111001001011100000000000000000000000000000000000000000000000000000000000000
000001110000011100110101000001100001000000000000000000000000000000000000000000000000000000000000
010101001111010001000101100111011101000000000000000000000000000000000000000000000000000000000000
010110101001011110000110010011001101000000000000000000000000000000000000000000000000000000000000
011000011100000100101100110001101000000000000000000000000000000000000000000000000000000000000000
110001001000010011110011001010101010000000000000000000000000000000000000000000000000000000000000
111110010000001010101011111010101101000000000000000000000000000000000000000000000000000000000000
010000000001000111011111001110111101000000000000000000000000000000000000000000000000000000000000
111011110011110000010111110110111100000000000000000000000000000000000000000000000000000000000000
110010100110111011101100110000110001000000000000000000000000000000000000000000000000000000000000
000100001111010001001100010111001011000000000000000000000000000000000000000000000000000000000000
110011110111100100001100101101000000000000000000000000000000000000000000000000000000000000000000
110001110100100110110010001011110110000000000000000000000000000000000000000000000000000000000000
010010110110011111001100001000001001000000000000000000000000000000000000000000000000000000000000
110101111011100110001101001011101010000000000000000000000000000000000000000000000000000000000000
101001110101100000101111000111101010000000000000000000000000000000000000000000000000000000000000
000100011011010100000011100010110101000000000000000000000000000000000000000000000000000000000000
111100110101000001010100101001100101000000000000000000000000000000000000000000000000000000000000
100011101010000011010110101011001110000000000000000000000000000000000000000000000000000000000000
000001001100011111111101111100001101000000000000000000000000000000000000000000000000000000000000
110100110011000010000000101010010000000000000000000000000000000000000000000000000000000000000000
001110000011101100001111100010000011000000000000000000000000000000000000000000000000000000000000
001011101100011001100100010101100000000000000000000000000000000000000000000000000000000000000000
110100001110110011010100000011110101000000000000000000000000000000000000000000000000000000000000
001000000011111001100001001111001111000000000000000000000000000000000000000000000000000000000000
000000111011110111110000111011000100000000000000000000000000000000000000000000000000000000000000
100011000101100101010010100000101010000000000000000000000000000000000000000000000000000000000000
100110111110011011110001111110101110000000000000000000000000000000000000000000000000000000000000
010011011001101110010010111101010000000000000000000000000000000000000000000000000000000000000000
100100011011010110000001101001010011000000000000000000000000000000000000000000000000000000000000
101100100111001001000111001110010100000000000000000000000000000000000000000000000000000000000000
111001001000100101010001100111000010000000000000000000000000000000000000000000000000000000000000
110010011001000010110100000010110000000000000000000000000000000000000000000000000000000000000000
110100100101001111101111111011111101000000000000000000000000000000000000000000000000000000000000
100111111101010110101101100001011000000000000000000000000000000000000000000000000000000000000000
011001001111100000010110000010111100000000000000000000000000000000000000000000000000000000000000
111110000100110001011001001010110111000000000000000000000000000000000000000000000000000000000000
000010101101111101110110100010000101000000000000000000000000000000000000000000000000000000000000
100011110000100010111101111101000110000000000000000000000000000000000000000000000000000000000000
111110010110011011110000011100000001000000000000000000000000000000000000000000000000000000000000
110100111111011000101000001110110110000000000000000000000000000000000000000000000000000000000000
110101100110111101101111011000001100000000000000000000000000000000000000000000000000000000000000
101000111010010000101010001010110100000000000000000000000000000000000000000000000000000000000000
100001110001110011000111011100101010000000000000000000000000000000000000000000000000000000000000
111011100111101011000001001001000110000000000000000000000000000000000000000000000000000000000000
100010100010101111111001100001010000000000000000000000000000000000000000000000000000000000000000
000101010101000010011111110110000111000000000000000000000000000000000000000000000000000000000000
111101110101010010000100011110010010000000000000000000000000000000000000000000000000000000000000
111110110101011000101001011101111101000000000000000000000000000000000000000000000000000000000000
111101010001100110100111111000010011000000000000000000000000000000000000000000000000000000000000
100100110000011101101100011011101101000000000000000000000000000000000000000000000000000000000000
001001001011001111000011101100110111000000000000000000000000000000000000000000000000000000000000
011110011111000101001111001101001010000000000000000000000000000000000000000000000000000000000000
011101111110110111000101010111101111000000000000000000000000000000000000000000000000000000000000
010100100000010111111101001011010110000000000000000000000000000000000000000000000000000000000000
101111100010010001100110100000111001000000000000000000000000000000000000000000000000000000000000
101101001110111101100011010101101001000000000000000000000000000000000000000000000000000000000000
111010000111001010100111101010010101000000000000000000000000000000000000000000000000000000000000
010010000010111110011010111100001011000000000000000000000000000000000000000000000000000000000000
100010000000110001111101001110100100000000000000000000000000000000000000000000000000000000000000
100100011101001101111011111111101000000000000000000000000000000000000000000000000000000000000000
010100001001101001111111100000111011000000000000000000000000000000000000000000000000000000000000
101010000101010010011010100001000001000000000000000000000000000000000000000000000000000000000000
110011111101010100111110110001110111000000000000000000000000000000000000000000000000000000000000
111101111111110101100000001111001111000000000000000000000000000000000000000000000000000000000000
001011001000101110000100001100010101000000000000000000000000000000000000000000000000000000000000
011000110110010001001101110101100111000000000000000000000000000000000000000000000000000000000000
111010101101000000111100010010001101000000000000000000000000000000000000000000000000000000000000
100011000110011001011011001010000110000000000000000000000000000000000000000000000000000000000000
010111001011010001110011100101110101000000000000000000000000000000000000000000000000000000000000
010111101000100011110001101101110111000000000000000000000000000000000000000000000000000000000000
111000110010011000110100010010110100000000000000000000000000000000000000000000000000000000000000
101111000010000000100101100101110010000000000000000000000000000000000000000000000000000000000000
110010010010111101110001111011011000000000000000000000000000000000000000000000000000000000000000
001110001101000000001100011001010000000000000000000000000000000000000000000000000000000000000000
110000100010111011100101101011100101000000000000000000000000000000000000000000000000000000000000
000100111011011101000111010101010010000000000000000000000000000000000000000000000000000000000000
101100010000000111100010110101111001000000000000000000000000000000000000000000000000000000000000
100011001100110110100011010001110111000000000000000000000000000000000000000000000000000000000000
100111011100011111101101101100110101000000000000000000000000000000000000000000000000000000000000
101110010101000011000101110010101110000000000000000000000000000000000000000000000000000000000000
001111000010000101101101101011100010000000000000000000000000000000000000000000000000000000000000
001010011011000000001010100011110011000000000000000000000000000000000000000000000000000000000000
111001110100000100101111011101110011000000000000000000000000000000000000000000000000000000000000
100101111100010001111110000010001001000000000000000000000000000000000000000000000000000000000000
000000100001100000011001010110001001000000000000000000000000000000000000000000000000000000000000
011000011100001011111111101100101101000000000000000000000000000000000000000000000000000000000000
010101100101100101001000001100110101000000000000000000000000000000000000000000000000000000000000
011001000011010100010110011000111001000000000000000000000000000000000000000000000000000000000000
100010111111001011011001110101101100000000000000000000000000000000000000000000000000000000000000
011100001100101001011110010001100100000000000000000000000000000000000000000000000000000000000000
100101100011111001010100111110100111000000000000000000000000000000000000000000000000000000000000
100001111110000000110110100000011001000000000000000000000000000000000000000000000000000000000000
011001100001111110000111100010101010000000000000000000000000000000000000000000000000000000000000
110111011000111001101010001101010010000000000000000000000000000000000000000000000000000000000000
100100110010110011101110100010010101000000000000000000000000000000000000000000000000000000000000
011110011100110000010011000100000111000000000000000000000000000000000000000000000000000000000000
010110000110110101111101001100011100000000000000000000000000000000000000000000000000000000000000
010010011101000001111000100111111011000000000000000000000000000000000000000000000000000000000000
100110010010110101011101001101000001000000000000000000000000000000000000000000000000000000000000
011010111010100001100111001010000010000000000000000000000000000000000000000000000000000000000000
010010010100110111000011100010010101000000000000000000000000000000000000000000000000000000000000
100111010100010011000000111100010010000000000000000000000000000000000000000000000000000000000000
011011000001100110101110001000010110000000000000000000000000000000000000000000000000000000000000
010010001011010010001010000000010100000000000000000000000000000000000000000000000000000000000000
111110000101110001001100100100010000000000000000000000000000000000000000000000000000000000000000
110000110111001101100001000111101011000000000000000000000000000000000000000000000000000000000000
000110110010001111000000101101011111000000000000000000000000000000000000000000000000000000000000
110101100101110000111100111011010000000000000000000000000000000000000000000000000000000000000000
101100101110011100011101101101100010000000000000000000000000000000000000000000000000000000000000
110011101001101111010000101100101001000000000000000000000000000000000000000000000000000000000000
100101011001111001010100110101110010000000000000000000000000000000000000000000000000000000000000
101010001001011000101101111110000101000000000000000000000000000000000000000000000000000000000000
101010010011111100011111101101010010000000000000000000000000000000000000000000000000000000000000
111100110010000001111001011110001001000000000000000000000000000000000000000000000000000000000000
110000000100011100100001111001101110000000000000000000000000000000000000000000000000000000000000
100011001000011110111101111000001011000000000000000000000000000000000000000000000000000000000000
101001010000101110100010000110100010000000000000000000000000000000000000000000000000000000000000
011001110110101100101000111111010010000000000000000000000000000000000000000000000000000000000000
110001111110000101101100111100000000000000000000000000000000000000000000000000000000000000000000
100000100110100000110010011011101010000000000000000000000000000000000000000000000000000000000000
010010001001110110101000101011000010000000000000000000000000000000000000000000000000000000000000
011010100000100001110110001101111001000000000000000000000000000000000000000000000000000000000000
101100001110111000101111011111000101000000000000000000000000000000000000000000000000000000000000
010111101111111001010101111001111010000000000000000000000000000000000000000000000000000000000000
111000111100100100010001111011110100000000000000000000000000000000000000000000000000000000000000
010111111001001011100110001110010100000000000000000000000000000000000000000000000000000000000000
110101000000011001100011001111010010000000000000000000000000000000000000000000000000000000000000
011101100101101010000101101010000111000000000000000000000000000000000000000000000000000000000000
011010110100010100101010100011111101000000000000000000000000000000000000000000000000000000000000
111110010110110001011101000111011011000000000000000000000000000000000000000000000000000000000000
100010110111100100100010011111000101000000000000000000000000000000000000000000000000000000000000
111001100101001111011011101010101000000000000000000000000000000000000000000000000000000000000000
001011101000111010111011100010011000000000000000000000000000000000000000000000000000000000000000
000101110100011011001000000010110111000000000000000000000000000000000000000000000000000000000000
011011111000111100101010100110111100000000000000000000000000000000000000000000000000000000000000
010111000010110000111001000100110100000000000000000000000000000000000000000000000000000000000000
000011010001010101000110101101110100000000000000000000000000000000000000000000000000000000000000
000111000000110000101111110100111000000000000000000000000000000000000000000000000000000000000000
001011000101000011011101001011000110000000000000000000000000000000000000000000000000000000000000
100010010000101111011001000000001001000000000000000000000000000000000000000000000000000000000000
111111011101101101100001001111110110000000000000000000000000000000000000000000000000000000000000
111000110101010110110111111001110100000000000000000000000000000000000000000000000000000000000000
011001101001111111110110110010101100000000000000000000000000000000000000000000000000000000000000
101011100101001011100110101000101001000000000000000000000000000000000000000000000000000000000000
000110011111100111100111001110010100000000000000000000000000000000000000000000000000000000000000
000110011001111101101110110010111101000000000000000000000000000000000000000000000000000000000000
011100110100101111000100101010011100000000000000000000000000000000000000000000000000000000000000
011100111101010010001001001101101100000000000000000000000000000000000000000000000000000000000000
110101011100011100001101011000100001000000000000000000000000000000000000000000000000000000000000
111011100010111000001101000000010000000000000000000000000000000000000000000000000000000000000000
111010011101001011011100011011001110000000000000000000000000000000000000000000000000000000000000
110000000100111111110001010111110001000000000000000000000000000000000000000000000000000000000000
110111110011000011010101011101101101000000000000000000000000000000000000000000000000000000000000
111100011101000011101100000100000110000000000000000000000000000000000000000000000000000000000000
000010101110010111001011000001010100000000000000000000000000000000000000000000000000000000000000
011011110101000001010001001000010110000000000000000000000000000000000000000000000000000000000000
101111000000110111011111110011011011000000000000000000000000000000000000000000000000000000000000
001110000110011010000101000011101101000000000000000000000000000000000000000000000000000000000000
100101011010110101110111001110101010000000000000000000000000000000000000000000000000000000000000
101001111101111111011111111011100100000000000000000000000000000000000000000000000000000000000000
100100000111101101101111001100100011000000000000000000000000000000000000000000000000000000000000
110101011111111011101000010010010001000000000000000000000000000000000000000000000000000000000000
101100111000101000010111001000101011000000000000000000000000000000000000000000000000000000000000
100000010010110101000100001001001110000000000000000000000000000000000000000000000000000000000000
110010011100100111001000011100011111000000000000000000000000000000000000000000000000000000000000
111001110001000111110011110000100000000000000000000000000000000000000000000000000000000000000000
001011010000010111000101101100100010000000000000000000000000000000000000000000000000000000000000
110001111110000010001011000100100111000000000000000000000000000000000000000000000000000000000000
101011010010001010000101110001001010000000000000000000000000000000000000000000000000000000000000
110010010100111011111111010100110000000000000000000000000000000000000000000000000000000000000000
000100111011011011100010000110001001000000000000000000000000000000000000000000000000000000000000
001011101001000001111000111110000111000000000000000000000000000000000000000000000000000000000000
101110110011101010000100010010111111000000000000000000000000000000000000000000000000000000000000
001000110110000111110111011111111101000000000000000000000000000000000000000000000000000000000000
111010100011101001011000001101011001000000000000000000000000000000000000000000000000000000000000
101101110001010111101010101111110111000000000000000000000000000000000000000000000000000000000000
011100101011111001010010011100011101000000000000000000000000000000000000000000000000000000000000
110010001100110011110100111111111001000000000000000000000000000000000000000000000000000000000000
101011011110001111111110101000011011000000000000000000000000000000000000000000000000000000000000
101101100101100001010000110100001000000000000000000000000000000000000000000000000000000000000000
110100000100111010001111111111010001000000000000000000000000000000000000000000000000000000000000
010101011001000011001100010010011010000000000000000000000000000000000000000000000000000000000000
000001001100111011001100110011000001000000000000000000000000000000000000000000000000000000000000
011001110101110110010111010100101110000000000000000000000000000000000000000000000000000000000000
011001100101010111011001111101100010000000000000000000000000000000000000000000000000000000000000
000100011100100001101111100001100000000000000000000000000000000000000000000000000000000000000000
000111110000110011001001011010111111000000000000000000000000000000000000000000000000000000000000
100000111111000000111010011011110101000000000000000000000000000000000000000000000000000000000000
000111001011000011110010011110010010000000000000000000000000000000000000000000000000000000000000
100111110000110111010110000111110110000000000000000000000000000000000000000000000000000000000000
011001101101000011101001110100011000000000000000000000000000000000000000000000000000000000000000
001111000101010101101010110110000010000000000000000000000000000000000000000000000000000000000000
101010100111010010001110000100101000000000000000000000000000000000000000000000000000000000000000
110110111001110010111000000000011110000000000000000000000000000000000000000000000000000000000000
001110110100000111111100010100101001000000000000000000000000000000000000000000000000000000000000
100100111111100111001101111001111100000000000000000000000000000000000000000000000000000000000000
000100010010111000100000111001011011000000000000000000000000000000000000000000000000000000000000
011001111101001101100101100000001011000000000000000000000000000000000000000000000000000000000000
010100101010010100100000010101100010000000000000000000000000000000000000000000000000000000000000
110001111100100101010001111001101100000000000000000000000000000000000000000000000000000000000000
010000100101110111100011100101011001000000000000000000000000000000000000000000000000000000000000
010101101111110001000000101100001111000000000000000000000000000000000000000000000000000000000000
000100110100000111100010010001001000000000000000000000000000000000000000000000000000000000000000
101001010111101101001100010100011111000000000000000000000000000000000000000000000000000000000000
010111000110100011000001001100101001000000000000000000000000000000000000000000000000000000000000
110100000111010001001000111111111100000000000000000000000000000000000000000000000000000000000000
101010011000010001110011101011101101000000000000000000000000000000000000000000000000000000000000
100011100000100101000001111101111100000000000000000000000000000000000000000000000000000000000000
100010001111010011100010101100011011000000000000000000000000000000000000000000000000000000000000
010110100000101110100101001011111111000000000000000000000000000000000000000000000000000000000000
100000010010011101001011001111101101000000000000000000000000000000000000000000000000000000000000
010111100010001010010011011011011000000000000000000000000000000000000000000000000000000000000000
011111111101100010010011100101110000000000000000000000000000000000000000000000000000000000000000
101101001111101100001000101010001100000000000000000000000000000000000000000000000000000000000000
001011100001110010101010110111001011000000000000000000000000000000000000000000000000000000000000
000101001100100111111111110101000010000000000000000000000000000000000000000000000000000000000000
011111110010111110101101101001101011000000000000000000000000000000000000000000000000000000000000
110101111101000010011111001101111000000000000000000000000000000000000000000000000000000000000000
101000011000111000110011011111101010000000000000000000000000000000000000000000000000000000000000
011101000011100010111100000011000101000000000000000000000000000000000000000000000000000000000000
110011011101101000000110100010100110000000000000000000000000000000000000000000000000000000000000
001111111010001010110000000000011100000000000000000000000000000000000000000000000000000000000000
110010000001110011010010010000010101000000000000000000000000000000000000000000000000000000000000
010001101111111000101011100111100001000000000000000000000000000000000000000000000000000000000000
001001101101110110010101111110000111000000000000000000000000000000000000000000000000000000000000
000000110000000100110110101010101010000000000000000000000000000000000000000000000000000000000000
111010101111100110011011100000010010000000000000000000000000000000000000000000000000000000000000
001010100000110101100100010110100101000000000000000000000000000000000000000000000000000000000000
000011000001000110100111101010001100000000000000000000000000000000000000000000000000000000000000
010001001011101011000100111000110101000000000000000000000000000000000000000000000000000000000000
001010001010011100110111001000101100000000000000000000000000000000000000000000000000000000000000
010100110101100011010101001001000101000000000000000000000000000000000000000000000000000000000000
100011001110100101111111011000110010000000000000000000000000000000000000000000000000000000000000
100110011001011011011111001001110001000000000000000000000000000000000000000000000000000000000000
010010111001000110000100110101101100000000000000000000000000000000000000000000000000000000000000
101111100110000000110101000101000110000000000000000000000000000000000000000000000000000000000000
110010001110011011010000100111010100000000000000000000000000000000000000000000000000000000000000
010101100100001110110000100100110000000000000000000000000000000000000000000000000000000000000000
100010110111101100011110111111111000000000000000000000000000000000000000000000000000000000000000
000100111101011001001111101100111110000000000000000000000000000000000000000000000000000000000000
010001101110010111001100000000110101000000000000000000000000000000000000000000000000000000000000
011010011101000111111110001100000010000000000000000000000000000000000000000000000000000000000000
110000011001011001001001011011110100000000000000000000000000000000000000000000000000000000000000
111100110110000101110100101111110101000000000000000000000000000000000000000000000000000000000000
000011110111000000010000100011010110000000000000000000000000000000000000000000000000000000000000
100001100010011001011001011100010110000000000000000000000000000000000000000000000000000000000000
010001001001110100110010000101010010000000000000000000000000000000000000000000000000000000000000
100101000001100001011100111001010111000000000000000000000000000000000000000000000000000000000000
010111001010011100011100111110110001000000000000000000000000000000000000000000000000000000000000
011101101010011100000101110111100011000000000000000000000000000000000000000000000000000000000000
001011110001100111100100010001011011000000000000000000000000000000000000000000000000000000000000
110000100101011110100101010100110011000000000000000000000000000000000000000000000000000000000000
000001011111100110000001001100010100000000000000000000000000000000000000000000000000000000000000
101000111101101011101111100111011110000000000000000000000000000000000000000000000000000000000000
111100101010110000110101010000000101000000000000000000000000000000000000000000000000000000000000
111011101100010111110000001010001111000000000000000000000000000000000000000000000000000000000000
011000011000011101111100100001110110000000000000000000000000000000000000000000000000000000000000
001101101011111111011101000011101100000000000000000000000000000000000000000000000000000000000000
001110000000100100101000100100111100000000000000000000000000000000000000000000000000000000000000
010101000000110001001000111110111110000000000000000000000000000000000000000000000000000000000000
100111111100110001001110101100010010000000000000000000000000000000000000000000000000000000000000
111101101000110010001100001001001000000000000000000000000000000000000000000000000000000000000000
011101111010100111110011100111100001000000000000000000000000000000000000000000000000000000000000
010011100011001000101111000110111111000000000000000000000000000000000000000000000000000000000000
001110011000010000101100000110000011000000000000000000000000000000000000000000000000000000000000
100000100010001001101100001110111000000000000000000000000000000000000000000000000000000000000000
101100011010010100010100000110011101000000000000000000000000000000000000000000000000000000000000
000100101000000100111101110100010011000000000000000000000000000000000000000000000000000000000000
101010000000111110111101100110100010000000000000000000000000000000000000000000000000000000000000
000100010001000010111001001101010000000000000000000000000000000000000000000000000000000000000000
111010010000010101000100011011111100000000000000000000000000000000000000000000000000000000000000
000001001000011100011010010000110000000000000000000000000000000000000000000000000000000000000000
001110011101101011001001101000110101000000000000000000000000000000000000000000000000000000000000
111010101011000000101110101111000010000000000000000000000000000000000000000000000000000000000000
000100110010001010001011110101110100000000000000000000000000000000000000000000000000000000000000
110110101101000101001001100101011100000000000000000000000000000000000000000000000000000000000000
001010001011010001011111011010000110000000000000000000000000000000000000000000000000000000000000
110001010001110000000011110110111110000000000000000000000000000000000000000000000000000000000000
000001010100110111100111100110101011000000000000000000000000000000000000000000000000000000000000
100010000111111000111100110001011101000000000000000000000000000000000000000000000000000000000000
111000010110100111100000100111101010000000000000000000000000000000000000000000000000000000000000
011100110101001011110001101111101100000000000000000000000000000000000000000000000000000000000000
001010001111000100010001100110101100000000000000000000000000000000000000000000000000000000000000
101101111100110110101110001111110011000000000000000000000000000000000000000000000000000000000000
111001101101101100010011101010110100000000000000000000000000000000000000000000000000000000000000
110011010100001001011111011011011000000000000000000000000000000000000000000000000000000000000000
011010001011111110110111010000110111000000000000000000000000000000000000000000000000000000000000
100111110101111000111111100110010101000000000000000000000000000000000000000000000000000000000000
001010101000110011100100001011011000000000000000000000000000000000000000000000000000000000000000
110111000100011000000110110011110011000000000000000000000000000000000000000000000000000000000000
100100110101100010100010010011010100000000000000000000000000000000000000000000000000000000000000
001001100001000110011001001011101111000000000000000000000000000000000000000000000000000000000000
001101011001000000111011111101111011000000000000000000000000000000000000000000000000000000000000
101100000011010111110101111110111101000000000000000000000000000000000000000000000000000000000000
101100101010101010001011011010010101000000000000000000000000000000000000000000000000000000000000
111101010101010001101100101100010000000000000000000000000000000000000000000000000000000000000000
000111011111001001111101100011010111000000000000000000000000000000000000000000000000000000000000
101000100000110000010011011010111101000000000000000000000000000000000000000000000000000000000000
101101111000010011001100011011110100000000000000000000000000000000000000000000000000000000000000
110111100000111110000000001001100110000000000000000000000000000000000000000000000000000000000000
100101100111100111111001110001100110000000000000000000000000000000000000000000000000000000000000
000101010011001011011001011011110001000000000000000000000000000000000000000000000000000000000000
110000101101111110000001110000100000000000000000000000000000000000000000000000000000000000000000
101110001010110101110010001110110100000000000000000000000000000000000000000000000000000000000000
110010010001000010010011111100110111000000000000000000000000000000000000000000000000000000000000
001100101001111111000100100110100111000000000000000000000000000000000000000000000000000000000000
001100000111100101110001110000010011000000000000000000000000000000000000000000000000000000000000
111001001011101111011011111010110101000000000000000000000000000000000000000000000000000000000000
000111110001111100110010011001011011000000000000000000000000000000000000000000000000000000000000
110111000101101001000011110000110000000000000000000000000000000000000000000000000000000000000000
110000011001111010111110001011000011000000000000000000000000000000000000000000000000000000000000
000101001101110111110100100001000000000000000000000000000000000000000000000000000000000000000000
101111010000011111111101010111100011000000000000000000000000000000000000000000000000000000000000
011111011100001010010101101000111011000000000000000000000000000000000000000000000000000000000000
101010111100011100001101111111010110000000000000000000000000000000000000000000000000000000000000
001110100111011110011001000110011101000000000000000000000000000000000000000000000000000000000000
011110101000010101000010111011001101000000000000000000000000000000000000000000000000000000000000
010000001011110100000000101001000000000000000000000000000000000000000000000000000000000000000000
000111110110110101100000010000100010000000000000000000000000000000000000000000000000000000000000
101101111011011000011111011100110000000000000000000000000000000000000000000000000000000000000000
011010001011100011000110001011010110000000000000000000000000000000000000000000000000000000000000
110000101111000001101010001111001111000000000000000000000000000000000000000000000000000000000000
100011110010000100000110100111100111000000000000000000000000000000000000000000000000000000000000
110010111001000001001111111110011001000000000000000000000000000000000000000000000000000000000000
110111101010010100100100001010111011000000000000000000000000000000000000000000000000000000000000
010101001010100010001011000001001011000000000000000000000000000000000000000000000000000000000000
001100111000101111101100100000100101000000000000000000000000000000000000000000000000000000000000
111110010101011010011110101101011010000000000000000000000000000000000000000000000000000000000000
111010000110010000000100100000001010000000000000000000000000000000000000000000000000000000000000
000010100010111100001010011100111010000000000000000000000000000000000000000000000000000000000000
001011010111000111001011010011101011000000000000000000000000000000000000000000000000000000000000
011110010001100110000101111110101100000000000000000000000000000000000000000000000000000000000000
111001001001000110110100111100010110000000000000000000000000000000000000000000000000000000000000
100111000110010100010010111111110101000000000000000000000000000000000000000000000000000000000000
100100010001111100010111001010000000000000000000000000000000000000000000000000000000000000000000
110100001100101110100001101001010001000000000000000000000000000000000000000000000000000000000000
000010010010111110101111111110111100000000000000000000000000000000000000000000000000000000000000
001100101000100110011001011111110110000000000000000000000000000000000000000000000000000000000000
110011010100100001111110111111000100000000000000000000000000000000000000000000000000000000000000
100011011100101010111100100100011000000000000000000000000000000000000000000000000000000000000000
010010101100100111001100000100001000000000000000000000000000000000000000000000000000000000000000
000010000101010010011000010010011101000000000000000000000000000000000000000000000000000000000000
000001100010110010111011010011000100000000000000000000000000000000000000000000000000000000000000
100011110100011101100001000110000010000000000000000000000000000000000000000000000000000000000000
010100000011111110001110010100000100000000000000000000000000000000000000000000000000000000000000
101001011110100101110010011101110110000000000000000000000000000000000000000000000000000000000000
111111011101100001101110101110011001000000000000000000000000000000000000000000000000000000000000
110001011111001101101011001001000100000000000000000000000000000000000000000000000000000000000000
000110000001011100110000111010111000000000000000000000000000000000000000000000000000000000000000
011001011000110111111110011001000011000000000000000000000000000000000000000000000000000000000000
010011110100010101011001101000110000000000000000000000000000000000000000000000000000000000000000
110111010011001100101110111001111110000000000000000000000000000000000000000000000000000000000000
001011111101111100001101011100110010000000000000000000000000000000000000000000000000000000000000
011011100001100111110011000010110110000000000000000000000000000000000000000000000000000000000000
001100011110101111011110010101100101000000000000000000000000000000000000000000000000000000000000
111111001110110001000011110101111010000000000000000000000000000000000000000000000000000000000000
110101111101001010010001101100001001000000000000000000000000000000000000000000000000000000000000
010001010110110110110100001001111001000000000000000000000000000000000000000000000000000000000000
101101101000001100011110000101111010000000000000000000000000000000000000000000000000000000000000
111110101000100111011101110011010101000000000000000000000000000000000000000000000000000000000000
000010010110000100001101000000101000000000000000000000000000000000000000000000000000000000000000
100000000111101110100111011100011001000000000000000000000000000000000000000000000000000000000000
100010010000001110010100011001100011000000000000000000000000000000000000000000000000000000000000
000111100110101100011010010100001101000000000000000000000000000000000000000000000000000000000000
011111100010001011101100111100110100000000000000000000000000000000000000000000000000000000000000
011010011111000001011100110101100100000000000000000000000000000000000000000000000000000000000000
011011100011000001101001110100111101000000000000000000000000000000000000000000000000000000000000
000000011100010000101111111100000110000000000000000000000000000000000000000000000000000000000000
010101010000111011011001111111100001000000000000000000000000000000000000000000000000000000000000
100111010100100110100010111111001011000000000000000000000000000000000000000000000000000000000000
100000011010010000000111100011011110000000000000000000000000000000000000000000000000000000000000
001101111011001111111100000110111011000000000000000000000000000000000000000000000000000000000000
111011001111001011100110010101010000000000000000000000000000000000000000000000000000000000000000
000011001001001011000001111001111010000000000000000000000000000000000000000000000000000000000000
010000010001111001111001110101110111000000000000000000000000000000000000000000000000000000000000
011011010101101110011100011101110101000000000000000000000000000000000000000000000000000000000000
001111100010100111100101100110010110000000000000000000000000000000000000000000000000000000000000
001111101011010011111001000111110001000000000000000000000000000000000000000000000000000000000000
010001000111000101100001011010011011000000000000000000000000000000000000000000000000000000000000
100000110110010110001100011110000000000000000000000000000000000000000000000000000000000000000000
010100010010101100000101000100100101000000000000000000000000000000000000000000000000000000000000
111001100000111101111010111110011111000000000000000000000000000000000000000000000000000000000000
100011111111011100101001011010111001000000000000000000000000000000000000000000000000000000000000
001101000111111010000010100101010000000000000000000000000000000000000000000000000000000000000000
011111110000010101000010100111000101000000000000000000000000000000000000000000000000000000000000
011001101011011011110110110100010111000000000000000000000000000000000000000000000000000000000000
001010110001101011100101011110000001000000000000000000000000000000000000000000000000000000000000
110101001100101111101111110101000111000000000000000000000000000000000000000000000000000000000000
011000010111011001010111001011111011000000000000000000000000000000000000000000000000000000000000
110100111111011011010100010011111000000000000000000000000000000000000000000000000000000000000000
101100011011000001110111011010110011000000000000000000000000000000000000000000000000000000000000
111011101001111101110011110101100010000000000000000000000000000000000000000000000000000000000000
100100011001110000110101110010101111000000000000000000000000000000000000000000000000000000000000
101110001011010110101101001000000000000000000000000000000000000000000000000000000000000000000000
011100011010010100110110010110111001000000000000000000000000000000000000000000000000000000000000
001110000000000010111000000010111011000000000000000000000000000000000000000000000000000000000000
001101100111100010111000111011100011000000000000000000000000000000000000000000000000000000000000
010000111101111110100100110011101011000000000000000000000000000000000000000000000000000000000000
100110001011110101011011011000000000000000000000000000000000000000000000000000000000000000000000
000101111111111100000000000101100110000000000000000000000000000000000000000000000000000000000000
110110010011011011011010110011011001000000000000000000000000000000000000000000000000000000000000
101101010000000001011100001000111010000000000000000000000000000000000000000000000000000000000000
110111111110100010001001000011010101000000000000000000000000000000000000000000000000000000000000
101100010111111010000001110111100011000000000000000000000000000000000000000000000000000000000000
011011101111111000011101010110011000000000000000000000000000000000000000000000000000000000000000
010110010000000001010001000111110000000000000000000000000000000000000000000000000000000000000000
110101010000001001111000010010110010000000000000000000000000000000000000000000000000000000000000
011101110001111111000001101101100100000000000000000000000000000000000000000000000000000000000000
101011000011110111001010010011000100000000000000000000000000000000000000000000000000000000000000
011110001110010010111100100101101110000000000000000000000000000000000000000000000000000000000000
001001000001001111101111100010100000000000000000000000000000000000000000000000000000000000000000
001011001010000110000101110110111101000000000000000000000000000000000000000000000000000000000000
101101000000111000111011111010001100000000000000000000000000000000000000000000000000000000000000
000110000000100010001011101001010010000000000000000000000000000000000000000000000000000000000000
100011110110111001001101001111001011000000000000000000000000000000000000000000000000000000000000
111111001101001000100011001110011001000000000000000000000000000000000000000000000000000000000000
001000001101001110011000000110111000000000000000000000000000000000000000000000000000000000000000
100001101110111111100110111100001011000000000000000000000000000000000000000000000000000000000000
010111001110000000110000110111010110000000000000000000000000000000000000000000000000000000000000
100111100101111001100000111011101110000000000000000000000000000000000000000000000000000000000000
101001101111001101000111010111010010000000000000000000000000000000000000000000000000000000000000
011000010110011100101011000110101110000000000000000000000000000000000000000000000000000000000000
110110010101111000011000100010010010000000000000000000000000000000000000000000000000000000000000
011111101011110001001100111000001001000000000000000000000000000000000000000000000000000000000000
001101011011001101111001011011000000000000000000000000000000000000000000000000000000000000000000
001110001101110100111010011101100110000000000000000000000000000000000000000000000000000000000000
100010111000001010111011101101101010000000000000000000000000000000000000000000000000000000000000
001011011001000000110011010000001101000000000000000000000000000000000000000000000000000000000000
001010111000010011001010101000011101000000000000000000000000000000000000000000000000000000000000
100000001100001101110100000010010100000000000000000000000000000000000000000000000000000000000000
110111010110111101001101001011110100000000000000000000000000000000000000000000000000000000000000
101010101111010111101111001111111110000000000000000000000000000000000000000000000000000000000000
101011000001110101001110100000111010000000000000000000000000000000000000000000000000000000000000
000001111011101110101111010000111101000000000000000000000000000000000000000000000000000000000000
101101110011011011101110010111011000000000000000000000000000000000000000000000000000000000000000
101011001010110101111100001100101011000000000000000000000000000000000000000000000000000000000000
010001011010110001000110000010011111000000000000000000000000000000000000000000000000000000000000
010010011011001101111100000011111100000000000000000000000000000000000000000000000000000000000000
011001100010101101011011110100010011000000000000000000000000000000000000000000000000000000000000
011010011000111011101110011110111011000000000000000000000000000000000000000000000000000000000000
001010000100010011000110010101000101000000000000000000000000000000000000000000000000000000000000
101001011010111110000010001101100100000000000000000000000000000000000000000000000000000000000000
111110011100111001100010010110000101000000000000000000000000000000000000000000000000000000000000
001011110000111110110110110001000100000000000000000000000000000000000000000000000000000000000000
100110010001011011110011000010110111000000000000000000000000000000000000000000000000000000000000
111100101100100101011001110010110010000000000000000000000000000000000000000000000000000000000000
111111010100000010111111111101011111000000000000000000000000000000000000000000000000000000000000
101011000000111100101011110110001101000000000000000000000000000000000000000000000000000000000000
100111101110111100111110100000001000000000000000000000000000000000000000000000000000000000000000
010111011001100001100111100010001001000000000000000000000000000000000000000000000000000000000000
110011100011110111100101000001101100000000000000000000000000000000000000000000000000000000000000
101000010010110111111101101110111111000000000000000000000000000000000000000000000000000000000000
101001000101101110101101100010100110000000000000000000000000000000000000000000000000000000000000
011001100011110011010010010010010010000000000000000000000000000000000000000000000000000000000000
110001101001111111101111011000111011000000000000000000000000000000000000000000000000000000000000
100100101011110010000010101111110011000000000000000000000000000000000000000000000000000000000000
110010000000001000011010101000001110000000000000000000000000000000000000000000000000000000000000
011101011011001000101100000100100011000000000000000000000000000000000000000000000000000000000000
010101100011100101100011110100100001000000000000000000000000000000000000000000000000000000000000
001101101010010011111010010010110001000000000000000000000000000000000000000000000000000000000000
101100001101101100000100000101011000000000000000000000000000000000000000000000000000000000000000
001101011101001111110010110011101010000000000000000000000000000000000000000000000000000000000000
011101010000101101010010111001101110000000000000000000000000000000000000000000000000000000000000
000011101010010101001101110001001010000000000000000000000000000000000000000000000000000000000000
101000001011110011001001110101111101000000000000000000000000000000000000000000000000000000000000
110000110010011011110001011101001000000000000000000000000000000000000000000000000000000000000000
010110011100110000111001111001111111000000000000000000000000000000000000000000000000000000000000
001100100000111001010100011011101101000000000000000000000000000000000000000000000000000000000000
110001111001101011100110011111110111000000000000000000000000000000000000000000000000000000000000
101101101111101101010111011111100111000000000000000000000000000000000000000000000000000000000000
011110010010110111100011000110011011000000000000000000000000000000000000000000000000000000000000
101101000111001010101010111001010100000000000000000000000000000000000000000000000000000000000000
100100000111011101110001101110110000000000000000000000000000000000000000000000000000000000000000
111010100011100111001101011100100111000000000000000000000000000000000000000000000000000000000000
101110110000111101001110000001001010000000000000000000000000000000000000000000000000000000000000
010000010001101011000101011110110100000000000000000000000000000000000000000000000000000000000000
000001000101000000101010011011011000000000000000000000000000000000000000000000000000000000000000
110010010001101000010011100011011010000000000000000000000000000000000000000000000000000000000000
010010100100010111100000100101000101000000000000000000000000000000000000000000000000000000000000
111000010101100111111100000111111110000000000000000000000000000000000000000000000000000000000000
111101001001111010111110010100100000000000000000000000000000000000000000000000000000000000000000
000010011110111111000101110001001101000000000000000000000000000000000000000000000000000000000000
001011000000110011100101101100110101000000000000000000000000000000000000000000000000000000000000
111011110101100001000001100101001100000000000000000000000000000000000000000000000000000000000000
011001110110001010000001011110011011000000000000000000000000000000000000000000000000000000000000
101000000110100011001110011111111011000000000000000000000000000000000000000000000000000000000000
010011011000010001000000011111101011000000000000000000000000000000000000000000000000000000000000
111001100001100111101001000111110001000000000000000000000000000000000000000000000000000000000000
101000110101000001111111001110000111000000000000000000000000000000000000000000000000000000000000
110111010010111100100101101011101001000000000000000000000000000000000000000000000000000000000000
011110101000010110011110000101110110000000000000000000000000000000000000000000000000000000000000
000111101001010001111010111011010000000000000000000000000000000000000000000000000000000000000000
101010011010011101001101100010011101000000000000000000000000000000000000000000000000000000000000
100000101110010110010100111010011111000000000000000000000000000000000000000000000000000000000000
010000010010001111001101001001010101000000000000000000000000000000000000000000000000000000000000
010011000010110111000010011110101001000000000000000000000000000000000000000000000000000000000000
001010010101001110101101011110100001000000000000000000000000000000000000000000000000000000000000
001000101011000111001010101000011111000000000000000000000000000000000000000000000000000000000000
100100101110110110110010010110101010000000000000000000000000000000000000000000000000000000000000
000111001100000100111000010100100101000000000000000000000000000000000000000000000000000000000000
011010000100100001110110001100100101000000000000000000000000000000000000000000000000000000000000
001100101011101110111011001100010111000000000000000000000000000000000000000000000000000000000000
000111110011000101011011100101110011000000000000000000000000000000000000000000000000000000000000
111111111001101000101011000100001011000000000000000000000000000000000000000000000000000000000000
011011011100001000100101000100110101000000000000000000000000000000000000000000000000000000000000
101010101111101101111011111101001110000000000000000000000000000000000000000000000000000000000000
110000100111111100110100011000010100000000000000000000000000000000000000000000000000000000000000
111011000110010011111101010111011010000000000000000000000000000000000000000000000000000000000000
101101010010001100111000101000110000000000000000000000000000000000000000000000000000000000000000
101011100101110010110110001000010000000000000000000000000000000000000000000000000000000000000000
010100101000010010110001001000010100000000000000000000000000000000000000000000000000000000000000
011010000100001000100001111011000010000000000000000000000000000000000000000000000000000000000000
100010000000011110010100000110011100000000000000000000000000000000000000000000000000000000000000
100111010011110100000010011001001111000000000000000000000000000000000000000000000000000000000000
011000100000110011011000111000000111000000000000000000000000000000000000000000000000000000000000
100100110100001110000110011110000110000000000000000000000000000000000000000000000000000000000000
100010001110111101111111111010001010000000000000000000000000000000000000000000000000000000000000
111100011110000010001011100100001001000000000000000000000000000000000000000000000000000000000000
000011101101010011100001000101000111000000000000000000000000000000000000000000000000000000000000
111110110101110000101010100000000001000000000000000000000000000000000000000000000000000000000000
010001000000111010110100011000110110000000000000000000000000000000000000000000000000000000000000
001000111110011000000100101101101010000000000000000000000000000000000000000000000000000000000000
001001111110001000010010010111110001000000000000000000000000000000000000000000000000000000000000
111101000000111101101001010100001010000000000000000000000000000000000000000000000000000000000000
110101110101001110010111110101111001000000000000000000000000000000000000000000000000000000000000
011110001111010011001001011001011001000000000000000000000000000000000000000000000000000000000000
010010001011001010000111110000110101000000000000000000000000000000000000000000000000000000000000
010100000011011100101001000110111111000000000000000000000000000000000000000000000000000000000000
010101110011111111110001110011010000000000000000000000000000000000000000000000000000000000000000
110111101011001101011010000101110000000000000000000000000000000000000000000000000000000000000000
000110000000101000001011010110110001000000000000000000000000000000000000000000000000000000000000
000000101100101101110100100010100011000000000000000000000000000000000000000000000000000000000000
110011010100101001111101111001010101000000000000000000000000000000000000000000000000000000000000
010110000100111001111000111101101110000000000000000000000000000000000000000000000000000000000000
111010001101111101111011100001110101000000000000000000000000000000000000000000000000000000000000
000101100111111111100111101101000011000000000000000000000000000000000000000000000000000000000000
111110001100111011100100111100101101000000000000000000000000000000000000000000000000000000000000
100110001011000101101001011100001011000000000000000000000000000000000000000000000000000000000000
101110110110100111001100100010100101000000000000000000000000000000000000000000000000000000000000
000000000111100010101011000000011100000000000000000000000000000000000000000000000000000000000000
110110001001100001111100010101001101000000000000000000000000000000000000000000000000000000000000
111110001010001110101101010010010000000000000000000000000000000000000000000000000000000000000000
000001010011010010100110110010101001000000000000000000000000000000000000000000000000000000000000
111101010010110011000110111001111101000000000000000000000000000000000000000000000000000000000000
110110011100110111111011000001100010000000000000000000000000000000000000000000000000000000000000
111100110101000011011011001100000100000000000000000000000000000000000000000000000000000000000000
010111101010110100000100000000110100000000000000000000000000000000000000000000000000000000000000
101100010000010100101110100001101001000000000000000000000000000000000000000000000000000000000000
010111110111010110100011010101101100000000000000000000000000000000000000000000000000000000000000
001011100000001100000101010110111101000000000000000000000000000000000000000000000000000000000000
110011111111100100111000111110010110000000000000000000000000000000000000000000000000000000000000
100000010000010000010000011001110101000000000000000000000000000000000000000000000000000000000000
010111011110010111110111111001000011000000000000000000000000000000000000000000000000000000000000
111101101011001001111011010111111100000000000000000000000000000000000000000000000000000000000000
111110011111001100100001110101011001000000000000000000000000000000000000000000000000000000000000
110110111110101101101010000001111101000000000000000000000000000000000000000000000000000000000000
100011110100101011110011011100101101000000000000000000000000000000000000000000000000000000000000
110100011001111000101100101001111001000000000000000000000000000000000000000000000000000000000000
101100010111110110101001010010010101000000000000000000000000000000000000000000000000000000000000
000001011000110000011100110110110000000000000000000000000000000000000000000000000000000000000000
111011011111111100000110011000001110000000000000000000000000000000000000000000000000000000000000
010100001110010101000100111001101101000000000000000000000000000000000000000000000000000000000000
001100101110010001001100001010111101000000000000000000000000000000000000000000000000000000000000
000001101010101011000001101001101101000000000000000000000000000000000000000000000000000000000000
100111101111100011011011110101000011000000000000000000000000000000000000000000000000000000000000
000011011101000010101000010100111111000000000000000000000000000000000000000000000000000000000000
101001001010000100110110100001101101000000000000000000000000000000000000000000000000000000000000
010000001110010010011100010010000110000000000000000000000000000000000000000000000000000000000000
000010001000011011110100100110010101000000000000000000000000000000000000000000000000000000000000
101111011111111001010000110110101111000000000000000000000000000000000000000000000000000000000000
101011011111010101110001000101010000000000000000000000000000000000000000000000000000000000000000
100011100111000111111100111001011001000000000000000000000000000000000000000000000000000000000000
001010011011101111101100011001000101000000000000000000000000000000000000000000000000000000000000
000101100001011000010001011000001110000000000000000000000000000000000000000000000000000000000000
001111001000010000100110110101000001000000000000000000000000000000000000000000000000000000000000
000101110011110100011001100001000110000000000000000000000000000000000000000000000000000000000000
000011010100111001000100011010101000000000000000000000000000000000000000000000000000000000000000
100011110100010100111100010010000000000000000000000000000000000000000000000000000000000000000000
110011110101110110011000111011001011000000000000000000000000000000000000000000000000000000000000
001011011010100011000101001010110011000000000000000000000000000000000000000000000000000000000000
001011000110101011111001110101101101000000000000000000000000000000000000000000000000000000000000
101000000011001101010001011101000000000000000000000000000000000000000000000000000000000000000000
101000111010111011010010100100001001000000000000000000000000000000000000000000000000000000000000
110111011010001001010011011100101111000000000000000000000000000000000000000000000000000000000000
001011111101101110001100011110111100000000000000000000000000000000000000000000000000000000000000
100010100101001111110101010101001000000000000000000000000000000000000000000000000000000000000000
001011110001010110110000011100010010000000000000000000000000000000000000000000000000000000000000
111101101011011001111100111110011100000000000000000000000000000000000000000000000000000000000000
001110001001011110111100010100010111000000000000000000000000000000000000000000000000000000000000
010010010000010110001000111011101111000000000000000000000000000000000000000000000000000000000000
100111100000111100000100000001101110000000000000000000000000000000000000000000000000000000000000
000110101100101001100010111011111001000000000000000000000000000000000000000000000000000000000000
101011000011100011001000001101001000000000000000000000000000000000000000000000000000000000000000
111001011110101110001001100011110000000000000000000000000000000000000000000000000000000000000000
