001000010010001000001110000000110101000000000000000000000000000000000000000000000000000000000000
000111100110111101110000101000010010000000000000000000000000000000000000000000000000000000000000
110101011010110001010110100110010111000000000000000000000000000000000000000000000000000000000000
000000000001101100000000011101100101000000000000000000000000000000000000000000000000000000000000
111001101111001101010110001110111000000000000000000000000000000000000000000000000000000000000000
100010011000010011000111100011100101000000000000000000000000000000000000000000000000000000000000
110000001010010110011110101100000111000000000000000000000000000000000000000000000000000000000000
011100000101001001100000010101000010000000000000000000000000000000000000000000000000000000000000
010110111000000100111101011010011110000000000000000000000000000000000000000000000000000000000000
000010001001111011100110010001100000000000000000000000000000000000000000000000000000000000000000
001110110000101011101100100010110011000000000000000000000000000000000000000000000000000000000000
110100010111101110000110100110001001000000000000000000000000000000000000000000000000000000000000
010101001010000011111100011110110010000000000000000000000000000000000000000000000000000000000000
001011010110110111010010110010001110000000000000000000000000000000000000000000000000000000000000
111101101101110000011110100101100001000000000000000000000000000000000000000000000000000000000000
001101100110001110010011011001101100000000000000000000000000000000000000000000000000000000000000
100101011111001110000001101110101101000000000000000000000000000000000000000000000000000000000000
111011110110111010010010000111100000000000000000000000000000000000000000000000000000000000000000
011111101001100011000010011101100010000000000000000000000000000000000000000000000000000000000000
110000100101100001011100111011111100000000000000000000000000000000000000000000000000000000000000
100010110100111000010101011001101011000000000000000000000000000000000000000000000000000000000000
011001100011000101001111101010010100000000000000000000000000000000000000000000000000000000000000
011001001101000010110000111001111000000000000000000000000000000000000000000000000000000000000000
101110000111010101100111010110111111000000000000000000000000000000000000000000000000000000000000
100010100011110000110000000010011110000000000000000000000000000000000000000000000000000000000000
100001111111100101001101000110011111000000000000000000000000000000000000000000000000000000000000
100111001100100110100101000111001010000000000000000000000000000000000000000000000000000000000000
010000100001110000010010100000000000000000000000000000000000000000000000000000000000000000000000
000001110011111100001010000101010110000000000000000000000000000000000000000000000000000000000000
001000000011111110100100000000101000000000000000000000000000000000000000000000000000000000000000
101111110110101011111100110100100100000000000000000000000000000000000000000000000000000000000000
101101010000101100110010111011100001000000000000000000000000000000000000000000000000000000000000
010000111001111100001000000111100010000000000000000000000000000000000000000000000000000000000000
111001011100101000110011010101110100000000000000000000000000000000000000000000000000000000000000
101110100100001000100001110010111100000000000000000000000000000000000000000000000000000000000000
101111000010000001100111011110000100000000000000000000000000000000000000000000000000000000000000
111011100011010000000101101111110110000000000000000000000000000000000000000000000000000000000000
011000101111101100111100001001010011000000000000000000000000000000000000000000000000000000000000
001001010001101100111011101100011010000000000000000000000000000000000000000000000000000000000000
100011000100001010101111011110110010000000000000000000000000000000000000000000000000000000000000
000111100101001111100110001000000111000000000000000000000000000000000000000000000000000000000000
000101000101010010011010100100001011000000000000000000000000000000000000000000000000000000000000
101011100000101100001110101100011010000000000000000000000000000000000000000000000000000000000000
000000101000011101110011101000110100000000000000000000000000000000000000000000000000000000000000
110011111110111101011011111110100100000000000000000000000000000000000000000000000000000000000000
010010100101100010101001101000000000000000000000000000000000000000000000000000000000000000000000
001011011101000110111110011011110000000000000000000000000000000000000000000000000000000000000000
110010010010001010101111110100011010000000000000000000000000000000000000000000000000000000000000
010010100101010000110110101111110101000000000000000000000000000000000000000000000000000000000000
101010000100000100101110101101110101000000000000000000000000000000000000000000000000000000000000
000110100001010100010110110010101101000000000000000000000000000000000000000000000000000000000000
000000100001001111101100111001100010000000000000000000000000000000000000000000000000000000000000
111111001011100110010100011101110001000000000000000000000000000000000000000000000000000000000000
101110010000000101101101001011011000000000000000000000000000000000000000000000000000000000000000
111110000011101111011111001101000011000000000000000000000000000000000000000000000000000000000000
101111101000000010001000011010110111000000000000000000000000000000000000000000000000000000000000
100100001001010000100010110101101111000000000000000000000000000000000000000000000000000000000000
110001010111001010111101011000101010000000000000000000000000000000000000000000000000000000000000
111000101001110001110100101100111100000000000000000000000000000000000000000000000000000000000000
100001101110010010100100110010001110000000000000000000000000000000000000000000000000000000000000
101010110101110110001000100011110011000000000000000000000000000000000000000000000000000000000000
100000000001111110001010011011001001000000000000000000000000000000000000000000000000000000000000
011111111111101010010101100000100001000000000000000000000000000000000000000000000000000000000000
111111100100111111100010111010011110000000000000000000000000000000000000000000000000000000000000
110100110000010110011101111110001111000000000000000000000000000000000000000000000000000000000000
011111111110011100010101011011100011000000000000000000000000000000000000000000000000000000000000
000101111101100100010001100001111010000000000000000000000000000000000000000000000000000000000000
100011100011101001111111101011111101000000000000000000000000000000000000000000000000000000000000
101011111010100001011000101011111000000000000000000000000000000000000000000000000000000000000000
100110001101111100011001111011011101000000000000000000000000000000000000000000000000000000000000
011010010111000011001011111011100101000000000000000000000000000000000000000000000000000000000000
110100101100001010101111011001101001000000000000000000000000000000000000000000000000000000000000
111001101101011110011011010111000001000000000000000000000000000000000000000000000000000000000000
110101011011001101010100000000111011000000000000000000000000000000000000000000000000000000000000
110011000011100110101111000110010011000000000000000000000000000000000000000000000000000000000000
110000110111100001100001001110011010000000000000000000000000000000000000000000000000000000000000
101110100111001101110011101001110001000000000000000000000000000000000000000000000000000000000000
001010101000010100101001101101100110000000000000000000000000000000000000000000000000000000000000
100000101100100101100111001000011101000000000000000000000000000000000000000000000000000000000000
011010001011000110010100101110111000000000000000000000000000000000000000000000000000000000000000
110100110000100010010010110101101101000000000000000000000000000000000000000000000000000000000000
101001001011010011111111001001001000000000000000000000000000000000000000000000000000000000000000
101011010110010010111011110110011101000000000000000000000000000000000000000000000000000000000000
111100101100011110001110101010011100000000000000000000000000000000000000000000000000000000000000
100000110011101010000000001010001111000000000000000000000000000000000000000000000000000000000000
010110110011111001011000001011111101000000000000000000000000000000000000000000000000000000000000
010000111000100001000010101000011011000000000000000000000000000000000000000000000000000000000000
011010001000011001101101111011100001000000000000000000000000000000000000000000000000000000000000
110010100001111010001000011111010001000000000000000000000000000000000000000000000000000000000000
000111010001101101010110110101100110000000000000000000000000000000000000000000000000000000000000
110110011001011010101010000111101111000000000000000000000000000000000000000000000000000000000000
110111111010011001001000001111010001000000000000000000000000000000000000000000000000000000000000
011000000001000100001100001100100011000000000000000000000000000000000000000000000000000000000000
001011101110010100001000011010000100000000000000000000000000000000000000000000000000000000000000
001011111101000101011010110000110111000000000000000000000000000000000000000000000000000000000000
000000000111110011010001010100110010000000000000000000000000000000000000000000000000000000000000
001111010101110110000110000000100100000000000000000000000000000000000000000000000000000000000000
111111111110111011110110011110101001000000000000000000000000000000000000000000000000000000000000
001000110110001111000110010110110111000000000000000000000000000000000000000000000000000000000000
011011011000111001000000111100001011000000000000000000000000000000000000000000000000000000000000
101011011001000010101001011100110111000000000000000000000000000000000000000000000000000000000000
010100100000011101101010111111101011000000000000000000000000000000000000000000000000000000000000
111111101111010100110110010111010110000000000000000000000000000000000000000000000000000000000000
100011111110001001101100010010111101000000000000000000000000000000000000000000000000000000000000
001101000111110110011100000000000111000000000000000000000000000000000000000000000000000000000000
011000101010001100001100011110110110000000000000000000000000000000000000000000000000000000000000
011000110101101000110011111101000000000000000000000000000000000000000000000000000000000000000000
000111110100001011110101111010000110000000000000000000000000000000000000000000000000000000000000
111100001001010011001100011011001000000000000000000000000000000000000000000000000000000000000000
001001010000010110010010111101000000000000000000000000000000000000000000000000000000000000000000
011000100110100001101001011001011100000000000000000000000000000000000000000000000000000000000000
000000001101101011001101010000111000000000000000000000000000000000000000000000000000000000000000
100000110001110000011111001101001000000000000000000000000000000000000000000000000000000000000000
100011110011110011010001100010101000000000000000000000000000000000000000000000000000000000000000
111011110011110010000101010101100101000000000000000000000000000000000000000000000000000000000000
011011101010101010100001101000001010000000000000000000000000000000000000000000000000000000000000
001000101110110100001000110001101110000000000000000000000000000000000000000000000000000000000000
111011110101000011010111100110111001000000000000000000000000000000000000000000000000000000000000
011100101000100110111111011001000111000000000000000000000000000000000000000000000000000000000000
111001110101010010110110001101010100000000000000000000000000000000000000000000000000000000000000
101100011110101010100001101001011101000000000000000000000000000000000000000000000000000000000000
111000101111001011111011011101101100000000000000000000000000000000000000000000000000000000000000
101110101111010011000011100100000001000000000000000000000000000000000000000000000000000000000000
001100010000101110111000010000010001000000000000000000000000000000000000000000000000000000000000
100010100101001000101011000111111110000000000000000000000000000000000000000000000000000000000000
000111100111010111111100111001111001000000000000000000000000000000000000000000000000000000000000
000111111101101101110101100110010011000000000000000000000000000000000000000000000000000000000000
001010111100001100111110110110110100000000000000000000000000000000000000000000000000000000000000
100100000100000110011001000011010101000000000000000000000000000000000000000000000000000000000000
111111001101101000111100110100001001000000000000000000000000000000000000000000000000000000000000
000101111000111100010110001000010010000000000000000000000000000000000000000000000000000000000000
111000001001101101010011111110100011000000000000000000000000000000000000000000000000000000000000
111100000100000100100110000010110110000000000000000000000000000000000000000000000000000000000000
001101010101101010111100111101001111000000000000000000000000000000000000000000000000000000000000
001100010011100111110100110000111000000000000000000000000000000000000000000000000000000000000000
111110111001000000011011001110110011000000000000000000000000000000000000000000000000000000000000
111011011011110110010000000001010100000000000000000000000000000000000000000000000000000000000000
001100010010011100110001010000001111000000000000000000000000000000000000000000000000000000000000
111100000111011010010010110111010011000000000000000000000000000000000000000000000000000000000000
111110110001100011010011110000010101000000000000000000000000000000000000000000000000000000000000
010001111001110010000111000101011101000000000000000000000000000000000000000000000000000000000000
110011011011011000111110001110010010000000000000000000000000000000000000000000000000000000000000
000111000111101011011111001110010001000000000000000000000000000000000000000000000000000000000000
101000101010101000000010000010011101000000000000000000000000000000000000000000000000000000000000
100000110000011010011010101001010100000000000000000000000000000000000000000000000000000000000000
111111010111001000011011101100101001000000000000000000000000000000000000000000000000000000000000
101010010110000000001100011111101100000000000000000000000000000000000000000000000000000000000000
100100010000001100101111110101000000000000000000000000000000000000000000000000000000000000000000
100011110000101101111010110000110000000000000000000000000000000000000000000000000000000000000000
010101001010100011010110011110111110000000000000000000000000000000000000000000000000000000000000
001000011011010001010100010110011011000000000000000000000000000000000000000000000000000000000000
100100110010001011010011001111000101000000000000000000000000000000000000000000000000000000000000
111101111010000111100001011100000010000000000000000000000000000000000000000000000000000000000000
110101110000011111111100010001101010000000000000000000000000000000000000000000000000000000000000
101111110111001011001111100111010111000000000000000000000000000000000000000000000000000000000000
101110010101001101110011001001000111000000000000000000000000000000000000000000000000000000000000
010011101000101011000001010011000001000000000000000000000000000000000000000000000000000000000000
101101000110111010000110010110100101000000000000000000000000000000000000000000000000000000000000
000001011100001101100010111100100100000000000000000000000000000000000000000000000000000000000000
110011111110010101010101111011110101000000000000000000000000000000000000000000000000000000000000
010100010101111010101010100011111101000000000000000000000000000000000000000000000000000000000000
101001011110111010011011000100010111000000000000000000000000000000000000000000000000000000000000
001101000010010100110110011010010101000000000000000000000000000000000000000000000000000000000000
111110101110001101101100100100000001000000000000000000000000000000000000000000000000000000000000
101010111100001000000110000111000101000000000000000000000000000000000000000000000000000000000000
101111110000000001110011011001001101000000000000000000000000000000000000000000000000000000000000
110100011001100010110001000011011110000000000000000000000000000000000000000000000000000000000000
000101100001101101010111010000010110000000000000000000000000000000000000000000000000000000000000
100101111110000111101001111000000101000000000000000000000000000000000000000000000000000000000000
011101100011011101110100100010000010000000000000000000000000000000000000000000000000000000000000
100010000101001001010111111000100101000000000000000000000000000000000000000000000000000000000000
111101011111000010011101101010111010000000000000000000000000000000000000000000000000000000000000
100001110100101000000010011000010011000000000000000000000000000000000000000000000000000000000000
010010101000110000001011110101011000000000000000000000000000000000000000000000000000000000000000
000011100110010000000100010000110100000000000000000000000000000000000000000000000000000000000000
001011111011101111100101110111011010000000000000000000000000000000000000000000000000000000000000
010110000011010110101000011011110110000000000000000000000000000000000000000000000000000000000000
100101101111110000100011111001111111000000000000000000000000000000000000000000000000000000000000
110011001010110000011110011010001110000000000000000000000000000000000000000000000000000000000000
011010111110110000110111100010011011000000000000000000000000000000000000000000000000000000000000
001010110100011111010101101101001101000000000000000000000000000000000000000000000000000000000000
100100110101001100101111000000101010000000000000000000000000000000000000000000000000000000000000
110111110101100001011010111000111101000000000000000000000000000000000000000000000000000000000000
011011000001110011000111101001001101000000000000000000000000000000000000000000000000000000000000
011010110111011010110011111000111010000000000000000000000000000000000000000000000000000000000000
111000000011100001010110000000001100000000000000000000000000000000000000000000000000000000000000
010000011000111101110110111000100001000000000000000000000000000000000000000000000000000000000000
111010010100001001111101111100100011000000000000000000000000000000000000000000000000000000000000
011110011010001101111001010110000111000000000000000000000000000000000000000000000000000000000000
100011111100100000110100100101000101000000000000000000000000000000000000000000000000000000000000
010110011010010111010111000010110101000000000000000000000000000000000000000000000000000000000000
010011011011000101010011110000101011000000000000000000000000000000000000000000000000000000000000
110111110100001001011011101101000001000000000000000000000000000000000000000000000000000000000000
100011000101011100011100000001101000000000000000000000000000000000000000000000000000000000000000
100010001000011011001010100101001110000000000000000000000000000000000000000000000000000000000000
111001011100100011000111111010001111000000000000000000000000000000000000000000000000000000000000
010111001011001001101011001101010100000000000000000000000000000000000000000000000000000000000000
101101011101011110001000101111000011000000000000000000000000000000000000000000000000000000000000
111010010100111101000000111101101100000000000000000000000000000000000000000000000000000000000000
010110010111100101010100110001011100000000000000000000000000000000000000000000000000000000000000
111001001110110101001000001111110011000000000000000000000000000000000000000000000000000000000000
111010001111001000100111101110000011000000000000000000000000000000000000000000000000000000000000
000000001101010110101010111111000010000000000000000000000000000000000000000000000000000000000000
001000111101000101100101111110110011000000000000000000000000000000000000000000000000000000000000
111010100111000110100100001111100011000000000000000000000000000000000000000000000000000000000000
110001010100010001001010010100101100000000000000000000000000000000000000000000000000000000000000
011110101111111001110010111110101000000000000000000000000000000000000000000000000000000000000000
000001001111100010010011111101001001000000000000000000000000000000000000000000000000000000000000
111111111101100100010100011100010110000000000000000000000000000000000000000000000000000000000000
101110011001110110011100101111011100000000000000000000000000000000000000000000000000000000000000
011000000011101101010110101101110110000000000000000000000000000000000000000000000000000000000000
110101110110010010111100101010110101000000000000000000000000000000000000000000000000000000000000
010000101100100001011110010110101110000000000000000000000000000000000000000000000000000000000000
010100011000111000100000010101111011000000000000000000000000000000000000000000000000000000000000
110000101001011000011011111101000011000000000000000000000000000000000000000000000000000000000000
110001100100110010101000101001010001000000000000000000000000000000000000000000000000000000000000
001110000010101000010000100110110000000000000000000000000000000000000000000000000000000000000000
101100001110110110101100111001101101000000000000000000000000000000000000000000000000000000000000
111000010010001000010001100010010001000000000000000000000000000000000000000000000000000000000000
110010101111110001101001101110101001000000000000000000000000000000000000000000000000000000000000
001111111110101111000000011111010111000000000000000000000000000000000000000000000000000000000000
110110100000110101100011010000101001000000000000000000000000000000000000000000000000000000000000
000000111101000110010001011001010111000000000000000000000000000000000000000000000000000000000000
110011010110101010111110101011101110000000000000000000000000000000000000000000000000000000000000
111110001111000001111101011100000101000000000000000000000000000000000000000000000000000000000000
101100000101100010000000000110110001000000000000000000000000000000000000000000000000000000000000
110011010001010010110110111101101000000000000000000000000000000000000000000000000000000000000000
000101011000110111010001110110101010000000000000000000000000000000000000000000000000000000000000
001001011001100110010001011100000001000000000000000000000000000000000000000000000000000000000000
110100111110111100001011111001100100000000000000000000000000000000000000000000000000000000000000
000111000110100111000010010101111001000000000000000000000000000000000000000000000000000000000000
000000110101101111000101101001000101000000000000000000000000000000000000000000000000000000000000
011001000000011100100101011110011010000000000000000000000000000000000000000000000000000000000000
011011000011100001101000011000110100000000000000000000000000000000000000000000000000000000000000
110101111101101001110100000110000010000000000000000000000000000000000000000000000000000000000000
010001111110110010000011010000010011000000000000000000000000000000000000000000000000000000000000
011111011001010110010011100111100101000000000000000000000000000000000000000000000000000000000000
111100010111111010100000001010111000000000000000000000000000000000000000000000000000000000000000
010001001010000101101010111011000101000000000000000000000000000000000000000000000000000000000000
110110110101101101111101001000111110000000000000000000000000000000000000000000000000000000000000
001001110010000110110111110010100001000000000000000000000000000000000000000000000000000000000000
100110011100101001011110001010000101000000000000000000000000000000000000000000000000000000000000
011110111100001111011010001110110110000000000000000000000000000000000000000000000000000000000000
101110011110101011001100111100011000000000000000000000000000000000000000000000000000000000000000
000010110101000110000010001011010110000000000000000000000000000000000000000000000000000000000000
111110011011010011110110111100011111000000000000000000000000000000000000000000000000000000000000
101111001011111111100110111010001000000000000000000000000000000000000000000000000000000000000000
010001101011110101011100110001110010000000000000000000000000000000000000000000000000000000000000
110001011001101100100111001001001110000000000000000000000000000000000000000000000000000000000000
111101100001001010111100010010111100000000000000000000000000000000000000000000000000000000000000
011011101110100100110000000011011101000000000000000000000000000000000000000000000000000000000000
111011111110100011011000010001000110000000000000000000000000000000000000000000000000000000000000
111011101100000100111100111110011011000000000000000000000000000000000000000000000000000000000000
010110001110000110111101100101110111000000000000000000000000000000000000000000000000000000000000
011101111101100010010100011001111101000000000000000000000000000000000000000000000000000000000000
011011100110001010010101110001100110000000000000000000000000000000000000000000000000000000000000
100111100010010011111000011011010000000000000000000000000000000000000000000000000000000000000000
011010110011010101011110101001110101000000000000000000000000000000000000000000000000000000000000
100100100000100100111000000011101000000000000000000000000000000000000000000000000000000000000000
000111101110101110101001010000110011000000000000000000000000000000000000000000000000000000000000
010010001110101001000110110111000010000000000000000000000000000000000000000000000000000000000000
111010101001000100010011110010110001000000000000000000000000000000000000000000000000000000000000
010100110001010110000101011001100111000000000000000000000000000000000000000000000000000000000000
101110000011111010111010110110101110000000000000000000000000000000000000000000000000000000000000
100001011100001001101001100100000111000000000000000000000000000000000000000000000000000000000000
111011100000010100100100101111111100000000000000000000000000000000000000000000000000000000000000
011001011111010100000011011100000100000000000000000000000000000000000000000000000000000000000000
011010100011111100100101001101010110000000000000000000000000000000000000000000000000000000000000
000100011100001111000011001101110001000000000000000000000000000000000000000000000000000000000000
011001101010100011010101101100110111000000000000000000000000000000000000000000000000000000000000
101100110101100111001000110001010101000000000000000000000000000000000000000000000000000000000000
110110010101010111011111110110010001000000000000000000000000000000000000000000000000000000000000
100001010110110001101011010100011011000000000000000000000000000000000000000000000000000000000000
111101011011000111000111101010001111000000000000000000000000000000000000000000000000000000000000
011000010101101010010010101010000010000000000000000000000000000000000000000000000000000000000000
010010000010110010010101110000110010000000000000000000000000000000000000000000000000000000000000
100011000011111010100100110001010100000000000000000000000000000000000000000000000000000000000000
010010101110111011110101011110110010000000000000000000000000000000000000000000000000000000000000
101000000011011100000101101101111101000000000000000000000000000000000000000000000000000000000000
000010000100101000011000101110111101000000000000000000000000000000000000000000000000000000000000
111001101101111011101000011110110101000000000000000000000000000000000000000000000000000000000000
111111011111010010010000000010110100000000000000000000000000000000000000000000000000000000000000
111100101111110011101110000111110001000000000000000000000000000000000000000000000000000000000000
011101010001010010101101001010010101000000000000000000000000000000000000000000000000000000000000
111111110001111000000111010010001111000000000000000000000000000000000000000000000000000000000000
110111011111011000110100011000000101000000000000000000000000000000000000000000000000000000000000
000010011101011100111110110011111001000000000000000000000000000000000000000000000000000000000000
101111101000100100110110011010101110000000000000000000000000000000000000000000000000000000000000
010101010101001011111001011011001111000000000000000000000000000000000000000000000000000000000000
011100000010011110100000011000010100000000000000000000000000000000000000000000000000000000000000
010000011110111101110010110110010011000000000000000000000000000000000000000000000000000000000000
001100001111100111011011111101011001000000000000000000000000000000000000000000000000000000000000
011110011100101100101101100110111111000000000000000000000000000000000000000000000000000000000000
011011101000101011001100000111101010000000000000000000000000000000000000000000000000000000000000
110000001000100110101110110111010001000000000000000000000000000000000000000000000000000000000000
010101000010100100110110000101000011000000000000000000000000000000000000000000000000000000000000
010010001101100110010101001101011011000000000000000000000000000000000000000000000000000000000000
001100101010000111110001100100101100000000000000000000000000000000000000000000000000000000000000
100110001001100000000001010101001110000000000000000000000000000000000000000000000000000000000000
100101000011111001111000110111110011000000000000000000000000000000000000000000000000000000000000
001100110110010011110101101001010001000000000000000000000000000000000000000000000000000000000000
010111000111111100000000101101100001000000000000000000000000000000000000000000000000000000000000
110010101101110111110010100111110110000000000000000000000000000000000000000000000000000000000000
011000110001111110110111011110010000000000000000000000000000000000000000000000000000000000000000
100000000011100111000000000100110001000000000000000000000000000000000000000000000000000000000000
101101110111010011001100111000101110000000000000000000000000000000000000000000000000000000000000
001010111001011010011010011001110101000000000000000000000000000000000000000000000000000000000000
001101000101100100001000101001000101000000000000000000000000000000000000000000000000000000000000
000100110011000001010100111001110111000000000000000000000000000000000000000000000000000000000000
110000001011101010100001011001110101000000000000000000000000000000000000000000000000000000000000
100110011111100110111001111111000010000000000000000000000000000000000000000000000000000000000000
011011101101010111010100111111101111000000000000000000000000000000000000000000000000000000000000
010011000001111101111000000101110110000000000000000000000000000000000000000000000000000000000000
100101110001110110101001010110110010000000000000000000000000000000000000000000000000000000000000
001111101101100110011110000000100010000000000000000000000000000000000000000000000000000000000000
111110100011000100101101010011001000000000000000000000000000000000000000000000000000000000000000
100111010001010101000011111111101101000000000000000000000000000000000000000000000000000000000000
011111111000001101000101011001111111000000000000000000000000000000000000000000000000000000000000
001011110101111010000111111001011011000000000000000000000000000000000000000000000000000000000000
100100010000100011101011000111110111000000000000000000000000000000000000000000000000000000000000
010100010001001000100001001001001000000000000000000000000000000000000000000000000000000000000000
000000010100001110000001100011101110000000000000000000000000000000000000000000000000000000000000
110000011010111101010000010010011110000000000000000000000000000000000000000000000000000000000000
101111000001101100000001000111000011000000000000000000000000000000000000000000000000000000000000
011101000001100011111011110001010010000000000000000000000000000000000000000000000000000000000000
111011001110101100101111000110010110000000000000000000000000000000000000000000000000000000000000
011111011001101000000001101011100110000000000000000000000000000000000000000000000000000000000000
010111111001011100010110011011000010000000000000000000000000000000000000000000000000000000000000
011101001010110100111100001111011000000000000000000000000000000000000000000000000000000000000000
011001100000101100010111010101100111000000000000000000000000000000000000000000000000000000000000
111000100000001000011001001111100010000000000000000000000000000000000000000000000000000000000000
001010100100110101111000010110111010000000000000000000000000000000000000000000000000000000000000
101110011101110010001011101001111101000000000000000000000000000000000000000000000000000000000000
100111010110111110110011010001111100000000000000000000000000000000000000000000000000000000000000
111101100000010011010011110100111011000000000000000000000000000000000000000000000000000000000000
011100101000011010011100000010110010000000000000000000000000000000000000000000000000000000000000
001101100010101010100101110000111111000000000000000000000000000000000000000000000000000000000000
001011100000110111100010000000110010000000000000000000000000000000000000000000000000000000000000
010001010100011101111001100110010101000000000000000000000000000000000000000000000000000000000000
100110010100111010001010011010001010000000000000000000000000000000000000000000000000000000000000
110110111111100000111010001011111111000000000000000000000000000000000000000000000000000000000000
110010001110010010001100011000100001000000000000000000000000000000000000000000000000000000000000
001100010101000101110011111010100000000000000000000000000000000000000000000000000000000000000000
101110000101111110110101011111111100000000000000000000000000000000000000000000000000000000000000
000100000111010000000011011111101110000000000000000000000000000000000000000000000000000000000000
011001111011100011100101001010101010000000000000000000000000000000000000000000000000000000000000
110111000111111101000101001111111100000000000000000000000000000000000000000000000000000000000000
001011000010111110010001010011110110000000000000000000000000000000000000000000000000000000000000
000001111000110011000011010001001001000000000000000000000000000000000000000000000000000000000000
100011110001011001011000100111001101000000000000000000000000000000000000000000000000000000000000
000001110000011010010100100010001000000000000000000000000000000000000000000000000000000000000000
001111110001011001010011001010111000000000000000000000000000000000000000000000000000000000000000
110110101011100011001011010101001101000000000000000000000000000000000000000000000000000000000000
110111011000001110110100100110111111000000000000000000000000000000000000000000000000000000000000
101000010100010011001011010000011000000000000000000000000000000000000000000000000000000000000000
000100111001101011101100000011001110000000000000000000000000000000000000000000000000000000000000
000000100001011010111101110111110000000000000000000000000000000000000000000000000000000000000000
010001111000101000100100111100001000000000000000000000000000000000000000000000000000000000000000
000010110011101101000100101110101101000000000000000000000000000000000000000000000000000000000000
001001000111000001101000111000101010000000000000000000000000000000000000000000000000000000000000
110000100001001100010010100011100010000000000000000000000000000000000000000000000000000000000000
011001100100001110010111101101000010000000000000000000000000000000000000000000000000000000000000
101000010000001101011110101000001100000000000000000000000000000000000000000000000000000000000000
101111011000111001110100101111010011000000000000000000000000000000000000000000000000000000000000
111111001110001110011001110101100011000000000000000000000000000000000000000000000000000000000000
000000100000101111010001111110000110000000000000000000000000000000000000000000000000000000000000
111011100011001001111011100010011100000000000000000000000000000000000000000000000000000000000000
110000101100100000010111100010000100000000000000000000000000000000000000000000000000000000000000
110110011010111110111011111100101110000000000000000000000000000000000000000000000000000000000000
111011110010101010111010000111110010000000000000000000000000000000000000000000000000000000000000
100101100010000111101000001111011000000000000000000000000000000000000000000000000000000000000000
111010101111011110111110101010011100000000000000000000000000000000000000000000000000000000000000
110100010100111011110011100000110101000000000000000000000000000000000000000000000000000000000000
100111011000001001100010101011000001000000000000000000000000000000000000000000000000000000000000
011010101001101101000110100011110110000000000000000000000000000000000000000000000000000000000000
001101010001101010001111110101111111000000000000000000000000000000000000000000000000000000000000
001000111011100101101000110010111101000000000000000000000000000000000000000000000000000000000000
011011000111000111010101000011001111000000000000000000000000000000000000000000000000000000000000
001101111110001011000001101001110100000000000000000000000000000000000000000000000000000000000000
011000100111011100110010100111100011000000000000000000000000000000000000000000000000000000000000
000100100011000111100110011110111110000000000000000000000000000000000000000000000000000000000000
010110100101011001011010100100011110000000000000000000000000000000000000000000000000000000000000
101010100011110001000100010110001000000000000000000000000000000000000000000000000000000000000000
111000101110100100011111110011100011000000000000000000000000000000000000000000000000000000000000
101000110000000011101111101010100010000000000000000000000000000000000000000000000000000000000000
111000010111111011100101001001000101000000000000000000000000000000000000000000000000000000000000
110110000101110100100011011010100000000000000000000000000000000000000000000000000000000000000000
011010100001110001000001110101000111000000000000000000000000000000000000000000000000000000000000
011111101010000000101101101100000000000000000000000000000000000000000000000000000000000000000000
111111101111000111111100010000101100000000000000000000000000000000000000000000000000000000000000
100000001001111001001101001110111010000000000000000000000000000000000000000000000000000000000000
100001001001010111011111001111010110000000000000000000000000000000000000000000000000000000000000
110110101100110001101011110001001010000000000000000000000000000000000000000000000000000000000000
100100101100100110110000101001100110000000000000000000000000000000000000000000000000000000000000
110101010101011010010000101001111000000000000000000000000000000000000000000000000000000000000000
110100101001101111111111100001110011000000000000000000000000000000000000000000000000000000000000
111011110011110001010000110111100011000000000000000000000000000000000000000000000000000000000000
100001110010000110011000100101100010000000000000000000000000000000000000000000000000000000000000
000010100010010011001111100000111100000000000000000000000000000000000000000000000000000000000000
000100101000011011100100100000111111000000000000000000000000000000000000000000000000000000000000
110111110110001101010110111101000101000000000000000000000000000000000000000000000000000000000000
001011001011000000111111101110101010000000000000000000000000000000000000000000000000000000000000
000100110010010101101001111001110000000000000000000000000000000000000000000000000000000000000000
010011101000001111100001000010010001000000000000000000000000000000000000000000000000000000000000
111000011010011111110100110001001110000000000000000000000000000000000000000000000000000000000000
111010100001010000100101101111001000000000000000000000000000000000000000000000000000000000000000
011110010001101000100011000100110001000000000000000000000000000000000000000000000000000000000000
010111000001110101110101100111111100000000000000000000000000000000000000000000000000000000000000
001010111011100011011101001001010000000000000000000000000000000000000000000000000000000000000000
001000101001000110110001011100111110000000000000000000000000000000000000000000000000000000000000
010101100011000001000011000000010000000000000000000000000000000000000000000000000000000000000000
001100111101111000111100011000001011000000000000000000000000000000000000000000000000000000000000
100010111100001010101010000111101011000000000000000000000000000000000000000000000000000000000000
000100001001100110000001000111011111000000000000000000000000000000000000000000000000000000000000
111101100101011101101001001101101111000000000000000000000000000000000000000000000000000000000000
000101001001101110101111000100101001000000000000000000000000000000000000000000000000000000000000
111000010101000110100011111011000100000000000000000000000000000000000000000000000000000000000000
110010000110111010011100000001010011000000000000000000000000000000000000000000000000000000000000
101000011110011110101010110000110100000000000000000000000000000000000000000000000000000000000000
111001001010001101111001100011011000000000000000000000000000000000000000000000000000000000000000
001010101010001111101111010000010010000000000000000000000000000000000000000000000000000000000000
101010101000100000000010110011101110000000000000000000000000000000000000000000000000000000000000
111000001101011011100100110001110011000000000000000000000000000000000000000000000000000000000000
111100000111010000001110100011011101000000000000000000000000000000000000000000000000000000000000
010100111101101011100011010000011101000000000000000000000000000000000000000000000000000000000000
001010110010001110000000000101110101000000000000000000000000000000000000000000000000000000000000
000000010000001101111110101100101001000000000000000000000000000000000000000000000000000000000000
110010011010101100000111111001110110000000000000000000000000000000000000000000000000000000000000
010111011001110100111100111100001100000000000000000000000000000000000000000000000000000000000000
100101001010010101001101011110111110000000000000000000000000000000000000000000000000000000000000
011100000011111010010100101010011101000000000000000000000000000000000000000000000000000000000000
111010011001001111011010010011111000000000000000000000000000000000000000000000000000000000000000
111110110111000001110001011011001011000000000000000000000000000000000000000000000000000000000000
110010111011100011000000110110111101000000000000000000000000000000000000000000000000000000000000
100000010100011011010100100010101000000000000000000000000000000000000000000000000000000000000000
010010110011011100110001000010100100000000000000000000000000000000000000000000000000000000000000
100110101010101110010011010101000110000000000000000000000000000000000000000000000000000000000000
011111010111101011111100010010000000000000000000000000000000000000000000000000000000000000000000
110101011011000100101101000111011010000000000000000000000000000000000000000000000000000000000000
100000010010001101111011110100000100000000000000000000000000000000000000000000000000000000000000
000000010000000011001001000100100000000000000000000000000000000000000000000000000000000000000000
011010110011010011011110111001111010000000000000000000000000000000000000000000000000000000000000
110110001100110110000000001001011101000000000000000000000000000000000000000000000000000000000000
001000010100111000101101100010010000000000000000000000000000000000000000000000000000000000000000
100010001111110000010101011101011010000000000000000000000000000000000000000000000000000000000000
011000111001101111011101001101111011000000000000000000000000000000000000000000000000000000000000
001110001001000001010011111000100100000000000000000000000000000000000000000000000000000000000000
100101011010111000010101100111010111000000000000000000000000000000000000000000000000000000000000
101101011001011101101011000000101010000000000000000000000000000000000000000000000000000000000000
101000011100110101010011010010000011000000000000000000000000000000000000000000000000000000000000
001101011111111100100101111000001100000000000000000000000000000000000000000000000000000000000000
010101101111100001000101011011011001000000000000000000000000000000000000000000000000000000000000
110011110101110001110101110110100111000000000000000000000000000000000000000000000000000000000000
010101011111010101101100011100011110000000000000000000000000000000000000000000000000000000000000
101100010001100100101110000110110100000000000000000000000000000000000000000000000000000000000000
100111110100001001000011100000011010000000000000000000000000000000000000000000000000000000000000
011100100010010111010010110001000111000000000000000000000000000000000000000000000000000000000000
001001110000011100101011010100001000000000000000000000000000000000000000000000000000000000000000
011011110011100100011101111010110011000000000000000000000000000000000000000000000000000000000000
101000100000000000010110011010010101000000000000000000000000000000000000000000000000000000000000
111001101100001001111101001001000110000000000000000000000000000000000000000000000000000000000000
001011010100000001010110110110101110000000000000000000000000000000000000000000000000000000000000
100101011001101000101010010100110100000000000000000000000000000000000000000000000000000000000000
001111001101010111010100110000001100000000000000000000000000000000000000000000000000000000000000
111111000101001100011100011110001110000000000000000000000000000000000000000000000000000000000000
001010110011000010001110101111110110000000000000000000000000000000000000000000000000000000000000
101111101010101101001000110001011101000000000000000000000000000000000000000000000000000000000000
001000110111001010110110101001101011000000000000000000000000000000000000000000000000000000000000
001001010101110111011101010101100100000000000000000000000000000000000000000000000000000000000000
011001110001010100000010110010100111000000000000000000000000000000000000000000000000000000000000
100010110001010101101010110001010010000000000000000000000000000000000000000000000000000000000000
001001010010110000110100101100100111000000000000000000000000000000000000000000000000000000000000
011001000111110110010001100011000101000000000000000000000000000000000000000000000000000000000000
100101001000100110010100110111000010000000000000000000000000000000000000000000000000000000000000
100000111011110010001110111010110110000000000000000000000000000000000000000000000000000000000000
011011001100011100000110111001111100000000000000000000000000000000000000000000000000000000000000
111010001011111010111101110000100001000000000000000000000000000000000000000000000000000000000000
000000111101111000000111111100100101000000000000000000000000000000000000000000000000000000000000
111010110101000111001101110111110010000000000000000000000000000000000000000000000000000000000000
011101111110000011110011000011010101000000000000000000000000000000000000000000000000000000000000
001100011010001100101011001001101010000000000000000000000000000000000000000000000000000000000000
000001100110111111011001010001000100000000000000000000000000000000000000000000000000000000000000
011011000000100100011011110100100110000000000000000000000000000000000000000000000000000000000000
110111011001011011100100110001110000000000000000000000000000000000000000000000000000000000000000
000101000100111100001100000101001001000000000000000000000000000000000000000000000000000000000000
110001111000011100111000000000110110000000000000000000000000000000000000000000000000000000000000
000110100101000100111011101010110111000000000000000000000000000000000000000000000000000000000000
111110001111100100011011100011111011000000000000000000000000000000000000000000000000000000000000
000111000011100010001001000001111111000000000000000000000000000000000000000000000000000000000000
110000101011110001100111110010000001000000000000000000000000000000000000000000000000000000000000
111110010011000000001010111001000101000000000000000000000000000000000000000000000000000000000000
111110000010001111111010100100101011000000000000000000000000000000000000000000000000000000000000
100000101101110100110110111010101100000000000000000000000000000000000000000000000000000000000000
000011011000010100000001110101010001000000000000000000000000000000000000000000000000000000000000
000010000101000001001101101010111010000000000000000000000000000000000000000000000000000000000000
111100111110000000000010000110001001000000000000000000000000000000000000000000000000000000000000
011100010110111001110110001111011110000000000000000000000000000000000000000000000000000000000000
010011101010100011001000110000011011000000000000000000000000000000000000000000000000000000000000
011011110110100011101000101101001110000000000000000000000000000000000000000000000000000000000000
111010110001101010101011101000000111000000000000000000000000000000000000000000000000000000000000
110000010010101000101111110110100111000000000000000000000000000000000000000000000000000000000000
001010100101000011011010000100001001000000000000000000000000000000000000000000000000000000000000
010000011000101101000001000010111110000000000000000000000000000000000000000000000000000000000000
001100101110100011110111111001101000000000000000000000000000000000000000000000000000000000000000
110101000101110100000111101110001110000000000000000000000000000000000000000000000000000000000000
010110011011001110100101100100010010000000000000000000000000000000000000000000000000000000000000
111111010110001111111000010010011011000000000000000000000000000000000000000000000000000000000000
100100010101000101000010111000001100000000000000000000000000000000000000000000000000000000000000
100001110010100110011110000010111111000000000000000000000000000000000000000000000000000000000000
000100111101101010011001001100100101000000000000000000000000000000000000000000000000000000000000
011000001011110110101111011001111001000000000000000000000000000000000000000000000000000000000000
111111101100111100101000110011011100000000000000000000000000000000000000000000000000000000000000
000001000110001000010110011010011000000000000000000000000000000000000000000000000000000000000000
000100010111010010001101001001000100000000000000000000000000000000000000000000000000000000000000
011011110001011101111000101100100001000000000000000000000000000000000000000000000000000000000000
011111011111101001011010110100000011000000000000000000000000000000000000000000000000000000000000
100010111010100100111110110110000010000000000000000000000000000000000000000000000000000000000000
001010001101010000011001111100111100000000000000000000000000000000000000000000000000000000000000
011001000010000011101011111110001011000000000000000000000000000000000000000000000000000000000000
111101111101000110000011010100100001000000000000000000000000000000000000000000000000000000000000
110110010110011001011001000111001100000000000000000000000000000000000000000000000000000000000000
001001100000011100011111101000000010000000000000000000000000000000000000000000000000000000000000
010000011011011011100001001100101100000000000000000000000000000000000000000000000000000000000000
111000011110001101001001001110100100000000000000000000000000000000000000000000000000000000000000
111000000011000000110001000111011101000000000000000000000000000000000000000000000000000000000000
010101111111111100011110010110000010000000000000000000000000000000000000000000000000000000000000
101000001111111011100011001000101011000000000000000000000000000000000000000000000000000000000000
010010110110110110101001001100100000000000000000000000000000000000000000000000000000000000000000
010001100111110001010100100010110110000000000000000000000000000000000000000000000000000000000000
010100011110110100110100000011111011000000000000000000000000000000000000000000000000000000000000
111001110111010001010110101001110011000000000000000000000000000000000000000000000000000000000000
110011100110110111100001101100110001000000000000000000000000000000000000000000000000000000000000
000010010000011101110001010101111111000000000000000000000000000000000000000000000000000000000000
100110000110111110011100111000011101000000000000000000000000000000000000000000000000000000000000
001111011011101011011010011000001001000000000000000000000000000000000000000000000000000000000000
001111101010110001010001100100100011000000000000000000000000000000000000000000000000000000000000
001000000101001000011000100011010101000000000000000000000000000000000000000000000000000000000000
011110111000110110101000011110001011000000000000000000000000000000000000000000000000000000000000
111001010100000111011001000110110010000000000000000000000000000000000000000000000000000000000000
010010001100101001000101011101101101000000000000000000000000000000000000000000000000000000000000
011000100011101100000110100000110110000000000000000000000000000000000000000000000000000000000000
110000100000011000101111010001111110000000000000000000000000000000000000000000000000000000000000
011011000110111111010010000001101101000000000000000000000000000000000000000000000000000000000000
011111111000010001110111111100100010000000000000000000000000000000000000000000000000000000000000
111100111001101000011010001000110110000000000000000000000000000000000000000000000000000000000000
100100011101111101101100111001100000000000000000000000000000000000000000000000000000000000000000
000111011001100010011101100111001100000000000000000000000000000000000000000000000000000000000000
111100111000110111011001100001001011000000000000000000000000000000000000000000000000000000000000
001111100001110111101010010010000111000000000000000000000000000000000000000000000000000000000000
111010111010001001001111101101011010000000000000000000000000000000000000000000000000000000000000
001010101010101000001110011110111110000000000000000000000000000000000000000000000000000000000000
100001001110000101101000011000111101000000000000000000000000000000000000000000000000000000000000
100101101010111000010001010000011000000000000000000000000000000000000000000000000000000000000000
001001010111000011001110001110011100000000000000000000000000000000000000000000000000000000000000
010000011101010100000100000110101001000000000000000000000000000000000000000000000000000000000000
010001011101000110111001110101101011000000000000000000000000000000000000000000000000000000000000
001100001110101010000101111101110001000000000000000000000000000000000000000000000000000000000000
000110100110100000001000100111111000000000000000000000000000000000000000000000000000000000000000
011011010100000101010010010100101101000000000000000000000000000000000000000000000000000000000000
101110000010101011010010111110011111000000000000000000000000000000000000000000000000000000000000
011101001001011001101001110110111101000000000000000000000000000000000000000000000000000000000000
001101000110100011000100110101101011000000000000000000000000000000000000000000000000000000000000
010001001101100110110011111011001100000000000000000000000000000000000000000000000000000000000000
001011011101001010011101110010000100000000000000000000000000000000000000000000000000000000000000
010010000101011100101100000111100010000000000000000000000000000000000000000000000000000000000000
000110100000011010101010101011111111000000000000000000000000000000000000000000000000000000000000
000010011000111101010001000101100011000000000000000000000000000000000000000000000000000000000000
101111111100110011000110001000010001000000000000000000000000000000000000000000000000000000000000
011010100010010101101010100011111011000000000000000000000000000000000000000000000000000000000000
101101111001111000011101101001111001000000000000000000000000000000000000000000000000000000000000
001010100010000111110110111000011101000000000000000000000000000000000000000000000000000000000000
111000001101101000101101100111100100000000000000000000000000000000000000000000000000000000000000
100001100110101111010111110000110111000000000000000000000000000000000000000000000000000000000000
000111100001110000100010000101101010000000000000000000000000000000000000000000000000000000000000
101111010000101101101101001010111100000000000000000000000000000000000000000000000000000000000000
010000011100110110010011110110111000000000000000000000000000000000000000000000000000000000000000
011110010010001011011110101110001010000000000000000000000000000000000000000000000000000000000000
000001101111110101100110000111011010000000000000000000000000000000000000000000000000000000000000
001000011011010001001011100110011000000000000000000000000000000000000000000000000000000000000000
000000100000000001111100101000010111000000000000000000000000000000000000000000000000000000000000
101010101001010000101110110110111110000000000000000000000000000000000000000000000000000000000000
000101011101100101000001100100101111000000000000000000000000000000000000000000000000000000000000
110100001000101111000010110011101010000000000000000000000000000000000000000000000000000000000000
100010001101100101000100100000110100000000000000000000000000000000000000000000000000000000000000
111111011111011000111000110010100101000000000000000000000000000000000000000000000000000000000000
111000000101010000010100100011100000000000000000000000000000000000000000000000000000000000000000
110010101110001010011000000100101011000000000000000000000000000000000000000000000000000000000000
001101011100110001110011101001001001000000000000000000000000000000000000000000000000000000000000
110001010111001011111000100000010110000000000000000000000000000000000000000000000000000000000000
011011000100001101000000010010010110000000000000000000000000000000000000000000000000000000000000
001111111001111110001100110100101110000000000000000000000000000000000000000000000000000000000000
011110000001101010100101110010001000000000000000000000000000000000000000000000000000000000000000
010100111011001000110011000000100001000000000000000000000000000000000000000000000000000000000000
110101000110111000111000010101101100000000000000000000000000000000000000000000000000000000000000
001010001110111010000101000011010001000000000000000000000000000000000000000000000000000000000000
100000101101010011110100000111000100000000000000000000000000000000000000000000000000000000000000
010010000101000001100001000100100001000000000000000000000000000000000000000000000000000000000000
101010011101000100010101100111101100000000000000000000000000000000000000000000000000000000000000
010011101010101011100000100011011000000000000000000000000000000000000000000000000000000000000000
011011010110001010100000110001110100000000000000000000000000000000000000000000000000000000000000
011111010100111001011101111110100111000000000000000000000000000000000000000000000000000000000000
001011001110101100001101010100000000000000000000000000000000000000000000000000000000000000000000
110101001001111010000111111111011110000000000000000000000000000000000000000000000000000000000000
111110111010010110111001000001001110000000000000000000000000000000000000000000000000000000000000
011000001001011001110001110101110111000000000000000000000000000000000000000000000000000000000000
010011010010010001000101000010111111000000000000000000000000000000000000000000000000000000000000
101011001000100000011101100110000110000000000000000000000000000000000000000000000000000000000000
010011011111110011100100011001000011000000000000000000000000000000000000000000000000000000000000
011111100100100100100000111011101010000000000000000000000000000000000000000000000000000000000000
000001110100010011001000100001110110000000000000000000000000000000000000000000000000000000000000
000011111011110110000100011000001010000000000000000000000000000000000000000000000000000000000000
001011001110100001111001100101111101000000000000000000000000000000000000000000000000000000000000
011111011100110010111000011110100110000000000000000000000000000000000000000000000000000000000000
011000100010111000110001000101001101000000000000000000000000000000000000000000000000000000000000
010001100001001111011111111101011011000000000000000000000000000000000000000000000000000000000000
011110000111001111101011011100111001000000000000000000000000000000000000000000000000000000000000
010010111100000100110010001010100000000000000000000000000000000000000000000000000000000000000000
001101111111001100011110010101001110000000000000000000000000000000000000000000000000000000000000
011110000000100010110010110011100000000000000000000000000000000000000000000000000000000000000000
001111001111101011010111000000001111000000000000000000000000000000000000000000000000000000000000
110001111010010111000101010111100101000000000000000000000000000000000000000000000000000000000000
110110101101101011001110101001011111000000000000000000000000000000000000000000000000000000000000
010110011111110110001000100111111001000000000000000000000000000000000000000000000000000000000000
101011010011011000111101110110001000000000000000000000000000000000000000000000000000000000000000
000010111101001101100010100101111011000000000000000000000000000000000000000000000000000000000000
111100110111101111000000011000011001000000000000000000000000000000000000000000000000000000000000
001000100111010011010010001000100111000000000000000000000000000000000000000000000000000000000000
101110100100101110000101001101010110000000000000000000000000000000000000000000000000000000000000
011111100101001001101011101101110111000000000000000000000000000000000000000000000000000000000000
001010110000111100100011001110011010000000000000000000000000000000000000000000000000000000000000
100110011001100010100001101010000100000000000000000000000000000000000000000000000000000000000000
001010101010000010100101000011110111000000000000000000000000000000000000000000000000000000000000
100111101001000000111101110100000000000000000000000000000000000000000000000000000000000000000000
101110100100110000001010001011101110000000000000000000000000000000000000000000000000000000000000
111101000100010110101000001111100001000000000000000000000000000000000000000000000000000000000000
001110000010010110000001001001101101000000000000000000000000000000000000000000000000000000000000
000101110111100100110101111011010110000000000000000000000000000000000000000000000000000000000000
110101010001011011110111111000011111000000000000000000000000000000000000000000000000000000000000
111010110100011110101101001111010110000000000000000000000000000000000000000000000000000000000000
011110100010001101100010010010110011000000000000000000000000000000000000000000000000000000000000
111010101010000001010001100010001111000000000000000000000000000000000000000000000000000000000000
100011001001100001110011011010000101000000000000000000000000000000000000000000000000000000000000
010011010110100101000100000100000111000000000000000000000000000000000000000000000000000000000000
011000101100001110011100000101111011000000000000000000000000000000000000000000000000000000000000
101101100001010011111100110100111110000000000000000000000000000000000000000000000000000000000000
001000001110101011011001110111011110000000000000000000000000000000000000000000000000000000000000
011110101000101100101001111001011000000000000000000000000000000000000000000000000000000000000000
000000000000001010101101010011010011000000000000000000000000000000000000000000000000000000000000
001110110111001111010001000110111110000000000000000000000000000000000000000000000000000000000000
001111011111010011011111101110000111000000000000000000000000000000000000000000000000000000000000
001110001110000110000011000001011101000000000000000000000000000000000000000000000000000000000000
110100101100000111011010000000010000000000000000000000000000000000000000000000000000000000000000
011011100101111111111000011000101110000000000000000000000000000000000000000000000000000000000000
011000010101101101011010010100101010000000000000000000000000000000000000000000000000000000000000
000000101010000101100110111101111001000000000000000000000000000000000000000000000000000000000000
001011011001001010000100000100001010000000000000000000000000000000000000000000000000000000000000
101110110010101011001001000001111001000000000000000000000000000000000000000000000000000000000000
111101111011110001010111101010110011000000000000000000000000000000000000000000000000000000000000
011001010110010110100101111000110010000000000000000000000000000000000000000000000000000000000000
111010111100100010110111010110110010000000000000000000000000000000000000000000000000000000000000
001111110100111110001001111100101000000000000000000000000000000000000000000000000000000000000000
100010111101000010101101110000000001000000000000000000000000000000000000000000000000000000000000
011111000000011011111111111111101000000000000000000000000000000000000000000000000000000000000000
000001011000110010001101111000110000000000000000000000000000000000000000000000000000000000000000
100110101011111000110010011010000011000000000000000000000000000000000000000000000000000000000000
001101111100100100101000010110011110000000000000000000000000000000000000000000000000000000000000
110001110011011111000001100101001000000000000000000000000000000000000000000000000000000000000000
010110100101110101110000011111100110000000000000000000000000000000000000000000000000000000000000
010001001101100100001110100011001100000000000000000000000000000000000000000000000000000000000000
010100101011110010000000101001000001000000000000000000000000000000000000000000000000000000000000
111011111011101110100110011101101001000000000000000000000000000000000000000000000000000000000000
001111001101001111110100010111111000000000000000000000000000000000000000000000000000000000000000
001000111111100111010110110001100011000000000000000000000000000000000000000000000000000000000000
000001011000010000100101110111101101000000000000000000000000000000000000000000000000000000000000
110010010001110010000010110111101101000000000000000000000000000000000000000000000000000000000000
110010110100100100101100000000000011000000000000000000000000000000000000000000000000000000000000
011101110111010110110001110010111111000000000000000000000000000000000000000000000000000000000000
110011110101111110110101100110110001000000000000000000000000000000000000000000000000000000000000
100011110010001010101111001001001001000000000000000000000000000000000000000000000000000000000000
011000001001110011010110001101011111000000000000000000000000000000000000000000000000000000000000
000100001010001111101001100010101001000000000000000000000000000000000000000000000000000000000000
010010101111011010111011100010000111000000000000000000000000000000000000000000000000000000000000
001000111000000101111010101001000001000000000000000000000000000000000000000000000000000000000000
110100110010000101001110110100110010000000000000000000000000000000000000000000000000000000000000
011110010111010011100011101100101000000000000000000000000000000000000000000000000000000000000000
001010010101000100110010111001000100000000000000000000000000000000000000000000000000000000000000
010000110110101100100101110010010101000000000000000000000000000000000000000000000000000000000000
000011100101101111101011001001000011000000000000000000000000000000000000000000000000000000000000
101100101110010011100011101101010100000000000000000000000000000000000000000000000000000000000000
101100110011010100101000100000010000000000000000000000000000000000000000000000000000000000000000
011111111000011101010111100101111011000000000000000000000000000000000000000000000000000000000000
010000101110101111100100000001101010000000000000000000000000000000000000000000000000000000000000
001001011001010011100011001100010000000000000000000000000000000000000000000000000000000000000000
111011101110000100101111001010101000000000000000000000000000000000000000000000000000000000000000
011000000010000000011111111001101001000000000000000000000000000000000000000000000000000000000000
101100110100111010101000010110101100000000000000000000000000000000000000000000000000000000000000
100110100000011010101011110011001010000000000000000000000000000000000000000000000000000000000000
011000111001100101001110000011110100000000000000000000000000000000000000000000000000000000000000
001010101001000001101100011001101001000000000000000000000000000000000000000000000000000000000000
101110010000010011011001011110110001000000000000000000000000000000000000000000000000000000000000
