110000100000011110011110010101110010000000000000000000000000000000000000000000000000000000000000
101011110001111100100011110101000101000000000000000000000000000000000000000000000000000000000000
011010010010011000010010111111011000000000000000000000000000000000000000000000000000000000000000
011100011100101010111100101100101111000000000000000000000000000000000000000000000000000000000000
011100110001101100001011110100110100000000000000000000000000000000000000000000000000000000000000
111010101101001011001110010110001010000000000000000000000000000000000000000000000000000000000000
000110100101100111011000111110110011000000000000000000000000000000000000000000000000000000000000
111100101011101101111110011011111010000000000000000000000000000000000000000000000000000000000000
010101010001011010010101110010011101000000000000000000000000000000000000000000000000000000000000
010000100101100010101000000110111001000000000000000000000000000000000000000000000000000000000000
111111000100001010100111110001110010000000000000000000000000000000000000000000000000000000000000
111101100000101101101110111010111101000000000000000000000000000000000000000000000000000000000000
110000011010001101110100110101111011000000000000000000000000000000000000000000000000000000000000
111011011000000100111100100011100110000000000000000000000000000000000000000000000000000000000000
010111001111001011101110110010110001000000000000000000000000000000000000000000000000000000000000
010111001101011111000111000111010001000000000000000000000000000000000000000000000000000000000000
010111011010000111011010010100001001000000000000000000000000000000000000000000000000000000000000
100011100011101110111101001101110010000000000000000000000000000000000000000000000000000000000000
010001100111111011101001010011001100000000000000000000000000000000000000000000000000000000000000
111111010010100101101100101011111000000000000000000000000000000000000000000000000000000000000000
100100100000111011011110100010000100000000000000000000000000000000000000000000000000000000000000
000111011110000010100100101001100101000000000000000000000000000000000000000000000000000000000000
000000101101010110011011010011011100000000000000000000000000000000000000000000000000000000000000
010001010100000000000100111010000111000000000000000000000000000000000000000000000000000000000000
000010001000100010111010110100111111000000000000000000000000000000000000000000000000000000000000
001001010000110100000010000000000011000000000000000000000000000000000000000000000000000000000000
010110111011011110011100111000101101000000000000000000000000000000000000000000000000000000000000
100100100100111111010110000010111010000000000000000000000000000000000000000000000000000000000000
010010010100010011010111111000111000000000000000000000000000000000000000000000000000000000000000
010111010110010011000001011110111001000000000000000000000000000000000000000000000000000000000000
001111101101010011111111110000001001000000000000000000000000000000000000000000000000000000000000
111001000101000011111010001011011010000000000000000000000000000000000000000000000000000000000000
010100101110010100000101110111100011000000000000000000000000000000000000000000000000000000000000
010011100101000101001100000010010001000000000000000000000000000000000000000000000000000000000000
100111100111111000110001001001101010000000000000000000000000000000000000000000000000000000000000
101101100110001001001000100001111111000000000000000000000000000000000000000000000000000000000000
111100000110000001110100100001011110000000000000000000000000000000000000000000000000000000000000
001000110101001010100101111100000000000000000000000000000000000000000000000000000000000000000000
110100000111011111011010101010001011000000000000000000000000000000000000000000000000000000000000
100000111011101101110110010010101101000000000000000000000000000000000000000000000000000000000000
101000111001110001001110010100001110000000000000000000000000000000000000000000000000000000000000
011001111101001001010111000111111010000000000000000000000000000000000000000000000000000000000000
010100011110110011001101011010111010000000000000000000000000000000000000000000000000000000000000
110011110100111001100000110011011010000000000000000000000000000000000000000000000000000000000000
101001111111000101001110111111001011000000000000000000000000000000000000000000000000000000000000
100101000010110011100001011110001110000000000000000000000000000000000000000000000000000000000000
101001001101001000100101111100000000000000000000000000000000000000000000000000000000000000000000
111010110000101000111011001111011111000000000000000000000000000000000000000000000000000000000000
000011001100001110010100011011010111000000000000000000000000000000000000000000000000000000000000
101010101110100100111011010010111011000000000000000000000000000000000000000000000000000000000000
011111110000111100100100001101011010000000000000000000000000000000000000000000000000000000000000
011011001111011100010110011011000010000000000000000000000000000000000000000000000000000000000000
001011010111111000100000011001010001000000000000000000000000000000000000000000000000000000000000
100100101111111000011101001000101110000000000000000000000000000000000000000000000000000000000000
010001100111001010110100000011110010000000000000000000000000000000000000000000000000000000000000
001001001110111101000101111110101011000000000000000000000000000000000000000000000000000000000000
110110101010010101010110001000111000000000000000000000000000000000000000000000000000000000000000
110100011111100101001100110011101010000000000000000000000000000000000000000000000000000000000000
100100011101011100011011110010010111000000000000000000000000000000000000000000000000000000000000
011110011111010010100011011101010111000000000000000000000000000000000000000000000000000000000000
111100110100000010101110100011000000000000000000000000000000000000000000000000000000000000000000
010110011100100010101110110111111010000000000000000000000000000000000000000000000000000000000000
110100100011011100110101111101100101000000000000000000000000000000000000000000000000000000000000
111110001010001010001100100110000101000000000000000000000000000000000000000000000000000000000000
111011111010101101101101010100100010000000000000000000000000000000000000000000000000000000000000
011110110101011010011101101100101100000000000000000000000000000000000000000000000000000000000000
011001100000000100001100111000100000000000000000000000000000000000000000000000000000000000000000
110101100111110000110110001001010001000000000000000000000000000000000000000000000000000000000000
000111001010000101000110000000010000000000000000000000000000000000000000000000000000000000000000
100011010110101000011101111101100111000000000000000000000000000000000000000000000000000000000000
101111010111100010011110110001110001000000000000000000000000000000000000000000000000000000000000
100011010010111101000000010001110010000000000000000000000000000000000000000000000000000000000000
101101110010000001111001001110001111000000000000000000000000000000000000000000000000000000000000
001001101110010111101011110011111100000000000000000000000000000000000000000000000000000000000000
000000011110100000100011100000011011000000000000000000000000000000000000000000000000000000000000
110001110101110110010101111101001000000000000000000000000000000000000000000000000000000000000000
001100010001000010000100011000110110000000000000000000000000000000000000000000000000000000000000
001000110100110000000100110000000101000000000000000000000000000000000000000000000000000000000000
000001000010011110110100000101100011000000000000000000000000000000000000000000000000000000000000
010111100000111110100110011000111000000000000000000000000000000000000000000000000000000000000000
111010001101111101111100101111111101000000000000000000000000000000000000000000000000000000000000
100110011110111111011110111100110111000000000000000000000000000000000000000000000000000000000000
001001100000001001010000111011011001000000000000000000000000000000000000000000000000000000000000
001101011000000111010111010010110000000000000000000000000000000000000000000000000000000000000000
100110011110001010000010011000000010000000000000000000000000000000000000000000000000000000000000
110010001011010100110110010001111001000000000000000000000000000000000000000000000000000000000000
001010000000101100100010001111011010000000000000000000000000000000000000000000000000000000000000
010111101101100110101110001110000110000000000000000000000000000000000000000000000000000000000000
100110000000100010011011100000111100000000000000000000000000000000000000000000000000000000000000
011100111111101101001101010000101010000000000000000000000000000000000000000000000000000000000000
111001111101011111100010001100001111000000000000000000000000000000000000000000000000000000000000
010101111010110011001001000111010001000000000000000000000000000000000000000000000000000000000000
110011111001110110101010110001010011000000000000000000000000000000000000000000000000000000000000
010101010010111010101110010001010000000000000000000000000000000000000000000000000000000000000000
111001101111001100100001010010011111000000000000000000000000000000000000000000000000000000000000
010101000001110100101101110111110011000000000000000000000000000000000000000000000000000000000000
010111000100100000100101011001010000000000000000000000000000000000000000000000000000000000000000
010101011001000011000111001000000111000000000000000000000000000000000000000000000000000000000000
000111101001000100001010001001000110000000000000000000000000000000000000000000000000000000000000
100011010001010000010001001001001100000000000000000000000000000000000000000000000000000000000000
001010101111011000111011100011001101000000000000000000000000000000000000000000000000000000000000
011101101010100011000000100000111010000000000000000000000000000000000000000000000000000000000000
010101010100011111110110010111111101000000000000000000000000000000000000000000000000000000000000
111011110111010100010110011100101101000000000000000000000000000000000000000000000000000000000000
010100101110011101101111101001101101000000000000000000000000000000000000000000000000000000000000
010100110000110011110111100011001000000000000000000000000000000000000000000000000000000000000000
001110001000011001101110110010110101000000000000000000000000000000000000000000000000000000000000
110111011100011110100011010010001011000000000000000000000000000000000000000000000000000000000000
111011010111111100000001111000000101000000000000000000000000000000000000000000000000000000000000
000100111011011100000011010101011110000000000000000000000000000000000000000000000000000000000000
101010100011101100000000011010000011000000000000000000000000000000000000000000000000000000000000
011001010001010100000101000100001011000000000000000000000000000000000000000000000000000000000000
101110010000100101111101100101011100000000000000000000000000000000000000000000000000000000000000
101010111101100111111111101001100000000000000000000000000000000000000000000000000000000000000000
011000010100110011110110010011011001000000000000000000000000000000000000000000000000000000000000
011100011100010101101100101110000110000000000000000000000000000000000000000000000000000000000000
101111101001010011101010010010000111000000000000000000000000000000000000000000000000000000000000
110111011100001010101100111010111000000000000000000000000000000000000000000000000000000000000000
010011100100000011110111110000101000000000000000000000000000000000000000000000000000000000000000
001000001101001000000100110100000100000000000000000000000000000000000000000000000000000000000000
100001011100101011100100001000100010000000000000000000000000000000000000000000000000000000000000
011100010001110000001101000101111000000000000000000000000000000000000000000000000000000000000000
000010011010101110100101110011010110000000000000000000000000000000000000000000000000000000000000
000011010100111111001011011111010001000000000000000000000000000000000000000000000000000000000000
000110011001111011010001001111000001000000000000000000000000000000000000000000000000000000000000
001011101101011000110110001010010000000000000000000000000000000000000000000000000000000000000000
000111100001100001110011101110000010000000000000000000000000000000000000000000000000000000000000
001111000011100100001010101100011110000000000000000000000000000000000000000000000000000000000000
000011110011110100010001100100010110000000000000000000000000000000000000000000000000000000000000
100111111011011001000111110110000010000000000000000000000000000000000000000000000000000000000000
101001001110011000001101010001101010000000000000000000000000000000000000000000000000000000000000
001100100011011000001000101000100101000000000000000000000000000000000000000000000000000000000000
101011010001100001011101011010101111000000000000000000000000000000000000000000000000000000000000
011000101011101100011100010101110010000000000000000000000000000000000000000000000000000000000000
011011001101001101101001000001101111000000000000000000000000000000000000000000000000000000000000
110110011000001001000110000010001101000000000000000000000000000000000000000000000000000000000000
111100000000111010100110011100000011000000000000000000000000000000000000000000000000000000000000
011100110011010111110011111010011111000000000000000000000000000000000000000000000000000000000000
000111000001011111010010110001111100000000000000000000000000000000000000000000000000000000000000
100100111110100110000000010101101001000000000000000000000000000000000000000000000000000000000000
100100111010100010010000101100000001000000000000000000000000000000000000000000000000000000000000
110110110011100110010111010100111100000000000000000000000000000000000000000000000000000000000000
000011101110111011001010111000011101000000000000000000000000000000000000000000000000000000000000
001101000100111100011011000011111001000000000000000000000000000000000000000000000000000000000000
010000011110001110011101000000110001000000000000000000000000000000000000000000000000000000000000
110001111111000001110100101110010001000000000000000000000000000000000000000000000000000000000000
100001110011010010001011000010011110000000000000000000000000000000000000000000000000000000000000
110000001101001101001110010000100111000000000000000000000000000000000000000000000000000000000000
010110100111010111000000101111001111000000000000000000000000000000000000000000000000000000000000
100010000000111011010001111010100110000000000000000000000000000000000000000000000000000000000000
010100110100111100001001111000011111000000000000000000000000000000000000000000000000000000000000
101010111101001110100110100110011111000000000000000000000000000000000000000000000000000000000000
000001010010100001000101010111011101000000000000000000000000000000000000000000000000000000000000
101010000100001100000001101001000101000000000000000000000000000000000000000000000000000000000000
110010111101011010111001011100100001000000000000000000000000000000000000000000000000000000000000
111011000010000011101000100000010010000000000000000000000000000000000000000000000000000000000000
001111000110101100001000001101110111000000000000000000000000000000000000000000000000000000000000
000001000000110010110010110100100110000000000000000000000000000000000000000000000000000000000000
101010001001110100000111100010110110000000000000000000000000000000000000000000000000000000000000
101110101100010101111011101001101001000000000000000000000000000000000000000000000000000000000000
111110010001011000010100000010100111000000000000000000000000000000000000000000000000000000000000
000010101111011101100000010110001101000000000000000000000000000000000000000000000000000000000000
100000001101100100110010011001001001000000000000000000000000000000000000000000000000000000000000
101100101010011000101111001101011011000000000000000000000000000000000000000000000000000000000000
000100100111011011010110101010101010000000000000000000000000000000000000000000000000000000000000
111111111101110110010110000100001110000000000000000000000000000000000000000000000000000000000000
101000010011100111001111001100110100000000000000000000000000000000000000000000000000000000000000
110011101010110101100000100110001110000000000000000000000000000000000000000000000000000000000000
011100101010000110010001011111111010000000000000000000000000000000000000000000000000000000000000
101011000000001010001111010001011100000000000000000000000000000000000000000000000000000000000000
111111010101111110111100100011111001000000000000000000000000000000000000000000000000000000000000
000110000100001111101000000011101011000000000000000000000000000000000000000000000000000000000000
100111110110000010011110001110011100000000000000000000000000000000000000000000000000000000000000
110111110110011001011000010101100010000000000000000000000000000000000000000000000000000000000000
001110111110100010001111100100001101000000000000000000000000000000000000000000000000000000000000
111100011001001110111111100001001000000000000000000000000000000000000000000000000000000000000000
101011011110111000100100011001000001000000000000000000000000000000000000000000000000000000000000
110100001100001010111101000000011010000000000000000000000000000000000000000000000000000000000000
100111011000101001100001110001000000000000000000000000000000000000000000000000000000000000000000
011101100111001001111110011010111000000000000000000000000000000000000000000000000000000000000000
011110110001010100111101100000000000000000000000000000000000000000000000000000000000000000000000
000110100100100101100111010011101101000000000000000000000000000000000000000000000000000000000000
001111110111111110110010100001011000000000000000000000000000000000000000000000000000000000000000
000000100100001010111110100111110100000000000000000000000000000000000000000000000000000000000000
110111001000101011110100010100110100000000000000000000000000000000000000000000000000000000000000
011000000101001000101111010001101101000000000000000000000000000000000000000000000000000000000000
011011111001010010100011010110111001000000000000000000000000000000000000000000000000000000000000
011010110011110110111111100001101111000000000000000000000000000000000000000000000000000000000000
100110000100110100011110000010000101000000000000000000000000000000000000000000000000000000000000
011110111010110100010110000011111011000000000000000000000000000000000000000000000000000000000000
101101011011000110110110101101011111000000000000000000000000000000000000000000000000000000000000
010110011111011110000101110100101000000000000000000000000000000000000000000000000000000000000000
100101101010000011110101001110010011000000000000000000000000000000000000000000000000000000000000
111110110100000010111000101001111110000000000000000000000000000000000000000000000000000000000000
001101110001000110110100111011000101000000000000000000000000000000000000000000000000000000000000
110111111000001110100101011010101010000000000000000000000000000000000000000000000000000000000000
000110111010111011111110000001101101000000000000000000000000000000000000000000000000000000000000
101111110110110111111010100101101000000000000000000000000000000000000000000000000000000000000000
111100010101000000111000111100111000000000000000000000000000000000000000000000000000000000000000
001101000000110010100000100101000111000000000000000000000000000000000000000000000000000000000000
001100111001001111000011011000001101000000000000000000000000000000000000000000000000000000000000
110110100011100001011111011000011001000000000000000000000000000000000000000000000000000000000000
000111101100111100010001010111110110000000000000000000000000000000000000000000000000000000000000
110110110001100110111111110001101011000000000000000000000000000000000000000000000000000000000000
101010100111011000011111011001110111000000000000000000000000000000000000000000000000000000000000
111010011100011100101011110101100111000000000000000000000000000000000000000000000000000000000000
010111110010010011000000000001010100000000000000000000000000000000000000000000000000000000000000
110001010010001110111001011001110010000000000000000000000000000000000000000000000000000000000000
110101010100111001110110110110101000000000000000000000000000000000000000000000000000000000000000
100111010011011010010101001001111001000000000000000000000000000000000000000000000000000000000000
100100000111101011011000100100101000000000000000000000000000000000000000000000000000000000000000
100101111011111101001010010010010001000000000000000000000000000000000000000000000000000000000000
100010011011110111011011011111010111000000000000000000000000000000000000000000000000000000000000
010000001001000110111000111101100010000000000000000000000000000000000000000000000000000000000000
101100101000001111001111010110011010000000000000000000000000000000000000000000000000000000000000
011100100101001000000100011101010000000000000000000000000000000000000000000000000000000000000000
101000001000010110101100110001001110000000000000000000000000000000000000000000000000000000000000
010101100101001110110010000110101100000000000000000000000000000000000000000000000000000000000000
000100100011011101011001110000001000000000000000000000000000000000000000000000000000000000000000
010111011100111010111111111111000111000000000000000000000000000000000000000000000000000000000000
101001001111101011100001100011100000000000000000000000000000000000000000000000000000000000000000
100100001101011101101000110100101101000000000000000000000000000000000000000000000000000000000000
101001101011010100001111111100110001000000000000000000000000000000000000000000000000000000000000
010011110111111010101011011100010110000000000000000000000000000000000000000000000000000000000000
110010011000000111011111110110011101000000000000000000000000000000000000000000000000000000000000
000001111111111111011100011010101011000000000000000000000000000000000000000000000000000000000000
100101001000011101010100101011000110000000000000000000000000000000000000000000000000000000000000
111011110011110011001010111110011111000000000000000000000000000000000000000000000000000000000000
110011001000111101111010010001100101000000000000000000000000000000000000000000000000000000000000
000111111110001110010100101010101100000000000000000000000000000000000000000000000000000000000000
110000110111100011001001010111000001000000000000000000000000000000000000000000000000000000000000
001100011100110110001101000000110011000000000000000000000000000000000000000000000000000000000000
111000001100100010111111000001100001000000000000000000000000000000000000000000000000000000000000
000111011101011001101101111000100001000000000000000000000000000000000000000000000000000000000000
011101101010001101100101010011100110000000000000000000000000000000000000000000000000000000000000
100100011010111110000111101101000001000000000000000000000000000000000000000000000000000000000000
110100111100010010000000100011010001000000000000000000000000000000000000000000000000000000000000
000001111101011001100111011011111110000000000000000000000000000000000000000000000000000000000000
110001000011011010100110111100110100000000000000000000000000000000000000000000000000000000000000
001001111111111000000010011101010110000000000000000000000000000000000000000000000000000000000000
000001011001101000011111011010100100000000000000000000000000000000000000000000000000000000000000
101110011100010000110011011011111101000000000000000000000000000000000000000000000000000000000000
100100100101111110010000000001110101000000000000000000000000000000000000000000000000000000000000
010000010111011100110100011100110110000000000000000000000000000000000000000000000000000000000000
111101100001001000111101111110101100000000000000000000000000000000000000000000000000000000000000
000001100111100101001110000100010110000000000000000000000000000000000000000000000000000000000000
110100101001011010001001001111001000000000000000000000000000000000000000000000000000000000000000
001011111111111000100001010001100010000000000000000000000000000000000000000000000000000000000000
111011010101011111101001100011110000000000000000000000000000000000000000000000000000000000000000
001100110010000101001111100010000001000000000000000000000000000000000000000000000000000000000000
001011000001011001011111011100110111000000000000000000000000000000000000000000000000000000000000
100110011000100001000010111000100000000000000000000000000000000000000000000000000000000000000000
110000100110101100111000101101010111000000000000000000000000000000000000000000000000000000000000
101111111011010111010010111100010000000000000000000000000000000000000000000000000000000000000000
100100010110100100000000101000001111000000000000000000000000000000000000000000000000000000000000
101110000010110011110111101000100100000000000000000000000000000000000000000000000000000000000000
110111000111010111010110001011100000000000000000000000000000000000000000000000000000000000000000
111010111111000100000100100001100011000000000000000000000000000000000000000000000000000000000000
111011001001010110011111000010100011000000000000000000000000000000000000000000000000000000000000
100000111111100100001110101000001010000000000000000000000000000000000000000000000000000000000000
111001110100101100010001011000000100000000000000000000000000000000000000000000000000000000000000
110100111010000100001101000111000010000000000000000000000000000000000000000000000000000000000000
111001001100111010100100110110011010000000000000000000000000000000000000000000000000000000000000
000010000011000110110001010010100001000000000000000000000000000000000000000000000000000000000000
001100010111010000110010011010101011000000000000000000000000000000000000000000000000000000000000
000011101001110000111010000001100010000000000000000000000000000000000000000000000000000000000000
100011010000101100110110011110101010000000000000000000000000000000000000000000000000000000000000
101001101100110100011010111000001001000000000000000000000000000000000000000000000000000000000000
001100110011010011000111000010010111000000000000000000000000000000000000000000000000000000000000
110010110100011111000101010001100101000000000000000000000000000000000000000000000000000000000000
000100101110101010110101000001100111000000000000000000000000000000000000000000000000000000000000
010100111001010110011101000100011100000000000000000000000000000000000000000000000000000000000000
111011000101110101001011111010100100000000000000000000000000000000000000000000000000000000000000
100100111001011001000110111011101101000000000000000000000000000000000000000000000000000000000000
001100000000101100100110101110100000000000000000000000000000000000000000000000000000000000000000
000000001000100001111001111101110010000000000000000000000000000000000000000000000000000000000000
100100101110001111101000100011001011000000000000000000000000000000000000000000000000000000000000
100111110110101011111110000010011000000000000000000000000000000000000000000000000000000000000000
010001011111111001100001101011010100000000000000000000000000000000000000000000000000000000000000
100101101001010000111010010100000101000000000000000000000000000000000000000000000000000000000000
011011100101010101100001100001101101000000000000000000000000000000000000000000000000000000000000
111011011001100110101101101100011101000000000000000000000000000000000000000000000000000000000000
110110111111111110111001010001001111000000000000000000000000000000000000000000000000000000000000
001010010110111100101111001000010100000000000000000000000000000000000000000000000000000000000000
100100101100001101111111110101000011000000000000000000000000000000000000000000000000000000000000
101001100000100111111101110111010001000000000000000000000000000000000000000000000000000000000000
010000100100001101111111101001101011000000000000000000000000000000000000000000000000000000000000
000100101011111110011100101010100111000000000000000000000000000000000000000000000000000000000000
101011101110100101100011011011110100000000000000000000000000000000000000000000000000000000000000
100100000110100100101110010000010100000000000000000000000000000000000000000000000000000000000000
100100101111100111010111100100101101000000000000000000000000000000000000000000000000000000000000
011001110000010000001011111000010001000000000000000000000000000000000000000000000000000000000000
111000001001101001011011101001011110000000000000000000000000000000000000000000000000000000000000
111111000000101111000100010110100011000000000000000000000000000000000000000000000000000000000000
110111010010010000101010100101111111000000000000000000000000000000000000000000000000000000000000
001110100011001110001010101110011110000000000000000000000000000000000000000000000000000000000000
101100101101100111000010001011100101000000000000000000000000000000000000000000000000000000000000
001110010000101100111000111101010011000000000000000000000000000000000000000000000000000000000000
001111101001001011001010011001000110000000000000000000000000000000000000000000000000000000000000
011111111010011110101010110111100100000000000000000000000000000000000000000000000000000000000000
011110000000110110100101110001111010000000000000000000000000000000000000000000000000000000000000
100011101000010000100111101100100011000000000000000000000000000000000000000000000000000000000000
101100011100101010011010100001011010000000000000000000000000000000000000000000000000000000000000
011101011010001010101100101111010000000000000000000000000000000000000000000000000000000000000000
111001010101101011010010011100111000000000000000000000000000000000000000000000000000000000000000
011000101100100011011010110010000010000000000000000000000000000000000000000000000000000000000000
000111111111001001010110011000101000000000000000000000000000000000000000000000000000000000000000
011011001010101000100100010100111110000000000000000000000000000000000000000000000000000000000000
100011100001010100000011010010111101000000000000000000000000000000000000000000000000000000000000
001011100101111011101101000111111000000000000000000000000000000000000000000000000000000000000000
100101101101000100110100111010110000000000000000000000000000000000000000000000000000000000000000
110011101000001111110000110001110010000000000000000000000000000000000000000000000000000000000000
101101010110101010101000001110101110000000000000000000000000000000000000000000000000000000000000
001101111101100110001100000001110011000000000000000000000000000000000000000000000000000000000000
111101101110011100010111000111110100000000000000000000000000000000000000000000000000000000000000
110000110001010100010010101111011100000000000000000000000000000000000000000000000000000000000000
101111101000000100000101010100111001000000000000000000000000000000000000000000000000000000000000
100101110000111100000110111110101010000000000000000000000000000000000000000000000000000000000000
001011110101101110010100110010000101000000000000000000000000000000000000000000000000000000000000
011111101111000101001110000011100000000000000000000000000000000000000000000000000000000000000000
010010110100100100111001000110101010000000000000000000000000000000000000000000000000000000000000
111101110111010001001101111010010111000000000000000000000000000000000000000000000000000000000000
011110111001010011110000011100110011000000000000000000000000000000000000000000000000000000000000
010011101111011011000110000001101000000000000000000000000000000000000000000000000000000000000000
110101110101001000100010010010111100000000000000000000000000000000000000000000000000000000000000
110101100011101101001011110110111101000000000000000000000000000000000000000000000000000000000000
010100011110010010001010110011010011000000000000000000000000000000000000000000000000000000000000
011010011000001110010111101101110100000000000000000000000000000000000000000000000000000000000000
000001110011101111111010000100111100000000000000000000000000000000000000000000000000000000000000
110001101110111001110011010001011110000000000000000000000000000000000000000000000000000000000000
100101011110010110011101100011010111000000000000000000000000000000000000000000000000000000000000
101011110011110100001010111100110010000000000000000000000000000000000000000000000000000000000000
111111001111000110001110000011111100000000000000000000000000000000000000000000000000000000000000
101101010110101000010101100011000001000000000000000000000000000000000000000000000000000000000000
010111110110100110111000110011100011000000000000000000000000000000000000000000000000000000000000
010101100000101111011001000110001100000000000000000000000000000000000000000000000000000000000000
010011100101000100000111010100011010000000000000000000000000000000000000000000000000000000000000
110100001010000101000101110101001010000000000000000000000000000000000000000000000000000000000000
100000011111000011100101100100110000000000000000000000000000000000000000000000000000000000000000
000110110110000100001001101001110101000000000000000000000000000000000000000000000000000000000000
010001010000011000110111100101001000000000000000000000000000000000000000000000000000000000000000
110011010100000101100110011000001110000000000000000000000000000000000000000000000000000000000000
110011001111010001100101010110101010000000000000000000000000000000000000000000000000000000000000
111101001111100101111001011011011000000000000000000000000000000000000000000000000000000000000000
101111110110001001111111111001100101000000000000000000000000000000000000000000000000000000000000
001110010000000010110000111010011000000000000000000000000000000000000000000000000000000000000000
011101100000000001000011100000001001000000000000000000000000000000000000000000000000000000000000
000100010101110010101100111101011000000000000000000000000000000000000000000000000000000000000000
001100000001110111110000110100101100000000000000000000000000000000000000000000000000000000000000
110000001000101011001100000110110011000000000000000000000000000000000000000000000000000000000000
100111001010010010100000010100010000000000000000000000000000000000000000000000000000000000000000
101111010000001011001010000110110010000000000000000000000000000000000000000000000000000000000000
010001010010101110101111011000111100000000000000000000000000000000000000000000000000000000000000
001100001010000111001010000000000010000000000000000000000000000000000000000000000000000000000000
010110111101001110000110101100110101000000000000000000000000000000000000000000000000000000000000
000000101011011000010000000110100001000000000000000000000000000000000000000000000000000000000000
101000100101001000000001110100100110000000000000000000000000000000000000000000000000000000000000
100111101010100100111100001011101110000000000000000000000000000000000000000000000000000000000000
100011001000110000010011110010011010000000000000000000000000000000000000000000000000000000000000
110000111001010001010000010001110011000000000000000000000000000000000000000000000000000000000000
100101110101111001011010110101100011000000000000000000000000000000000000000000000000000000000000
010011111000100100000101000110110110000000000000000000000000000000000000000000000000000000000000
100010111101010100010011000110000010000000000000000000000000000000000000000000000000000000000000
001010000111000001000110000110100100000000000000000000000000000000000000000000000000000000000000
100000010001001110010110110110010001000000000000000000000000000000000000000000000000000000000000
110001001100101111111111010101101101000000000000000000000000000000000000000000000000000000000000
011000110100010011111011110011110000000000000000000000000000000000000000000000000000000000000000
011110000010110110110101000101100100000000000000000000000000000000000000000000000000000000000000
101011001000000111110010001010111100000000000000000000000000000000000000000000000000000000000000
010110111001010010001010011011001010000000000000000000000000000000000000000000000000000000000000
111110101011001101110110100000010110000000000000000000000000000000000000000000000000000000000000
001000110000011110101001110101000011000000000000000000000000000000000000000000000000000000000000
111101100011100100000011110011110101000000000000000000000000000000000000000000000000000000000000
111010101010001010001011000000010101000000000000000000000000000000000000000000000000000000000000
110010011110011110110110010110101110000000000000000000000000000000000000000000000000000000000000
100111001011011000101100001011011000000000000000000000000000000000000000000000000000000000000000
000011111000010001011000111100000111000000000000000000000000000000000000000000000000000000000000
111110111001100111100010100111110010000000000000000000000000000000000000000000000000000000000000
001101000111001100001111101101100011000000000000000000000000000000000000000000000000000000000000
110010000101011001000110110011101110000000000000000000000000000000000000000000000000000000000000
000100111100111111100110101010011010000000000000000000000000000000000000000000000000000000000000
110010011101111110111010000011010111000000000000000000000000000000000000000000000000000000000000
111010110000001001100011010010001110000000000000000000000000000000000000000000000000000000000000
011011110100000001101101101101011001000000000000000000000000000000000000000000000000000000000000
010000011110011110000001011001101110000000000000000000000000000000000000000000000000000000000000
010101010010001101010111001010010010000000000000000000000000000000000000000000000000000000000000
001000100110000010010111000000010101000000000000000000000000000000000000000000000000000000000000
010011001101010011000001101010001000000000000000000000000000000000000000000000000000000000000000
101110001000011001100010110000101110000000000000000000000000000000000000000000000000000000000000
000000001001110010001110101111010011000000000000000000000000000000000000000000000000000000000000
000011111011011001100001101100001110000000000000000000000000000000000000000000000000000000000000
110001011100011000000010100110110000000000000000000000000000000000000000000000000000000000000000
001011000100110011101111110011010010000000000000000000000000000000000000000000000000000000000000
011101111011010101001101000001100101000000000000000000000000000000000000000000000000000000000000
100110001111111001100101011011001001000000000000000000000000000000000000000000000000000000000000
001010101100110100110111010100011111000000000000000000000000000000000000000000000000000000000000
100010011110011011000011011011111100000000000000000000000000000000000000000000000000000000000000
001110001011001100100100001111000101000000000000000000000000000000000000000000000000000000000000
110001111101100011001001001000000001000000000000000000000000000000000000000000000000000000000000
111011101111111110110000111111101001000000000000000000000000000000000000000000000000000000000000
011101001010100111010011010100011110000000000000000000000000000000000000000000000000000000000000
110010100010001111000001101101110111000000000000000000000000000000000000000000000000000000000000
011111110101001111001100011010000111000000000000000000000000000000000000000000000000000000000000
110111111111011110001101110011110110000000000000000000000000000000000000000000000000000000000000
111000011010000000001101101100111100000000000000000000000000000000000000000000000000000000000000
110110011011110110001001001100001010000000000000000000000000000000000000000000000000000000000000
100010011010001001000010011000001010000000000000000000000000000000000000000000000000000000000000
000010011011011110011111110001001001000000000000000000000000000000000000000000000000000000000000
111111111111010110111000101000110001000000000000000000000000000000000000000000000000000000000000
010110000000110010000110001100100010000000000000000000000000000000000000000000000000000000000000
100111000101001110101111011010011100000000000000000000000000000000000000000000000000000000000000
111110010011101111011100100000100000000000000000000000000000000000000000000000000000000000000000
111101001011011010111110011011100001000000000000000000000000000000000000000000000000000000000000
110000000000111111110111011100011101000000000000000000000000000000000000000000000000000000000000
111100100110101011000001011010110010000000000000000000000000000000000000000000000000000000000000
111111011101000111011110111000010001000000000000000000000000000000000000000000000000000000000000
111100101000100101110011001000000010000000000000000000000000000000000000000000000000000000000000
001110111110001001100110001010010001000000000000000000000000000000000000000000000000000000000000
111110010111101100000110000001111001000000000000000000000000000000000000000000000000000000000000
110001111110110001100011010100011001000000000000000000000000000000000000000000000000000000000000
111011000111111001101001011011110011000000000000000000000000000000000000000000000000000000000000
100111000001101001000010010111011011000000000000000000000000000000000000000000000000000000000000
011111001111011111000010111100000000000000000000000000000000000000000000000000000000000000000000
100001000111100011100010001010101110000000000000000000000000000000000000000000000000000000000000
011001001111111000100110110000110110000000000000000000000000000000000000000000000000000000000000
010011010010111100101011011010000100000000000000000000000000000000000000000000000000000000000000
100000001101101011011010101001110001000000000000000000000000000000000000000000000000000000000000
000101000011111000000101111111010111000000000000000000000000000000000000000000000000000000000000
001101000100111011010101000100001011000000000000000000000000000000000000000000000000000000000000
110111110111010110011111010001000000000000000000000000000000000000000000000000000000000000000000
100011000010000101000101100001111100000000000000000000000000000000000000000000000000000000000000
011001000011100000011101100100001011000000000000000000000000000000000000000000000000000000000000
010111110000111101011001010110111111000000000000000000000000000000000000000000000000000000000000
100101010000010000010110001111101010000000000000000000000000000000000000000000000000000000000000
011001010001011100111010100111000101000000000000000000000000000000000000000000000000000000000000
000100111100001001011000001111100101000000000000000000000000000000000000000000000000000000000000
110001000010011000110001100010101101000000000000000000000000000000000000000000000000000000000000
010110010110000100101011101110010111000000000000000000000000000000000000000000000000000000000000
111110110000001001001100001100101000000000000000000000000000000000000000000000000000000000000000
101000010110101110011100100101100001000000000000000000000000000000000000000000000000000000000000
000000101110001110101100101100101101000000000000000000000000000000000000000000000000000000000000
011100001100001110100011100111001001000000000000000000000000000000000000000000000000000000000000
101101111010111000100111101100111111000000000000000000000000000000000000000000000000000000000000
111101010000010011101101010110001000000000000000000000000000000000000000000000000000000000000000
110100100000110011011010111101011111000000000000000000000000000000000000000000000000000000000000
010110110000111011010100110010111110000000000000000000000000000000000000000000000000000000000000
011110000111110010001111101100010001000000000000000000000000000000000000000000000000000000000000
000110100110000010000000110010110101000000000000000000000000000000000000000000000000000000000000
001110011111011011101111000010110011000000000000000000000000000000000000000000000000000000000000
101100011000111111001011101101010011000000000000000000000000000000000000000000000000000000000000
101100100101100011001100010000000010000000000000000000000000000000000000000000000000000000000000
110000111001010101000101000100010000000000000000000000000000000000000000000000000000000000000000
000111001010110101010010100010111000000000000000000000000000000000000000000000000000000000000000
000100011011111111000100000011001010000000000000000000000000000000000000000000000000000000000000
111010101000010011101001100111100011000000000000000000000000000000000000000000000000000000000000
111011100101010110011000000010011010000000000000000000000000000000000000000000000000000000000000
110001001100000100000111110010011010000000000000000000000000000000000000000000000000000000000000
110010001010111010100010110110010000000000000000000000000000000000000000000000000000000000000000
001111100110100111101101000011001000000000000000000000000000000000000000000000000000000000000000
111110000101011010100111101100101101000000000000000000000000000000000000000000000000000000000000
101101000111101101001000011000110001000000000000000000000000000000000000000000000000000000000000
001010001010000110010010011101011111000000000000000000000000000000000000000000000000000000000000
100001101000011011101100011011010100000000000000000000000000000000000000000000000000000000000000
111011010011101001101101101100001110000000000000000000000000000000000000000000000000000000000000
000111000100101001100011001110001000000000000000000000000000000000000000000000000000000000000000
001101111001010010010111000010000101000000000000000000000000000000000000000000000000000000000000
110100001110101110101100011011000101000000000000000000000000000000000000000000000000000000000000
110110010111001100100000011001100010000000000000000000000000000000000000000000000000000000000000
011101110100111011011101101101001010000000000000000000000000000000000000000000000000000000000000
110111010001011101011010001001100010000000000000000000000000000000000000000000000000000000000000
110111110110101101111101011101011011000000000000000000000000000000000000000000000000000000000000
010100010000001111111001110011000100000000000000000000000000000000000000000000000000000000000000
010010010011111010100000001111111000000000000000000000000000000000000000000000000000000000000000
101010000110000001100000101011000100000000000000000000000000000000000000000000000000000000000000
110001000001111111011111010100101110000000000000000000000000000000000000000000000000000000000000
110100101001110000110111101001010010000000000000000000000000000000000000000000000000000000000000
110000000011010011000000100110011000000000000000000000000000000000000000000000000000000000000000
010000110011100101001111001010000101000000000000000000000000000000000000000000000000000000000000
011111000110011001011100100111000111000000000000000000000000000000000000000000000000000000000000
101110101010111101011001010000011000000000000000000000000000000000000000000000000000000000000000
011100101111111111011101111010111000000000000000000000000000000000000000000000000000000000000000
000100110000011010110010100010010000000000000000000000000000000000000000000000000000000000000000
011001010010100011110100000100100010000000000000000000000000000000000000000000000000000000000000
000101001001001110010010101111111010000000000000000000000000000000000000000000000000000000000000
111111000001110001111000001100101010000000000000000000000000000000000000000000000000000000000000
111011100011111000000000011000111011000000000000000000000000000000000000000000000000000000000000
000011011000000010010110010010111001000000000000000000000000000000000000000000000000000000000000
110011100100101001100101100011101001000000000000000000000000000000000000000000000000000000000000
000011000101000111000001111101001101000000000000000000000000000000000000000000000000000000000000
110000011100000000000000100110011111000000000000000000000000000000000000000000000000000000000000
011000001010111000100000100001100101000000000000000000000000000000000000000000000000000000000000
010000100010100111101101101001011001000000000000000000000000000000000000000000000000000000000000
011001101111010001100010100111000001000000000000000000000000000000000000000000000000000000000000
100011100011101100100001000101001000000000000000000000000000000000000000000000000000000000000000
110001001001001110000110101001010010000000000000000000000000000000000000000000000000000000000000
010111000110001111110000100100100101000000000000000000000000000000000000000000000000000000000000
100111110111101010100100100111011110000000000000000000000000000000000000000000000000000000000000
101110111001100000100110010000100110000000000000000000000000000000000000000000000000000000000000
001000010000000100101100100010111001000000000000000000000000000000000000000000000000000000000000
100001010000000010001010000010101100000000000000000000000000000000000000000000000000000000000000
011110000011100011011000010101000001000000000000000000000000000000000000000000000000000000000000
110111111000011110101010101100000010000000000000000000000000000000000000000000000000000000000000
001001011000111111101101100001101010000000000000000000000000000000000000000000000000000000000000
011111110111100001010100011111001111000000000000000000000000000000000000000000000000000000000000
111100111100010010110110000011011010000000000000000000000000000000000000000000000000000000000000
011001110101001110011110011010111101000000000000000000000000000000000000000000000000000000000000
100011111111110011111011011111001011000000000000000000000000000000000000000000000000000000000000
001110111110001110100111010100001000000000000000000000000000000000000000000000000000000000000000
010100010000011100100100000011011001000000000000000000000000000000000000000000000000000000000000
001000011001100001100100010110000101000000000000000000000000000000000000000000000000000000000000
010000111100000101010100101101011000000000000000000000000000000000000000000000000000000000000000
010011011101010110000100000110101000000000000000000000000000000000000000000000000000000000000000
100110011100110011101110110110011000000000000000000000000000000000000000000000000000000000000000
100110110001111111000011001100101100000000000000000000000000000000000000000000000000000000000000
010000011111011001011010011011000011000000000000000000000000000000000000000000000000000000000000
110001101000000001110100101010101000000000000000000000000000000000000000000000000000000000000000
000000101001010010001010001001110100000000000000000000000000000000000000000000000000000000000000
000100111011111001100010110111100000000000000000000000000000000000000000000000000000000000000000
100001001001000111111110101010000101000000000000000000000000000000000000000000000000000000000000
010101010001000111101110001111111000000000000000000000000000000000000000000000000000000000000000
000100010010101010110100110110000001000000000000000000000000000000000000000000000000000000000000
101001000100001100011111010000111010000000000000000000000000000000000000000000000000000000000000
110011100111101000001100100110011100000000000000000000000000000000000000000000000000000000000000
111101111100010101001111000011101000000000000000000000000000000000000000000000000000000000000000
101010100110000011001100010111010111000000000000000000000000000000000000000000000000000000000000
001110110000110101110111101111110101000000000000000000000000000000000000000000000000000000000000
101011010000101001111110000010100111000000000000000000000000000000000000000000000000000000000000
100001011011000110110000101000111110000000000000000000000000000000000000000000000000000000000000
001001001010010110000110100000100010000000000000000000000000000000000000000000000000000000000000
101101010110010101001010010000110011000000000000000000000000000000000000000000000000000000000000
101000100010001001011011011101101110000000000000000000000000000000000000000000000000000000000000
011001000100110010011111011001110101000000000000000000000000000000000000000000000000000000000000
010111010000110101001111000101010011000000000000000000000000000000000000000000000000000000000000
010000101001101010000000100001011010000000000000000000000000000000000000000000000000000000000000
001000100110110011101100011010100000000000000000000000000000000000000000000000000000000000000000
000011000101000000110001001010000011000000000000000000000000000000000000000000000000000000000000
100100100011010111110010001000110011000000000000000000000000000000000000000000000000000000000000
100100100101111000111001101000010110000000000000000000000000000000000000000000000000000000000000
010111110110110100100101000100001110000000000000000000000000000000000000000000000000000000000000
110110010100011010011001001001001011000000000000000000000000000000000000000000000000000000000000
101100011110110010111000101100110010000000000000000000000000000000000000000000000000000000000000
100011010101011101110011111000100100000000000000000000000000000000000000000000000000000000000000
101101000010001111101101101111000000000000000000000000000000000000000000000000000000000000000000
100100010010110101010101111000111011000000000000000000000000000000000000000000000000000000000000
110011100011110000101110110101011010000000000000000000000000000000000000000000000000000000000000
110000010111110110011100011110010111000000000000000000000000000000000000000000000000000000000000
111001110100000001101100010101101001000000000000000000000000000000000000000000000000000000000000
111111110110010100000011100100000100000000000000000000000000000000000000000000000000000000000000
000011100001111101001111000001001100000000000000000000000000000000000000000000000000000000000000
001101011100010011000001010000110110000000000000000000000000000000000000000000000000000000000000
100101101010101011000111001101010001000000000000000000000000000000000000000000000000000000000000
011101100011111000100111111111001101000000000000000000000000000000000000000000000000000000000000
011101001000011100101110100101000000000000000000000000000000000000000000000000000000000000000000
101011011001011111000101101110101000000000000000000000000000000000000000000000000000000000000000
010100000010110110010001110001111010000000000000000000000000000000000000000000000000000000000000
110010111110010111100101000001111000000000000000000000000000000000000000000000000000000000000000
111111110100100100111110111111100110000000000000000000000000000000000000000000000000000000000000
111111110001011010111011011100000000000000000000000000000000000000000000000000000000000000000000
111111011110110111111010010111101010000000000000000000000000000000000000000000000000000000000000
001010101111001011111001100010001110000000000000000000000000000000000000000000000000000000000000
111000100100001100101011001000111011000000000000000000000000000000000000000000000000000000000000
110011110000001001001110101110011100000000000000000000000000000000000000000000000000000000000000
101010000110111011011000011011110101000000000000000000000000000000000000000000000000000000000000
101100100000010100100011111111000001000000000000000000000000000000000000000000000000000000000000
100101000001001011101000000110001110000000000000000000000000000000000000000000000000000000000000
011110010100101001011011000101100000000000000000000000000000000000000000000000000000000000000000
010101001011010111000011111011010111000000000000000000000000000000000000000000000000000000000000
001010101110110110100101110011110010000000000000000000000000000000000000000000000000000000000000
000000101001011110001111000101100010000000000000000000000000000000000000000000000000000000000000
111110110100001100000101100100010101000000000000000000000000000000000000000000000000000000000000
111000110001111110000111000111001011000000000000000000000000000000000000000000000000000000000000
010010000001000010110011001000001110000000000000000000000000000000000000000000000000000000000000
111111011011010010001010100001000000000000000000000000000000000000000000000000000000000000000000
010110010000001001110111011111110110000000000000000000000000000000000000000000000000000000000000
101001110110001100010011001000110110000000000000000000000000000000000000000000000000000000000000
100110101000100101010110001110000011000000000000000000000000000000000000000000000000000000000000
100110000110010010011011101001110001000000000000000000000000000000000000000000000000000000000000
001111101001010000001111001011011111000000000000000000000000000000000000000000000000000000000000
001100111110000111100100111001100010000000000000000000000000000000000000000000000000000000000000
100110110010000011000100011101111110000000000000000000000000000000000000000000000000000000000000
110110010100100111101101110010110100000000000000000000000000000000000000000000000000000000000000
110001100001110001111001000111011110000000000000000000000000000000000000000000000000000000000000
110100100001011010011111110010100111000000000000000000000000000000000000000000000000000000000000
111010011100001000001001111110001011000000000000000000000000000000000000000000000000000000000000
100110111000110011010100101011111111000000000000000000000000000000000000000000000000000000000000
010100011011001000011000100100010001000000000000000000000000000000000000000000000000000000000000
000111100001010000001011100010111101000000000000000000000000000000000000000000000000000000000000
111010000110001010010100011011111110000000000000000000000000000000000000000000000000000000000000
010000000101010010010101011000001011000000000000000000000000000000000000000000000000000000000000
101001101110011110010001111110111001000000000000000000000000000000000000000000000000000000000000
100100111110110111000100000000101000000000000000000000000000000000000000000000000000000000000000
100000011101101000001001010111011101000000000000000000000000000000000000000000000000000000000000
101011011110110101100011100100100010000000000000000000000000000000000000000000000000000000000000
100000100001100100101000001110000101000000000000000000000000000000000000000000000000000000000000
001101011010000010110101000101011011000000000000000000000000000000000000000000000000000000000000
110000011110000010100101011110110001000000000000000000000000000000000000000000000000000000000000
010100001011011011001110111000111011000000000000000000000000000000000000000000000000000000000000
011000111110010100100111101000001001000000000000000000000000000000000000000000000000000000000000
001101110110000001010110000001010101000000000000000000000000000000000000000000000000000000000000
110100010111000001000111001110101110000000000000000000000000000000000000000000000000000000000000
001011010010011110100101101111110110000000000000000000000000000000000000000000000000000000000000
001101110010110111010010110011001010000000000000000000000000000000000000000000000000000000000000
010111010110101010000001001000001100000000000000000000000000000000000000000000000000000000000000
101011111000011111100000100110011001000000000000000000000000000000000000000000000000000000000000
001010100111110011011111000101111011000000000000000000000000000000000000000000000000000000000000
110011110110110000110001101000111010000000000000000000000000000000000000000000000000000000000000
000111111111110010010101010001111000000000000000000000000000000000000000000000000000000000000000
100010010001101110011010101011111011000000000000000000000000000000000000000000000000000000000000
000000001111100101010101000101001101000000000000000000000000000000000000000000000000000000000000
100000111010011000111100000000001010000000000000000000000000000000000000000000000000000000000000
110110100001100100011111010100010111000000000000000000000000000000000000000000000000000000000000
010001100101000010000110010100100001000000000000000000000000000000000000000000000000000000000000
100100101100011011011100101010010111000000000000000000000000000000000000000000000000000000000000
001111001001000000110111001001111100000000000000000000000000000000000000000000000000000000000000
000000100011001011000101100011011000000000000000000000000000000000000000000000000000000000000000
110100001111100111110100011011011100000000000000000000000000000000000000000000000000000000000000
001111010110110111000100011100011011000000000000000000000000000000000000000000000000000000000000
001111111011110110111011010001001011000000000000000000000000000000000000000000000000000000000000
011101111111100100110110011001000011000000000000000000000000000000000000000000000000000000000000
100001001011110100110001001110011010000000000000000000000000000000000000000000000000000000000000
001110011101110101000010001110101110000000000000000000000000000000000000000000000000000000000000
011101011011100011101101111111010001000000000000000000000000000000000000000000000000000000000000
110101100010011000110101011010100000000000000000000000000000000000000000000000000000000000000000
011001001001100110110010011001101010000000000000000000000000000000000000000000000000000000000000
011011001000111001111101100110100111000000000000000000000000000000000000000000000000000000000000
001000111000010101000100001001111010000000000000000000000000000000000000000000000000000000000000
111110000100000001110101001000000111000000000000000000000000000000000000000000000000000000000000
110001011010110100100111010111000101000000000000000000000000000000000000000000000000000000000000
000100100100101110110111111110101101000000000000000000000000000000000000000000000000000000000000
111101101010100101010010111110111110000000000000000000000000000000000000000000000000000000000000
001000010101101101001110101011000011000000000000000000000000000000000000000000000000000000000000
011001110101011000101011111001110110000000000000000000000000000000000000000000000000000000000000
111011101011100100010111110001001111000000000000000000000000000000000000000000000000000000000000
100111111000101110010001101010111000000000000000000000000000000000000000000000000000000000000000
011010011101000100010000000101010010000000000000000000000000000000000000000000000000000000000000
011001011101000000011100011010100001000000000000000000000000000000000000000000000000000000000000
010100111011001110000110100010101101000000000000000000000000000000000000000000000000000000000000
110011101010011101111101010110100111000000000000000000000000000000000000000000000000000000000000
011101110010110101000100001100011101000000000000000000000000000000000000000000000000000000000000
000001100110100001100110001000001111000000000000000000000000000000000000000000000000000000000000
010010011011010100111100111000100001000000000000000000000000000000000000000000000000000000000000
011010011001001000100100101011110000000000000000000000000000000000000000000000000000000000000000
011000001000100011110100111010011101000000000000000000000000000000000000000000000000000000000000
001011110010100111111000100111100010000000000000000000000000000000000000000000000000000000000000
011100010000111101111110000111010110000000000000000000000000000000000000000000000000000000000000
011010001010100101100101010010101111000000000000000000000000000000000000000000000000000000000000
110100010110101110110110010110001010000000000000000000000000000000000000000000000000000000000000
111011011001111110110011111111000111000000000000000000000000000000000000000000000000000000000000
010111111100101011011010100100101111000000000000000000000000000000000000000000000000000000000000
001010100010101010110110100101001111000000000000000000000000000000000000000000000000000000000000
011011101010000011010010101110100011000000000000000000000000000000000000000000000000000000000000
001111011110001011011101101010111111000000000000000000000000000000000000000000000000000000000000
000001110011010010101101010011110100000000000000000000000000000000000000000000000000000000000000
110111011101001100010101100000001010000000000000000000000000000000000000000000000000000000000000
011010000001100100111100100101010111000000000000000000000000000000000000000000000000000000000000
000100001011101000101001111011111000000000000000000000000000000000000000000000000000000000000000
111000110111100111010111001111010111000000000000000000000000000000000000000000000000000000000000
010011011111110000110111011011100100000000000000000000000000000000000000000000000000000000000000
001110010001000001000010111100101101000000000000000000000000000000000000000000000000000000000000
001110101001011111001010000101010100000000000000000000000000000000000000000000000000000000000000
000101100101010111000001100011110011000000000000000000000000000000000000000000000000000000000000
111001010010001101101111001011010010000000000000000000000000000000000000000000000000000000000000
100000011001011000010111000011010001000000000000000000000000000000000000000000000000000000000000
011001101010101101001111100001111001000000000000000000000000000000000000000000000000000000000000
010100111111001101111001000111100100000000000000000000000000000000000000000000000000000000000000
011101001110110100100011000101001110000000000000000000000000000000000000000000000000000000000000
011010000101111010010000101100001100000000000000000000000000000000000000000000000000000000000000
110000010001011101111101001101110000000000000000000000000000000000000000000000000000000000000000
010111101001101011110000101110111101000000000000000000000000000000000000000000000000000000000000
100110000001111000100101010011101111000000000000000000000000000000000000000000000000000000000000
101011110011000111001001001001011111000000000000000000000000000000000000000000000000000000000000
101001010001000100001010001000011110000000000000000000000000000000000000000000000000000000000000
010100111010010001011100001100101001000000000000000000000000000000000000000000000000000000000000
010010101100110111100000001110001010000000000000000000000000000000000000000000000000000000000000
110011101101000001011111101001000000000000000000000000000000000000000000000000000000000000000000
010110100011001001101111010111010000000000000000000000000000000000000000000000000000000000000000
011110110110011110101101101011110001000000000000000000000000000000000000000000000000000000000000
011100001100100011111100001110001011000000000000000000000000000000000000000000000000000000000000
011100000001010000100001010010101010000000000000000000000000000000000000000000000000000000000000
101011101001001111101011100110000101000000000000000000000000000000000000000000000000000000000000
011011000001101100110101010000011100000000000000000000000000000000000000000000000000000000000000
111111111011110001010001110010101001000000000000000000000000000000000000000000000000000000000000
101001100100101000100011111111000110000000000000000000000000000000000000000000000000000000000000
001000111001100101010111001011100111000000000000000000000000000000000000000000000000000000000000
110101010011101010110011011100110011000000000000000000000000000000000000000000000000000000000000
100101010100011001001111001111001111000000000000000000000000000000000000000000000000000000000000
001011000101011011001100100100100101000000000000000000000000000000000000000000000000000000000000
101100100100101111111101010010000001000000000000000000000000000000000000000000000000000000000000
101001111100010111101001111110010110000000000000000000000000000000000000000000000000000000000000
011110000101111001010111110110010101000000000000000000000000000000000000000000000000000000000000
111011111011101010001101011101001010000000000000000000000000000000000000000000000000000000000000
110111010011100011110111011000001001000000000000000000000000000000000000000000000000000000000000
100100010100110100010010111111111011000000000000000000000000000000000000000000000000000000000000
000001001010000110100100000110111110000000000000000000000000000000000000000000000000000000000000
011010010101000110000011110111010001000000000000000000000000000000000000000000000000000000000000
001100000110001111111111010011000001000000000000000000000000000000000000000000000000000000000000
011011001001000000101111000010101110000000000000000000000000000000000000000000000000000000000000
110011001100001111011110101011000100000000000000000000000000000000000000000000000000000000000000
000111001110010110000011010111111000000000000000000000000000000000000000000000000000000000000000
011010100010110110110010011100000101000000000000000000000000000000000000000000000000000000000000
