001010110110101111110101111101011011000000000000000000000000000000000000000000000000000000000000
111010101110110010010100001010000011000000000000000000000000000000000000000000000000000000000000
101101101101000110010000101101111111000000000000000000000000000000000000000000000000000000000000
010100001000101100010111000000100110000000000000000000000000000000000000000000000000000000000000
111011100111111010000000000000111000000000000000000000000000000000000000000000000000000000000000
111001000001100110010101101011011111000000000000000000000000000000000000000000000000000000000000
010000001000110111001110111011010100000000000000000000000000000000000000000000000000000000000000
011010101101011001010100101100110011000000000000000000000000000000000000000000000000000000000000
011101110011011011000100100001110110000000000000000000000000000000000000000000000000000000000000
110100110001100101011110000001010011000000000000000000000000000000000000000000000000000000000000
110111001001100011101101000010000100000000000000000000000000000000000000000000000000000000000000
101101000100111101001010111010110101000000000000000000000000000000000000000000000000000000000000
100001110111110011010111001011100110000000000000000000000000000000000000000000000000000000000000
110110100010101110101101111111101011000000000000000000000000000000000000000000000000000000000000
100001110100010010000110111100101101000000000000000000000000000000000000000000000000000000000000
010111011010101101000001110100001100000000000000000000000000000000000000000000000000000000000000
001111001101010111111100010001010001000000000000000000000000000000000000000000000000000000000000
000001001101000101110111110000110100000000000000000000000000000000000000000000000000000000000000
000010101010000010000101011001001110000000000000000000000000000000000000000000000000000000000000
111110011100110001111110000110011001000000000000000000000000000000000000000000000000000000000000
000001111010011101010100111000000110000000000000000000000000000000000000000000000000000000000000
010010011001100000100010111100101011000000000000000000000000000000000000000000000000000000000000
110000111110100101110101001001011001000000000000000000000000000000000000000000000000000000000000
110011100111010101100011000100000110000000000000000000000000000000000000000000000000000000000000
111101110001000010010010000100100100000000000000000000000000000000000000000000000000000000000000
010110100110110100111100110101110011000000000000000000000000000000000000000000000000000000000000
000010100011111000011101100111101111000000000000000000000000000000000000000000000000000000000000
000011000001010111111010100011000010000000000000000000000000000000000000000000000000000000000000
011111110101010100010011011000011101000000000000000000000000000000000000000000000000000000000000
111011111011000111001011111010010100000000000000000000000000000000000000000000000000000000000000
011001101110010000011011001001111100000000000000000000000000000000000000000000000000000000000000
110100110101000101111001000100110110000000000000000000000000000000000000000000000000000000000000
010101011000011000000001010111111010000000000000000000000000000000000000000000000000000000000000
000110011110100000010110100011100001000000000000000000000000000000000000000000000000000000000000
110011011101010100011001110010010101000000000000000000000000000000000000000000000000000000000000
101110001000011111111111000101010110000000000000000000000000000000000000000000000000000000000000
000101101101101000001011010100110111000000000000000000000000000000000000000000000000000000000000
100101011000101110101101110100010000000000000000000000000000000000000000000000000000000000000000
101100001010111011101101101010100100000000000000000000000000000000000000000000000000000000000000
001111011101011110010100011011101101000000000000000000000000000000000000000000000000000000000000
010100110110101100101111010110011110000000000000000000000000000000000000000000000000000000000000
010111010101101111010101010101101011000000000000000000000000000000000000000000000000000000000000
110100001110010111011111100000010001000000000000000000000000000000000000000000000000000000000000
111111100001001111110000110110111000000000000000000000000000000000000000000000000000000000000000
010110010111111000001110100001100001000000000000000000000000000000000000000000000000000000000000
000010111110000111101000110011010110000000000000000000000000000000000000000000000000000000000000
010110001001111010010111100011101110000000000000000000000000000000000000000000000000000000000000
001011001100100111000001100100000010000000000000000000000000000000000000000000000000000000000000
110001001010011110110010001101100001000000000000000000000000000000000000000000000000000000000000
000101001111100000000001001001001100000000000000000000000000000000000000000000000000000000000000
010110111100100001010111000000011110000000000000000000000000000000000000000000000000000000000000
110000001001110001110100001011110001000000000000000000000000000000000000000000000000000000000000
111000000011001000000110110101100100000000000000000000000000000000000000000000000000000000000000
001111111010101111000011010010101101000000000000000000000000000000000000000000000000000000000000
101000100101100110001010001110101010000000000000000000000000000000000000000000000000000000000000
000101000011001110101011100001010101000000000000000000000000000000000000000000000000000000000000
111101111010110111111100000000111011000000000000000000000000000000000000000000000000000000000000
000010011000011111100111100011100011000000000000000000000000000000000000000000000000000000000000
001111011100111011010100110011001111000000000000000000000000000000000000000000000000000000000000
001100100011101010010011110000000011000000000000000000000000000000000000000000000000000000000000
100111000011001000111111001111010010000000000000000000000000000000000000000000000000000000000000
010011011101111011110100010110110011000000000000000000000000000000000000000000000000000000000000
000100000001110111100110000111001001000000000000000000000000000000000000000000000000000000000000
100110000001110001110000101110000010000000000000000000000000000000000000000000000000000000000000
001001111101110111101010100011101101000000000000000000000000000000000000000000000000000000000000
111101001001111001010010010011000100000000000000000000000000000000000000000000000000000000000000
001010001001000100001101001000100101000000000000000000000000000000000000000000000000000000000000
101001001100101111100011010100101011000000000000000000000000000000000000000000000000000000000000
111100001010001111010001011100100111000000000000000000000000000000000000000000000000000000000000
000011111011000000101011101000011110000000000000000000000000000000000000000000000000000000000000
001001001011111111000000100111101101000000000000000000000000000000000000000000000000000000000000
001100101010011010110000011110011101000000000000000000000000000000000000000000000000000000000000
101011010111011000000101010101001011000000000000000000000000000000000000000000000000000000000000
110111110100100101101010100000111101000000000000000000000000000000000000000000000000000000000000
010111000001110001110111001110010001000000000000000000000000000000000000000000000000000000000000
000001000011010101010110100101011011000000000000000000000000000000000000000000000000000000000000
100100001100111111101101100000110101000000000000000000000000000000000000000000000000000000000000
101001010100100111010000101011111000000000000000000000000000000000000000000000000000000000000000
101011011001110001000101011011011011000000000000000000000000000000000000000000000000000000000000
101101000101011110001001011001011001000000000000000000000000000000000000000000000000000000000000
001001101100011010100010111110001011000000000000000000000000000000000000000000000000000000000000
000101011010100000101010111111100101000000000000000000000000000000000000000000000000000000000000
011000001110010111001001111110100001000000000000000000000000000000000000000000000000000000000000
111101110010000010100110110000001100000000000000000000000000000000000000000000000000000000000000
100011000110000101001110000111001010000000000000000000000000000000000000000000000000000000000000
110101101000111101000011001010011100000000000000000000000000000000000000000000000000000000000000
000011011011111000111111110010100011000000000000000000000000000000000000000000000000000000000000
100110100101001001001100111001010101000000000000000000000000000000000000000000000000000000000000
001011101101001101010110100100111011000000000000000000000000000000000000000000000000000000000000
000110110011101111011001010000001000000000000000000000000000000000000000000000000000000000000000
011001110001001111000000100010111111000000000000000000000000000000000000000000000000000000000000
001010001011001100010001100111110001000000000000000000000000000000000000000000000000000000000000
111010001000110101000110101101011000000000000000000000000000000000000000000000000000000000000000
100110010111111101100101111011110001000000000000000000000000000000000000000000000000000000000000
011000110001001111100100011000100110000000000000000000000000000000000000000000000000000000000000
011010010100011000101001001110001011000000000000000000000000000000000000000000000000000000000000
110001110110010110011100001101110011000000000000000000000000000000000000000000000000000000000000
001011100000100001011100011010000111000000000000000000000000000000000000000000000000000000000000
101000100111010000100100001110110000000000000000000000000000000000000000000000000000000000000000
000101111101101001111000111111110110000000000000000000000000000000000000000000000000000000000000
000111000010100000011000110101001010000000000000000000000000000000000000000000000000000000000000
000000100001101110010011111100111100000000000000000000000000000000000000000000000000000000000000
001111101000001110000110000010100110000000000000000000000000000000000000000000000000000000000000
100010010011001100010000110011101110000000000000000000000000000000000000000000000000000000000000
010000010101100101110001001001001011000000000000000000000000000000000000000000000000000000000000
010111101010001110111011110000100100000000000000000000000000000000000000000000000000000000000000
000111001010001101101001100000100011000000000000000000000000000000000000000000000000000000000000
100010110101001110010001000110001001000000000000000000000000000000000000000000000000000000000000
111111101010000111001111011010011111000000000000000000000000000000000000000000000000000000000000
010101100101101000101100111101011010000000000000000000000000000000000000000000000000000000000000
001111000000110000100100100111010101000000000000000000000000000000000000000000000000000000000000
010101010101001010000010101110100100000000000000000000000000000000000000000000000000000000000000
110010100110101011111010011010111110000000000000000000000000000000000000000000000000000000000000
110001110101101000101001010011110011000000000000000000000000000000000000000000000000000000000000
111000110001000000111001100101000001000000000000000000000000000000000000000000000000000000000000
110111101001100011100000110011111010000000000000000000000000000000000000000000000000000000000000
001001001010100110000110000111011100000000000000000000000000000000000000000000000000000000000000
000100101010101001010011110001110011000000000000000000000000000000000000000000000000000000000000
100001010010100101000110000010100100000000000000000000000000000000000000000000000000000000000000
010110100011001010100111000010101001000000000000000000000000000000000000000000000000000000000000
001110000000001111111001000110010001000000000000000000000000000000000000000000000000000000000000
110001000110101001100101100111001110000000000000000000000000000000000000000000000000000000000000
001111001110110110110000111011011011000000000000000000000000000000000000000000000000000000000000
011110010000110011101000011101111011000000000000000000000000000000000000000000000000000000000000
111111111011100000001011101010111111000000000000000000000000000000000000000000000000000000000000
100010000011010011010110000011001101000000000000000000000000000000000000000000000000000000000000
001011000111110001011011011001001111000000000000000000000000000000000000000000000000000000000000
101111011010110011000011100000011000000000000000000000000000000000000000000000000000000000000000
101000000100100010010101111100011011000000000000000000000000000000000000000000000000000000000000
010101001010000110111101011011000101000000000000000000000000000000000000000000000000000000000000
010001010010000110010001010111010111000000000000000000000000000000000000000000000000000000000000
001001001100011000100100100001111001000000000000000000000000000000000000000000000000000000000000
110101110110011010001110110110101110000000000000000000000000000000000000000000000000000000000000
011010010101010110001001101000000000000000000000000000000000000000000000000000000000000000000000
011010001001011110000110011101000110000000000000000000000000000000000000000000000000000000000000
111011000000100000011110110010111100000000000000000000000000000000000000000000000000000000000000
011100101010111001110000111001011000000000000000000000000000000000000000000000000000000000000000
111000000010010011111101000001101000000000000000000000000000000000000000000000000000000000000000
011000000100001000010111101100100010000000000000000000000000000000000000000000000000000000000000
101001001100110110001001001010110101000000000000000000000000000000000000000000000000000000000000
001011100111010100101011010010111100000000000000000000000000000000000000000000000000000000000000
100011000100011000011010001111001011000000000000000000000000000000000000000000000000000000000000
111010011000111111111101001100110001000000000000000000000000000000000000000000000000000000000000
110100110110111010110101100101110101000000000000000000000000000000000000000000000000000000000000
100011001010010100100100111010100100000000000000000000000000000000000000000000000000000000000000
101111001000111110101100110110111011000000000000000000000000000000000000000000000000000000000000
100101011000100011100001001001101010000000000000000000000000000000000000000000000000000000000000
000001000010001110110001111110011011000000000000000000000000000000000000000000000000000000000000
110110001111100000100100101000000011000000000000000000000000000000000000000000000000000000000000
001010111011000111010001110000101101000000000000000000000000000000000000000000000000000000000000
110101000001110100010000111101111001000000000000000000000000000000000000000000000000000000000000
010100100010010000101111001100001111000000000000000000000000000000000000000000000000000000000000
111110001010001000101110001110011111000000000000000000000000000000000000000000000000000000000000
100111001010111000011101111001000111000000000000000000000000000000000000000000000000000000000000
010011101011111111011000010001010100000000000000000000000000000000000000000000000000000000000000
101111010011111000001010101001111000000000000000000000000000000000000000000000000000000000000000
001110010010111100111110010011000010000000000000000000000000000000000000000000000000000000000000
001110100001111010010100011101010101000000000000000000000000000000000000000000000000000000000000
011110110011111001110010100101000100000000000000000000000000000000000000000000000000000000000000
011101001011100110001000001000000001000000000000000000000000000000000000000000000000000000000000
101110111111001011100001101100110010000000000000000000000000000000000000000000000000000000000000
001001110111011011101101111011011011000000000000000000000000000000000000000000000000000000000000
100011000110010110101100100010001111000000000000000000000000000000000000000000000000000000000000
100011111000110000101010100000010100000000000000000000000000000000000000000000000000000000000000
011011100000100000011011011000010110000000000000000000000000000000000000000000000000000000000000
110000110111001100100101011100110010000000000000000000000000000000000000000000000000000000000000
101011011011100111010101101111001101000000000000000000000000000000000000000000000000000000000000
000111101110001011110111110111010100000000000000000000000000000000000000000000000000000000000000
010010111111101101110001000010010111000000000000000000000000000000000000000000000000000000000000
010010111101011110010100011110001011000000000000000000000000000000000000000000000000000000000000
100111011100011111100000110010000001000000000000000000000000000000000000000000000000000000000000
000010100101011010111101000100001100000000000000000000000000000000000000000000000000000000000000
001101111111011100011000111011001011000000000000000000000000000000000000000000000000000000000000
110110000101010011110010100001101001000000000000000000000000000000000000000000000000000000000000
011101111000110110011001000110001101000000000000000000000000000000000000000000000000000000000000
110101101011101110110001101111101101000000000000000000000000000000000000000000000000000000000000
010011111001111110111111000111011010000000000000000000000000000000000000000000000000000000000000
001110011001010101100110010110010111000000000000000000000000000000000000000000000000000000000000
011001010110111000001101011010011101000000000000000000000000000000000000000000000000000000000000
110011100100111101010110000100111111000000000000000000000000000000000000000000000000000000000000
010100100110001000110101010111100110000000000000000000000000000000000000000000000000000000000000
001100110101110101000100011100100100000000000000000000000000000000000000000000000000000000000000
010011001110111100110100100001000000000000000000000000000000000000000000000000000000000000000000
110001010000001010110101011011110111000000000000000000000000000000000000000000000000000000000000
001110011110101111110010100001011111000000000000000000000000000000000000000000000000000000000000
110101010000000010001111100111010110000000000000000000000000000000000000000000000000000000000000
100101011110110001100101110000001101000000000000000000000000000000000000000000000000000000000000
101110011001001001100001010011011110000000000000000000000000000000000000000000000000000000000000
000000110011100011010110001010001010000000000000000000000000000000000000000000000000000000000000
011001101010000000100011001001101001000000000000000000000000000000000000000000000000000000000000
110000100111010011111000101001100111000000000000000000000000000000000000000000000000000000000000
001111111101101100011011100111010101000000000000000000000000000000000000000000000000000000000000
100110000001100011111000000110011010000000000000000000000000000000000000000000000000000000000000
000001001110101111000010100100001100000000000000000000000000000000000000000000000000000000000000
111111100010011100011110101011110010000000000000000000000000000000000000000000000000000000000000
110111111101110101101111001011111111000000000000000000000000000000000000000000000000000000000000
100100100011010111111000111000101110000000000000000000000000000000000000000000000000000000000000
001000110000100111000000110011111000000000000000000000000000000000000000000000000000000000000000
101111011111110011000110110100110011000000000000000000000000000000000000000000000000000000000000
101100111111110100001010001111001001000000000000000000000000000000000000000000000000000000000000
000111111011111001011100001001110101000000000000000000000000000000000000000000000000000000000000
101011011011001111010001000001001000000000000000000000000000000000000000000000000000000000000000
011011110001111111101001110001000101000000000000000000000000000000000000000000000000000000000000
011000010100011110101101010011101000000000000000000000000000000000000000000000000000000000000000
110100010111111010110000111101100011000000000000000000000000000000000000000000000000000000000000
001011100110001111000111110000101101000000000000000000000000000000000000000000000000000000000000
110011010110000101110001000011111101000000000000000000000000000000000000000000000000000000000000
011111101001001000111011111011000011000000000000000000000000000000000000000000000000000000000000
000111101101110111000111101000101111000000000000000000000000000000000000000000000000000000000000
110110111101101010000010010100101000000000000000000000000000000000000000000000000000000000000000
100010110011010101101000110010011101000000000000000000000000000000000000000000000000000000000000
010001101010101001000111111110000001000000000000000000000000000000000000000000000000000000000000
111110010111100001011010001110110001000000000000000000000000000000000000000000000000000000000000
010101100000101011110100110110101010000000000000000000000000000000000000000000000000000000000000
011100111010000101110101101110001101000000000000000000000000000000000000000000000000000000000000
010101000111111010011000100010110011000000000000000000000000000000000000000000000000000000000000
000100000000011110100100100100010000000000000000000000000000000000000000000000000000000000000000
011000010011010011101011100011010010000000000000000000000000000000000000000000000000000000000000
000000101010011101101001000101100101000000000000000000000000000000000000000000000000000000000000
101001000100011110110101011001001011000000000000000000000000000000000000000000000000000000000000
111010010101101100011001001000100000000000000000000000000000000000000000000000000000000000000000
100100100111110100101010100001000010000000000000000000000000000000000000000000000000000000000000
100000111000000010010000011010101100000000000000000000000000000000000000000000000000000000000000
010111011011100101011100001111101111000000000000000000000000000000000000000000000000000000000000
110111000101100010100101111001111101000000000000000000000000000000000000000000000000000000000000
011010100000011101100001011101000101000000000000000000000000000000000000000000000000000000000000
000100111000010000100101010011000110000000000000000000000000000000000000000000000000000000000000
000111000111000110100011000101001000000000000000000000000000000000000000000000000000000000000000
101100101001011101001111101100111111000000000000000000000000000000000000000000000000000000000000
011100000101110001101100111110111111000000000000000000000000000000000000000000000000000000000000
100100011010001011110010010111000001000000000000000000000000000000000000000000000000000000000000
010011011101111101011001101011110110000000000000000000000000000000000000000000000000000000000000
100011101111001000101000001010100111000000000000000000000000000000000000000000000000000000000000
110111001000000111000000010110010111000000000000000000000000000000000000000000000000000000000000
010110010100101011010111011111111110000000000000000000000000000000000000000000000000000000000000
000111011111101001101011000001101000000000000000000000000000000000000000000000000000000000000000
010100010100001100010010110010011110000000000000000000000000000000000000000000000000000000000000
000110110001100000111001100101001111000000000000000000000000000000000000000000000000000000000000
110001110101010011110100010100101110000000000000000000000000000000000000000000000000000000000000
010011001111101100111101111100111001000000000000000000000000000000000000000000000000000000000000
010001111110000010110000100011001111000000000000000000000000000000000000000000000000000000000000
111010001100000111000100100011100100000000000000000000000000000000000000000000000000000000000000
010100101001100011111010001110111111000000000000000000000000000000000000000000000000000000000000
100011100111101100100010000110101111000000000000000000000000000000000000000000000000000000000000
110110100101001010110010001101110111000000000000000000000000000000000000000000000000000000000000
010100011101011000000010010011010111000000000000000000000000000000000000000000000000000000000000
110010010010101010000001110000100101000000000000000000000000000000000000000000000000000000000000
000101001011100111100100100110100010000000000000000000000000000000000000000000000000000000000000
011111010001011111101011110001011101000000000000000000000000000000000000000000000000000000000000
111011111010110001110101010001001001000000000000000000000000000000000000000000000000000000000000
001100011100101110100000110010011011000000000000000000000000000000000000000000000000000000000000
110100111100110010110010000111011100000000000000000000000000000000000000000000000000000000000000
110101111011100110000100000000011101000000000000000000000000000000000000000000000000000000000000
111010100001010100110000001011110101000000000000000000000000000000000000000000000000000000000000
101011101001010010010010111010011110000000000000000000000000000000000000000000000000000000000000
000100101010010001100111110010001011000000000000000000000000000000000000000000000000000000000000
001000001001110000010010100000110111000000000000000000000000000000000000000000000000000000000000
100011100110001110110111101101011001000000000000000000000000000000000000000000000000000000000000
110010111001011010110000100100101010000000000000000000000000000000000000000000000000000000000000
101011100010000101101100101101010111000000000000000000000000000000000000000000000000000000000000
010010001000001110110101000100010111000000000000000000000000000000000000000000000000000000000000
010110001100111101000001111101000110000000000000000000000000000000000000000000000000000000000000
011100010111100100101000111011111010000000000000000000000000000000000000000000000000000000000000
110111100100011100011101010000011111000000000000000000000000000000000000000000000000000000000000
001100111000000001111110100111111111000000000000000000000000000000000000000000000000000000000000
001000000101111010100000010001101100000000000000000000000000000000000000000000000000000000000000
010000011010011011111010100111101111000000000000000000000000000000000000000000000000000000000000
111000101101011110101101011010000100000000000000000000000000000000000000000000000000000000000000
111011111001111010101000111101101111000000000000000000000000000000000000000000000000000000000000
110101101101011101011111111000010110000000000000000000000000000000000000000000000000000000000000
000010011010010110111010000100000110000000000000000000000000000000000000000000000000000000000000
100000000101010110101001001000110010000000000000000000000000000000000000000000000000000000000000
110110011110101010011100011111000110000000000000000000000000000000000000000000000000000000000000
011010101000111001111001010000111011000000000000000000000000000000000000000000000000000000000000
101010111101000010111001111011100001000000000000000000000000000000000000000000000000000000000000
100010011000001110111011010111100100000000000000000000000000000000000000000000000000000000000000
011110110111101110001000101110011111000000000000000000000000000000000000000000000000000000000000
001111000110000101111100101000100110000000000000000000000000000000000000000000000000000000000000
110010000001010101100001110001110010000000000000000000000000000000000000000000000000000000000000
100111101011111111011111111001001100000000000000000000000000000000000000000000000000000000000000
101111001010001110001111111110111100000000000000000000000000000000000000000000000000000000000000
101111000010001101001111110000110100000000000000000000000000000000000000000000000000000000000000
100011010000011111001111010101010001000000000000000000000000000000000000000000000000000000000000
111100100010001001001001010011001100000000000000000000000000000000000000000000000000000000000000
011100001001000110000100101111000111000000000000000000000000000000000000000000000000000000000000
101001111111001010010110111000011010000000000000000000000000000000000000000000000000000000000000
100101001100101101001000001011011011000000000000000000000000000000000000000000000000000000000000
111011100100101001010010111111010110000000000000000000000000000000000000000000000000000000000000
001100111100100101010100000011101001000000000000000000000000000000000000000000000000000000000000
110110010001110100000110111011101110000000000000000000000000000000000000000000000000000000000000
100100110000001101100001000101011010000000000000000000000000000000000000000000000000000000000000
110101111110101001101011011010010101000000000000000000000000000000000000000000000000000000000000
010011010110100001001110111000001000000000000000000000000000000000000000000000000000000000000000
101110011111100001111010000011100100000000000000000000000000000000000000000000000000000000000000
001001111000111001111101010110101010000000000000000000000000000000000000000000000000000000000000
010010110100000000101011011011111101000000000000000000000000000000000000000000000000000000000000
100010010010111110101101010110010010000000000000000000000000000000000000000000000000000000000000
010100100111111101000110010011100101000000000000000000000000000000000000000000000000000000000000
101100000010010010000011111110101101000000000000000000000000000000000000000000000000000000000000
110011000100010010100101011101011110000000000000000000000000000000000000000000000000000000000000
000101111111110011100000100100111010000000000000000000000000000000000000000000000000000000000000
101110111000100111110011001011101010000000000000000000000000000000000000000000000000000000000000
100000111001111101111100010110101100000000000000000000000000000000000000000000000000000000000000
101001011001111111100000001001110010000000000000000000000000000000000000000000000000000000000000
110101010101001011100111000000100101000000000000000000000000000000000000000000000000000000000000
110111011110000010010101100001110111000000000000000000000000000000000000000000000000000000000000
110011000011100010110100000101100110000000000000000000000000000000000000000000000000000000000000
100100000011101001011111100100001101000000000000000000000000000000000000000000000000000000000000
001000100010101010010000010100101101000000000000000000000000000000000000000000000000000000000000
000110111010010010011110111010100010000000000000000000000000000000000000000000000000000000000000
110011011000000111011100110011001110000000000000000000000000000000000000000000000000000000000000
100000111110010110111011001000000111000000000000000000000000000000000000000000000000000000000000
100011001111000100111110000001110100000000000000000000000000000000000000000000000000000000000000
100011111001010001100110001010010001000000000000000000000000000000000000000000000000000000000000
001111101100110111000000011111001111000000000000000000000000000000000000000000000000000000000000
010011001101001101001100001010100000000000000000000000000000000000000000000000000000000000000000
101011000111101100001100111111011100000000000000000000000000000000000000000000000000000000000000
101000011110101011101110011101010101000000000000000000000000000000000000000000000000000000000000
001001010100100110000111110100110011000000000000000000000000000000000000000000000000000000000000
110111001100000011110100010010001101000000000000000000000000000000000000000000000000000000000000
010011011100101001000000101101100110000000000000000000000000000000000000000000000000000000000000
001110110011100111100011111110000011000000000000000000000000000000000000000000000000000000000000
110000010100100011111011110010001100000000000000000000000000000000000000000000000000000000000000
011000001111111000001110011100100110000000000000000000000000000000000000000000000000000000000000
011111101100101010010110001001111111000000000000000000000000000000000000000000000000000000000000
011111000100011111100111001011001011000000000000000000000000000000000000000000000000000000000000
010110000000111011000110101110000111000000000000000000000000000000000000000000000000000000000000
000100110101000111000001100001010001000000000000000000000000000000000000000000000000000000000000
010110101000010010010010010000010001000000000000000000000000000000000000000000000000000000000000
100000011010000111101100101010110111000000000000000000000000000000000000000000000000000000000000
110111010100110110100101010000111011000000000000000000000000000000000000000000000000000000000000
010110111100110011111111010011110100000000000000000000000000000000000000000000000000000000000000
110111101110010111101000001001010001000000000000000000000000000000000000000000000000000000000000
101111111110110001001110111110001100000000000000000000000000000000000000000000000000000000000000
000010110011011111111000010101100101000000000000000000000000000000000000000000000000000000000000
100111010101000110110110101101111011000000000000000000000000000000000000000000000000000000000000
000100111100110000001011111111100000000000000000000000000000000000000000000000000000000000000000
010101111000000011011000101101100001000000000000000000000000000000000000000000000000000000000000
111000001110011010101110101111100000000000000000000000000000000000000000000000000000000000000000
101010001010011010001110011101010000000000000000000000000000000000000000000000000000000000000000
111011110011001101101011110010111001000000000000000000000000000000000000000000000000000000000000
010000010001011010100111010100001110000000000000000000000000000000000000000000000000000000000000
000000001100001010101100101110100100000000000000000000000000000000000000000000000000000000000000
000110111101100000010001010001011111000000000000000000000000000000000000000000000000000000000000
101010011111110101111000000101101001000000000000000000000000000000000000000000000000000000000000
110100101110001100101110100111010001000000000000000000000000000000000000000000000000000000000000
100110100000111111101010100011111001000000000000000000000000000000000000000000000000000000000000
110110101000111110110100110110101110000000000000000000000000000000000000000000000000000000000000
111101111111100010111100100010010101000000000000000000000000000000000000000000000000000000000000
001111101011011111111111000011000111000000000000000000000000000000000000000000000000000000000000
001011001110110010101000010001111011000000000000000000000000000000000000000000000000000000000000
101101110111000100001110011010011111000000000000000000000000000000000000000000000000000000000000
110001010001001111110100100010111010000000000000000000000000000000000000000000000000000000000000
111000110100100110001000100011111110000000000000000000000000000000000000000000000000000000000000
010001101000100100011000101001000011000000000000000000000000000000000000000000000000000000000000
110001111111110001001111100100010001000000000000000000000000000000000000000000000000000000000000
111010011000011111000110001100001011000000000000000000000000000000000000000000000000000000000000
101010000000100010001111000000111110000000000000000000000000000000000000000000000000000000000000
010011001100111010111111000100101111000000000000000000000000000000000000000000000000000000000000
001101011011000010000001011110100101000000000000000000000000000000000000000000000000000000000000
010101001111100110000001000111001100000000000000000000000000000000000000000000000000000000000000
101001011000100101000101000010100100000000000000000000000000000000000000000000000000000000000000
101110000010001100011111110110011101000000000000000000000000000000000000000000000000000000000000
001111100101100000010111100101100001000000000000000000000000000000000000000000000000000000000000
001011111001000101111010101010110000000000000000000000000000000000000000000000000000000000000000
101110111101000111011001110000100010000000000000000000000000000000000000000000000000000000000000
000111101111001001011100101101001100000000000000000000000000000000000000000000000000000000000000
010101100100001010001001000011010100000000000000000000000000000000000000000000000000000000000000
000000110101010000010010000011110110000000000000000000000000000000000000000000000000000000000000
001100001010010110000001101010100001000000000000000000000000000000000000000000000000000000000000
111000010001101100101010000001100001000000000000000000000000000000000000000000000000000000000000
010110000011001101000111000000011001000000000000000000000000000000000000000000000000000000000000
101111111101101100111010100111111001000000000000000000000000000000000000000000000000000000000000
101001001111011010000110110110011000000000000000000000000000000000000000000000000000000000000000
010100010000001010001001101011100110000000000000000000000000000000000000000000000000000000000000
001101110001110011001110110110100010000000000000000000000000000000000000000000000000000000000000
001001111000100011001001010110100011000000000000000000000000000000000000000000000000000000000000
100001101100100011111001101001010111000000000000000000000000000000000000000000000000000000000000
010111101010101110001011011010011101000000000000000000000000000000000000000000000000000000000000
110001111100110000001010110100001001000000000000000000000000000000000000000000000000000000000000
001001001101100010111100110001100110000000000000000000000000000000000000000000000000000000000000
110010111000011110010001111101110001000000000000000000000000000000000000000000000000000000000000
111110010110101110001001011011100010000000000000000000000000000000000000000000000000000000000000
110000000000101001110100011011100010000000000000000000000000000000000000000000000000000000000000
011001110000000110111000110111000100000000000000000000000000000000000000000000000000000000000000
101110010111111010101010100101010001000000000000000000000000000000000000000000000000000000000000
100001110011000100011011011111110001000000000000000000000000000000000000000000000000000000000000
001011010001000001010011111110110010000000000000000000000000000000000000000000000000000000000000
100110101100010011010110001110000101000000000000000000000000000000000000000000000000000000000000
100110101010001111110111010101011110000000000000000000000000000000000000000000000000000000000000
011000000011010110010110101101111001000000000000000000000000000000000000000000000000000000000000
010110010000001110111000110110110101000000000000000000000000000000000000000000000000000000000000
001101000100100110011001100010011001000000000000000000000000000000000000000000000000000000000000
100100101101011111111110101010011001000000000000000000000000000000000000000000000000000000000000
001101011001011101101101101011111111000000000000000000000000000000000000000000000000000000000000
001100110100011001110010010011101001000000000000000000000000000000000000000000000000000000000000
100001100010101100010101111000000111000000000000000000000000000000000000000000000000000000000000
111101101001011010111100001110100101000000000000000000000000000000000000000000000000000000000000
010011101011000010011010101010001110000000000000000000000000000000000000000000000000000000000000
111110110011100110100000100110000011000000000000000000000000000000000000000000000000000000000000
011101101000001010101111010111000100000000000000000000000000000000000000000000000000000000000000
100011010111110101001000010001101010000000000000000000000000000000000000000000000000000000000000
110110011000001001000101011111100100000000000000000000000000000000000000000000000000000000000000
111001000100000000000110100101001101000000000000000000000000000000000000000000000000000000000000
110100011110111000010111101110101010000000000000000000000000000000000000000000000000000000000000
000110110111001010011011111011011111000000000000000000000000000000000000000000000000000000000000
011001010001011010101011001101110101000000000000000000000000000000000000000000000000000000000000
011100110100001100011101111011001100000000000000000000000000000000000000000000000000000000000000
111110110110010000101110011001011100000000000000000000000000000000000000000000000000000000000000
111111100001010001001110111100010001000000000000000000000000000000000000000000000000000000000000
010011001011100100101000001011001000000000000000000000000000000000000000000000000000000000000000
001110100111000111011010011001000011000000000000000000000000000000000000000000000000000000000000
100100100101111111111011010100100001000000000000000000000000000000000000000000000000000000000000
000011010011111000011111101101010010000000000000000000000000000000000000000000000000000000000000
100110111001000111110000110011110001000000000000000000000000000000000000000000000000000000000000
100101101011000110000011110000110010000000000000000000000000000000000000000000000000000000000000
010101010011011111110100100101001000000000000000000000000000000000000000000000000000000000000000
110100100000011000110101110110001111000000000000000000000000000000000000000000000000000000000000
010110111010011011100010101100010011000000000000000000000000000000000000000000000000000000000000
110010000011100101010000000011001000000000000000000000000000000000000000000000000000000000000000
101100010110010000111000001110011111000000000000000000000000000000000000000000000000000000000000
001010101110010101000011111110000011000000000000000000000000000000000000000000000000000000000000
001001001011000101100110010100101101000000000000000000000000000000000000000000000000000000000000
001010001110110101111010110000000111000000000000000000000000000000000000000000000000000000000000
001011010101011010000110111111100101000000000000000000000000000000000000000000000000000000000000
010101010010001011011010010101100001000000000000000000000000000000000000000000000000000000000000
100110000100100100000101011111101111000000000000000000000000000000000000000000000000000000000000
110010010100101111101001111111001100000000000000000000000000000000000000000000000000000000000000
011010110010001110011110000001111001000000000000000000000000000000000000000000000000000000000000
101111100110000100000010001001000011000000000000000000000000000000000000000000000000000000000000
101000001110001110010100110111101011000000000000000000000000000000000000000000000000000000000000
111000101001101010100101111001000001000000000000000000000000000000000000000000000000000000000000
001010111101001001001101100110111100000000000000000000000000000000000000000000000000000000000000
100010101101000100110011011101010110000000000000000000000000000000000000000000000000000000000000
010101101100001110001101101000110101000000000000000000000000000000000000000000000000000000000000
000011000100011111111011000011100001000000000000000000000000000000000000000000000000000000000000
101000011010010111100000110101111110000000000000000000000000000000000000000000000000000000000000
001001111100000111011111001111000110000000000000000000000000000000000000000000000000000000000000
110010010111111010110101110101011101000000000000000000000000000000000000000000000000000000000000
000110010101100100101100110101100110000000000000000000000000000000000000000000000000000000000000
111101001100100010100110101000111110000000000000000000000000000000000000000000000000000000000000
100101011101010011011010111011000001000000000000000000000000000000000000000000000000000000000000
000001011000001111010100010100010111000000000000000000000000000000000000000000000000000000000000
111110100101101011000001001111000100000000000000000000000000000000000000000000000000000000000000
101111100011010100111110110010110010000000000000000000000000000000000000000000000000000000000000
101000100000001101011111100011001001000000000000000000000000000000000000000000000000000000000000
101110011111101011000010011100000111000000000000000000000000000000000000000000000000000000000000
011111011110101100010111010111000101000000000000000000000000000000000000000000000000000000000000
110001000011011100001010000101110010000000000000000000000000000000000000000000000000000000000000
101000011110010100111011101101001100000000000000000000000000000000000000000000000000000000000000
100101101101001110000100011011111111000000000000000000000000000000000000000000000000000000000000
110000110110001100100101011001011011000000000000000000000000000000000000000000000000000000000000
100000001000001101011011000000011011000000000000000000000000000000000000000000000000000000000000
110011100100000101111111111101110010000000000000000000000000000000000000000000000000000000000000
100100000011010100010100100011100101000000000000000000000000000000000000000000000000000000000000
100001101000001001101010011111100010000000000000000000000000000000000000000000000000000000000000
111000010001111001100110100110001100000000000000000000000000000000000000000000000000000000000000
001100111100111010101000000110101010000000000000000000000000000000000000000000000000000000000000
100010000101010101100011000101000100000000000000000000000000000000000000000000000000000000000000
110111001001110010011010101010001100000000000000000000000000000000000000000000000000000000000000
101110001010100101001010000101100000000000000000000000000000000000000000000000000000000000000000
010100000001100111011111111110001100000000000000000000000000000000000000000000000000000000000000
101111000101000001000101010011000110000000000000000000000000000000000000000000000000000000000000
011011011001101111010100000000100000000000000000000000000000000000000000000000000000000000000000
000010011110110110101001101000111001000000000000000000000000000000000000000000000000000000000000
111011110000010010101000110110101011000000000000000000000000000000000000000000000000000000000000
011011100011011111111101010111011111000000000000000000000000000000000000000000000000000000000000
111100000001011000100010000110001111000000000000000000000000000000000000000000000000000000000000
100011101000110110011110001000111000000000000000000000000000000000000000000000000000000000000000
101010011011101101100011010110000000000000000000000000000000000000000000000000000000000000000000
011010101110101100111100100100001110000000000000000000000000000000000000000000000000000000000000
001101001010100010110001001011000110000000000000000000000000000000000000000000000000000000000000
000011010111101011101010011011000110000000000000000000000000000000000000000000000000000000000000
110101000101100011000011101000100010000000000000000000000000000000000000000000000000000000000000
000001011111011000111000001011101010000000000000000000000000000000000000000000000000000000000000
100101100110101110000100100000000011000000000000000000000000000000000000000000000000000000000000
110000100001100011010101101110100000000000000000000000000000000000000000000000000000000000000000
111111111111000100100101111100110110000000000000000000000000000000000000000000000000000000000000
000001010110111110001110110001110010000000000000000000000000000000000000000000000000000000000000
001001011111110110111010110010000000000000000000000000000000000000000000000000000000000000000000
000010001101111110101110101100001100000000000000000000000000000000000000000000000000000000000000
100010001000000001110111000000111111000000000000000000000000000000000000000000000000000000000000
101011111111010101000000011110010000000000000000000000000000000000000000000000000000000000000000
000101000011011011000100001001011101000000000000000000000000000000000000000000000000000000000000
101111100101111110101100101101010000000000000000000000000000000000000000000000000000000000000000
010011100011010010001110101001001110000000000000000000000000000000000000000000000000000000000000
000010001100011111100001100101010111000000000000000000000000000000000000000000000000000000000000
110110110110010111011010011010001100000000000000000000000000000000000000000000000000000000000000
111000100110111001011111110000101001000000000000000000000000000000000000000000000000000000000000
011000111101011100000000001101000111000000000000000000000000000000000000000000000000000000000000
011000100101110110101000110111000000000000000000000000000000000000000000000000000000000000000000
011000111110000011101000010101100100000000000000000000000000000000000000000000000000000000000000
111111101111110110101100100101010111000000000000000000000000000000000000000000000000000000000000
101101010100111100111001001110000010000000000000000000000000000000000000000000000000000000000000
001101001101010100101100000101101100000000000000000000000000000000000000000000000000000000000000
110011010001111011001001110010011100000000000000000000000000000000000000000000000000000000000000
111101101000000101010110000011111010000000000000000000000000000000000000000000000000000000000000
111111100010001111001001011011100101000000000000000000000000000000000000000000000000000000000000
001110100110000011001001101010011001000000000000000000000000000000000000000000000000000000000000
101011100101100010011000000111101001000000000000000000000000000000000000000000000000000000000000
101110110101010100111010111010011111000000000000000000000000000000000000000000000000000000000000
010011101101101101100110111101001100000000000000000000000000000000000000000000000000000000000000
010001011110101100100010001110010101000000000000000000000000000000000000000000000000000000000000
010011110001111110000100111011111010000000000000000000000000000000000000000000000000000000000000
010100100000000000011111011010000010000000000000000000000000000000000000000000000000000000000000
101001011100000001011010110011110011000000000000000000000000000000000000000000000000000000000000
011100110000000011100101100000111000000000000000000000000000000000000000000000000000000000000000
000001110101000101101011101011010001000000000000000000000000000000000000000000000000000000000000
000111100001110101101111001111001100000000000000000000000000000000000000000000000000000000000000
001011010011100000011011111011000011000000000000000000000000000000000000000000000000000000000000
011101100011010111110100000101010110000000000000000000000000000000000000000000000000000000000000
100100011100011010011011101111000101000000000000000000000000000000000000000000000000000000000000
110101001000000011010000111100010101000000000000000000000000000000000000000000000000000000000000
010001100101111100111011101111101001000000000000000000000000000000000000000000000000000000000000
111000011111111011001001101100011100000000000000000000000000000000000000000000000000000000000000
111011110111111101001000110000110101000000000000000000000000000000000000000000000000000000000000
010001100101111100010110111101001110000000000000000000000000000000000000000000000000000000000000
110000010100000100100111101010000011000000000000000000000000000000000000000000000000000000000000
101110101001001010111010100000001111000000000000000000000000000000000000000000000000000000000000
001000110011111001101011100101100000000000000000000000000000000000000000000000000000000000000000
100111110100011000011101101100110010000000000000000000000000000000000000000000000000000000000000
111101111111000001010101110010001111000000000000000000000000000000000000000000000000000000000000
111010100110000000110011101000001101000000000000000000000000000000000000000000000000000000000000
001110011010111111000001010101010110000000000000000000000000000000000000000000000000000000000000
101010111000110111100101111110000101000000000000000000000000000000000000000000000000000000000000
111011110000110000011001011100011000000000000000000000000000000000000000000000000000000000000000
110100010010000001111011110110100100000000000000000000000000000000000000000000000000000000000000
111111111011111101111101011111001111000000000000000000000000000000000000000000000000000000000000
011011001010001000111101110011000000000000000000000000000000000000000000000000000000000000000000
001111000111010010001000011010001101000000000000000000000000000000000000000000000000000000000000
011100011010010101010101011010001110000000000000000000000000000000000000000000000000000000000000
100111011011000001000100111110011100000000000000000000000000000000000000000000000000000000000000
111101000101100001110110110001011111000000000000000000000000000000000000000000000000000000000000
110001110100111110011110111111011000000000000000000000000000000000000000000000000000000000000000
010101010001110101000000101000000111000000000000000000000000000000000000000000000000000000000000
101010100101101010001100101110111111000000000000000000000000000000000000000000000000000000000000
100100101011000000011101011110010111000000000000000000000000000000000000000000000000000000000000
111101101100101100101111100011001011000000000000000000000000000000000000000000000000000000000000
110011111011010111011011011001111101000000000000000000000000000000000000000000000000000000000000
110101011101001000010010101100100011000000000000000000000000000000000000000000000000000000000000
011001011101111010101111100111101100000000000000000000000000000000000000000000000000000000000000
110000110011010011101000001010101110000000000000000000000000000000000000000000000000000000000000
110010101101100100011001001000101010000000000000000000000000000000000000000000000000000000000000
000011110010100100100101101000110101000000000000000000000000000000000000000000000000000000000000
110111010111101000111100010011100001000000000000000000000000000000000000000000000000000000000000
110110110100011010000010000100010111000000000000000000000000000000000000000000000000000000000000
110101000101001010001101011010000001000000000000000000000000000000000000000000000000000000000000
100010011000111000000010110001111000000000000000000000000000000000000000000000000000000000000000
111111100011001110101001011100011101000000000000000000000000000000000000000000000000000000000000
010110101110011001000010110100011111000000000000000000000000000000000000000000000000000000000000
010110110100011101001000011010000110000000000000000000000000000000000000000000000000000000000000
010101001001100010001111111010111001000000000000000000000000000000000000000000000000000000000000
011100100111010010001010001110101011000000000000000000000000000000000000000000000000000000000000
000111000100110001010100001011011011000000000000000000000000000000000000000000000000000000000000
100000110110111101111100101111110101000000000000000000000000000000000000000000000000000000000000
000101100101001101111110010010101111000000000000000000000000000000000000000000000000000000000000
110000000110000111000101110111100110000000000000000000000000000000000000000000000000000000000000
100001101101001011010101110000101001000000000000000000000000000000000000000000000000000000000000
101100000101010111000000110101010101000000000000000000000000000000000000000000000000000000000000
010100111011110100100010000100100111000000000000000000000000000000000000000000000000000000000000
011110111001101100011000000001000110000000000000000000000000000000000000000000000000000000000000
011011100111111110110111110101100000000000000000000000000000000000000000000000000000000000000000
000111001110101011010100001111010100000000000000000000000000000000000000000000000000000000000000
000111111011111101000000001000100101000000000000000000000000000000000000000000000000000000000000
001101000011001010101101111111101001000000000000000000000000000000000000000000000000000000000000
010011000010100011000000101111110011000000000000000000000000000000000000000000000000000000000000
000010101011110011100011100001010001000000000000000000000000000000000000000000000000000000000000
101110110110011000001000110100000010000000000000000000000000000000000000000000000000000000000000
000001000101011111001000110001001101000000000000000000000000000000000000000000000000000000000000
001001011110011001000001001111011100000000000000000000000000000000000000000000000000000000000000
000001100010110000011100101111010110000000000000000000000000000000000000000000000000000000000000
110011110010101110001011001011101110000000000000000000000000000000000000000000000000000000000000
110001001101010000001100010000101010000000000000000000000000000000000000000000000000000000000000
011011011101001100110001001011111111000000000000000000000000000000000000000000000000000000000000
100100010000100011110111100111111001000000000000000000000000000000000000000000000000000000000000
110110110110010100100110111011101111000000000000000000000000000000000000000000000000000000000000
100011011011110100001010001001111101000000000000000000000000000000000000000000000000000000000000
101110000000000000000010010101111100000000000000000000000000000000000000000000000000000000000000
001011111010111000001000010001001011000000000000000000000000000000000000000000000000000000000000
111100000010000110111100000001001101000000000000000000000000000000000000000000000000000000000000
011011010010110001000110011110010000000000000000000000000000000000000000000000000000000000000000
000100110000100111110111001101001101000000000000000000000000000000000000000000000000000000000000
010011111010111101110001000111110110000000000000000000000000000000000000000000000000000000000000
011000101111111001111100001111111001000000000000000000000000000000000000000000000000000000000000
010111000000100111011110010010101101000000000000000000000000000000000000000000000000000000000000
100011100101111001011110110110000100000000000000000000000000000000000000000000000000000000000000
110110001100110010000010101100101010000000000000000000000000000000000000000000000000000000000000
000000010010100000001000111000000100000000000000000000000000000000000000000000000000000000000000
111011010110000110111001010101011110000000000000000000000000000000000000000000000000000000000000
100001010001101011011110000100010011000000000000000000000000000000000000000000000000000000000000
100100110001011111000001001111111011000000000000000000000000000000000000000000000000000000000000
011000000110011100110000001001111101000000000000000000000000000000000000000000000000000000000000
101010001000010111100111110110000011000000000000000000000000000000000000000000000000000000000000
110000110110001111011111111010000010000000000000000000000000000000000000000000000000000000000000
010110001101100010011111111001101001000000000000000000000000000000000000000000000000000000000000
010000000111100111110110110011111000000000000000000000000000000000000000000000000000000000000000
100011101001100110000010001011111010000000000000000000000000000000000000000000000000000000000000
001001110010100000101010111001000000000000000000000000000000000000000000000000000000000000000000
011110110101111100001101100010000001000000000000000000000000000000000000000000000000000000000000
010100001000101001011100110010111010000000000000000000000000000000000000000000000000000000000000
100010001010110111000000001010000110000000000000000000000000000000000000000000000000000000000000
100111000111111010101100000100111110000000000000000000000000000000000000000000000000000000000000
001001110111101001000100010000100001000000000000000000000000000000000000000000000000000000000000
010011010011111010111110001111111000000000000000000000000000000000000000000000000000000000000000
011001000011100111011110111000100010000000000000000000000000000000000000000000000000000000000000
111001001000001100011011001101000011000000000000000000000000000000000000000000000000000000000000
110011100110110100001010011101000100000000000000000000000000000000000000000000000000000000000000
000011101011010001110011110110000000000000000000000000000000000000000000000000000000000000000000
000100010001100011001011001010101010000000000000000000000000000000000000000000000000000000000000
001111010101010101000000111111100000000000000000000000000000000000000000000000000000000000000000
110100001000111001011010011100011101000000000000000000000000000000000000000000000000000000000000
000011101011100111100101001001000000000000000000000000000000000000000000000000000000000000000000
101000100000001110101011001100101000000000000000000000000000000000000000000000000000000000000000
100011110110111100010100101100001010000000000000000000000000000000000000000000000000000000000000
101001111100111110000100001110000010000000000000000000000000000000000000000000000000000000000000
000001101100011111001000010111011111000000000000000000000000000000000000000000000000000000000000
011001101011110010000000100101110001000000000000000000000000000000000000000000000000000000000000
111001110110110010000000110101111101000000000000000000000000000000000000000000000000000000000000
000111011101100000000101101110001001000000000000000000000000000000000000000000000000000000000000
101101011111111101110110010110101011000000000000000000000000000000000000000000000000000000000000
111100001000000011000010010011011010000000000000000000000000000000000000000000000000000000000000
100010110011011000011100010001111111000000000000000000000000000000000000000000000000000000000000
100011101011111011001011110100110010000000000000000000000000000000000000000000000000000000000000
011111101000111010111111110101101100000000000000000000000000000000000000000000000000000000000000
101100101111001010011010000111011100000000000000000000000000000000000000000000000000000000000000
111001001010111011011001101000010001000000000000000000000000000000000000000000000000000000000000
011110100010110101111111101001000111000000000000000000000000000000000000000000000000000000000000
001101000000100001110100011001011100000000000000000000000000000000000000000000000000000000000000
010111111111000001111000101101001011000000000000000000000000000000000000000000000000000000000000
111010111101000111101111011001111111000000000000000000000000000000000000000000000000000000000000
101110001100100111111010100111111101000000000000000000000000000000000000000000000000000000000000
110000011001100100110100101101000011000000000000000000000000000000000000000000000000000000000000
000000111111110110011110111110011100000000000000000000000000000000000000000000000000000000000000
011001100110010011000101101000010110000000000000000000000000000000000000000000000000000000000000
110000111001011111101110010101010011000000000000000000000000000000000000000000000000000000000000
000100000010101100011101101000000110000000000000000000000000000000000000000000000000000000000000
001100100000100010000010000101101011000000000000000000000000000000000000000000000000000000000000
111110110101010110101000100000001001000000000000000000000000000000000000000000000000000000000000
100000010011101110111010110100011101000000000000000000000000000000000000000000000000000000000000
011000100001101001011101111001001000000000000000000000000000000000000000000000000000000000000000
000010101000011010101111000110011110000000000000000000000000000000000000000000000000000000000000
111111101110101010101011101010001011000000000000000000000000000000000000000000000000000000000000
101001101100110001000011000100010111000000000000000000000000000000000000000000000000000000000000
000111011010000001011000101001111111000000000000000000000000000000000000000000000000000000000000
001101000010101001001000100100010010000000000000000000000000000000000000000000000000000000000000
001001110011000110101101011111001110000000000000000000000000000000000000000000000000000000000000
000000000010000010011101010010011101000000000000000000000000000000000000000000000000000000000000
011001101001111100001111010100011101000000000000000000000000000000000000000000000000000000000000
100111011000111001010111110111010111000000000000000000000000000000000000000000000000000000000000
011111101001001000001111110011111011000000000000000000000000000000000000000000000000000000000000
011111001010100000101110000001110110000000000000000000000000000000000000000000000000000000000000
110011100100111111001100110000111011000000000000000000000000000000000000000000000000000000000000
011100010000110000101001100000000011000000000000000000000000000000000000000000000000000000000000
011001110011010011111011001111110110000000000000000000000000000000000000000000000000000000000000
011111111011100011100011010010010011000000000000000000000000000000000000000000000000000000000000
000111111111111000111001000101001111000000000000000000000000000000000000000000000000000000000000
011001111001011110110111100100001111000000000000000000000000000000000000000000000000000000000000
110100000110010101110111010110110110000000000000000000000000000000000000000000000000000000000000
011100011000001100111011000101000011000000000000000000000000000000000000000000000000000000000000
110100111011100010111011110101001011000000000000000000000000000000000000000000000000000000000000
111100001011001100000000110101101011000000000000000000000000000000000000000000000000000000000000
100001000011010110001001110000000001000000000000000000000000000000000000000000000000000000000000
000111010101100011101101101101101000000000000000000000000000000000000000000000000000000000000000
101010010011000101000100100111100101000000000000000000000000000000000000000000000000000000000000
000101110000011000001100101110000001000000000000000000000000000000000000000000000000000000000000
101001001100011010110000000011110111000000000000000000000000000000000000000000000000000000000000
000001100100111111001100000000001110000000000000000000000000000000000000000000000000000000000000
001111011011010100001100110001100011000000000000000000000000000000000000000000000000000000000000
111111101000001101100011100000000000000000000000000000000000000000000000000000000000000000000000
000000010100011110100111101101001001000000000000000000000000000000000000000000000000000000000000
101001010000001100101101011010110010000000000000000000000000000000000000000000000000000000000000
001011111110000101000110000110010101000000000000000000000000000000000000000000000000000000000000
010110100000110010011011011110000000000000000000000000000000000000000000000000000000000000000000
111000011111001000110001101000100110000000000000000000000000000000000000000000000000000000000000
010011000000101101100000000010011110000000000000000000000000000000000000000000000000000000000000
100101110011101101000001001101100110000000000000000000000000000000000000000000000000000000000000
000110010000110110100101011000111110000000000000000000000000000000000000000000000000000000000000
000101100101100100100100101010111010000000000000000000000000000000000000000000000000000000000000
110001100000000001111100110100101100000000000000000000000000000000000000000000000000000000000000
000010110110111111110001001100110000000000000000000000000000000000000000000000000000000000000000
100110010011111011011010011100111001000000000000000000000000000000000000000000000000000000000000
111010111010000010001001010011100011000000000000000000000000000000000000000000000000000000000000
010011011011000100111001000010101101000000000000000000000000000000000000000000000000000000000000
110011111110111111110100110111000000000000000000000000000000000000000000000000000000000000000000
111101100110011110001101001110010101000000000000000000000000000000000000000000000000000000000000
111101001000100000000010000011110000000000000000000000000000000000000000000000000000000000000000
010001011000110001100001110001111101000000000000000000000000000000000000000000000000000000000000
100100011010010111101000011111011010000000000000000000000000000000000000000000000000000000000000
001000000100101001011011010110111100000000000000000000000000000000000000000000000000000000000000
101010011011100101110000100101101110000000000000000000000000000000000000000000000000000000000000
000001011000111000011011110011101111000000000000000000000000000000000000000000000000000000000000
111010001111100101110111111000101110000000000000000000000000000000000000000000000000000000000000
000110111001010100010011010011000110000000000000000000000000000000000000000000000000000000000000
000010110011010011000011110011111101000000000000000000000000000000000000000000000000000000000000
110111111101001000101001001010111111000000000000000000000000000000000000000000000000000000000000
000011010010101111011011110001101010000000000000000000000000000000000000000000000000000000000000
101001010010111010011111100001001001000000000000000000000000000000000000000000000000000000000000
010111011011000110100000100001110101000000000000000000000000000000000000000000000000000000000000
111110101010101101010011101001100010000000000000000000000000000000000000000000000000000000000000
101100000011111101001110110011010010000000000000000000000000000000000000000000000000000000000000
