000000000000000000000000000000000000000000000000000000000000110110001101001111110101100000101111
000000000000000000000000000000000000000000000000000000000000011011001110101111011111100001011010
000000000000000000000000000000000000000000000000000000000000111011010111011111100101010000101010
000000000000000000000000000000000000000000000000000000000000010110010111001111010010110010010001
000000000000000000000000000000000000000000000000000000000000000101001001101101101110010011111100
000000000000000000000000000000000000000000000000000000000000000111111011000001001100110111000101
000000000000000000000000000000000000000000000000000000000000011001101111101011101100001111011000
000000000000000000000000000000000000000000000000000000000000010111011001011011110000101100010001
000000000000000000000000000000000000000000000000000000000000111000100010110110010001100110100000
000000000000000000000000000000000000000000000000000000000000100011010010101101000001110101000101
000000000000000000000000000000000000000000000000000000000000010110000111001000110110010010111110
000000000000000000000000000000000000000000000000000000000000010001111010001100000010001010100110
000000000000000000000000000000000000000000000000000000000000010111001110010101111100001011011111
000000000000000000000000000000000000000000000000000000000000110111011111111011010111101010100000
000000000000000000000000000000000000000000000000000000000000111100011100101111101011111111110000
000000000000000000000000000000000000000000000000000000000000110001110100101001000010100101011111
000000000000000000000000000000000000000000000000000000000000110010100110100000011110110110001010
000000000000000000000000000000000000000000000000000000000000101001101100101111100111000001100110
000000000000000000000000000000000000000000000000000000000000001001011010010000101101011101111100
000000000000000000000000000000000000000000000000000000000000111100111101111010101111111011100110
000000000000000000000000000000000000000000000000000000000000110011011110001011110011000111011001
000000000000000000000000000000000000000000000000000000000000001000111111110100101011010010111001
000000000000000000000000000000000000000000000000000000000000110001110000011011000100011010001010
000000000000000000000000000000000000000000000000000000000000011011000010101011111001001011111001
000000000000000000000000000000000000000000000000000000000000111010100100110101000011000110100000
000000000000000000000000000000000000000000000000000000000000110110000111010011011011000001110101
000000000000000000000000000000000000000000000000000000000000010000001011110100111110011111101110
000000000000000000000000000000000000000000000000000000000000000100011000111000100001111000110000
000000000000000000000000000000000000000000000000000000000000000010000110100110000101010110110000
000000000000000000000000000000000000000000000000000000000000101010110100001101000011010000010010
000000000000000000000000000000000000000000000000000000000000011010000110001011001111001001100101
000000000000000000000000000000000000000000000000000000000000001100010100110111010001110101100110
000000000000000000000000000000000000000000000000000000000000110001000001110010100111111011110100
000000000000000000000000000000000000000000000000000000000000101001101100010100011100001110001100
000000000000000000000000000000000000000000000000000000000000000111000000110111000110011000110010
000000000000000000000000000000000000000000000000000000000000001011000111101111110101010001101001
000000000000000000000000000000000000000000000000000000000000100110101011010111001001011101001110
000000000000000000000000000000000000000000000000000000000000011101001000000111111010100010011101
000000000000000000000000000000000000000000000000000000000000010100100110001101111001010111101101
000000000000000000000000000000000000000000000000000000000000000010101100001101101010001011110010
000000000000000000000000000000000000000000000000000000000000111101100111011001011011100111100011
000000000000000000000000000000000000000000000000000000000000110101111010100011100111010011000000
000000000000000000000000000000000000000000000000000000000000011101111010111111010001010000111110
000000000000000000000000000000000000000000000000000000000000001111100000100010011011100111100001
000000000000000000000000000000000000000000000000000000000000000100000010000111010011111111100011
000000000000000000000000000000000000000000000000000000000000011011000100100001001111111001000101
000000000000000000000000000000000000000000000000000000000000101000110111010111001111001110000010
000000000000000000000000000000000000000000000000000000000000111011011111010111001011011011010010
000000000000000000000000000000000000000000000000000000000000110101001010010010011110111001000111
000000000000000000000000000000000000000000000000000000000000011110110100100010011111100100110111
000000000000000000000000000000000000000000000000000000000000110001111000001001011100011011111110
000000000000000000000000000000000000000000000000000000000000101010100000110010111010101011010110
000000000000000000000000000000000000000000000000000000000000001111101111001000100101101110111100
000000000000000000000000000000000000000000000000000000000000010111001111101010010010110101111101
000000000000000000000000000000000000000000000000000000000000110110010100000100100010010001001001
000000000000000000000000000000000000000000000000000000000000111100011010000111110111111011011110
000000000000000000000000000000000000000000000000000000000000110101010100111000110111110100100111
000000000000000000000000000000000000000000000000000000000000001110001010001011101101010010100010
000000000000000000000000000000000000000000000000000000000000110011110000000001110111111011111111
000000000000000000000000000000000000000000000000000000000000000010100011100101100011111010011000
000000000000000000000000000000000000000000000000000000000000111011101011000101111000010111001010
000000000000000000000000000000000000000000000000000000000000110101010010111101000001010010111110
000000000000000000000000000000000000000000000000000000000000000011001001100111010110010010111111
000000000000000000000000000000000000000000000000000000000000100100101010000111101000111110100001
000000000000000000000000000000000000000000000000000000000000001011111000100101011010000101111110
000000000000000000000000000000000000000000000000000000000000100101001110000101100010100001001010
000000000000000000000000000000000000000000000000000000000000111101010001010100011101001001000011
000000000000000000000000000000000000000000000000000000000000011001001110110000111001000100000000
000000000000000000000000000000000000000000000000000000000000100001010100011000010101000000101110
000000000000000000000000000000000000000000000000000000000000011000000111100000010111111011010110
000000000000000000000000000000000000000000000000000000000000001111011010111010010000010010100011
000000000000000000000000000000000000000000000000000000000000001100011001010111100001110000000100
000000000000000000000000000000000000000000000000000000000000010100010011001100101010111110111100
000000000000000000000000000000000000000000000000000000000000011100110010110001001101001110100011
000000000000000000000000000000000000000000000000000000000000000001000000101001011001110100111011
000000000000000000000000000000000000000000000000000000000000101101100100001100001011000110100010
000000000000000000000000000000000000000000000000000000000000011110010101110100011000100011010000
000000000000000000000000000000000000000000000000000000000000100010001001101010010111111010011000
000000000000000000000000000000000000000000000000000000000000111100100010000001110100100101000011
000000000000000000000000000000000000000000000000000000000000000100011011110001001000110101000011
000000000000000000000000000000000000000000000000000000000000110101011111000101110010011101111100
000000000000000000000000000000000000000000000000000000000000011101100101011010010001001110011100
000000000000000000000000000000000000000000000000000000000000010001011000100000111000010001100010
000000000000000000000000000000000000000000000000000000000000001011011101111110100000000101111000
000000000000000000000000000000000000000000000000000000000000000010010000000000110110001111100111
000000000000000000000000000000000000000000000000000000000000001101000010100111000000110101110110
000000000000000000000000000000000000000000000000000000000000000111111100000101111001111000100001
000000000000000000000000000000000000000000000000000000000000100011110000001100101110101011110001
000000000000000000000000000000000000000000000000000000000000101000110101000111101010000010110110
000000000000000000000000000000000000000000000000000000000000101101111101101101000011010110011111
000000000000000000000000000000000000000000000000000000000000111111001110011100101101101000010011
000000000000000000000000000000000000000000000000000000000000101101010101001110011010101110011011
000000000000000000000000000000000000000000000000000000000000111011100100101100111001001001100101
000000000000000000000000000000000000000000000000000000000000100011110011110100100100011001110101
000000000000000000000000000000000000000000000000000000000000100100010111111101100010111110111000
000000000000000000000000000000000000000000000000000000000000110110110111101011110111110001011001
000000000000000000000000000000000000000000000000000000000000001101000101001010100001011011111101
000000000000000000000000000000000000000000000000000000000000001110111010010111000001100101010101
000000000000000000000000000000000000000000000000000000000000000101101011001111000100100101100111
000000000000000000000000000000000000000000000000000000000000110111100100010111011011000101011011
000000000000000000000000000000000000000000000000000000000000101011000111000101111101100111111111
000000000000000000000000000000000000000000000000000000000000011110110000100000011100110010000111
000000000000000000000000000000000000000000000000000000000000000110001101011001111111101101101100
000000000000000000000000000000000000000000000000000000000000100101101001001100011111100001110111
000000000000000000000000000000000000000000000000000000000000111011101111010010110110111111100001
000000000000000000000000000000000000000000000000000000000000000001011111000011011011111010010010
000000000000000000000000000000000000000000000000000000000000011110010000101101000000010011001001
000000000000000000000000000000000000000000000000000000000000101100111011110101100111011100101110
000000000000000000000000000000000000000000000000000000000000110000111000000000000101000001000010
000000000000000000000000000000000000000000000000000000000000101000101000010001111100001001001010
000000000000000000000000000000000000000000000000000000000000001000101010110101011110110111100010
000000000000000000000000000000000000000000000000000000000000110100000001001000000011010111000001
000000000000000000000000000000000000000000000000000000000000010111010001010100110100111000100101
000000000000000000000000000000000000000000000000000000000000001001011110000011011101101011010001
000000000000000000000000000000000000000000000000000000000000111110011110111000101100101001000111
000000000000000000000000000000000000000000000000000000000000011100011010001001101101010000000111
000000000000000000000000000000000000000000000000000000000000010011101011010010011110110000101100
000000000000000000000000000000000000000000000000000000000000010111011011011111011011101101000101
000000000000000000000000000000000000000000000000000000000000101000100100000100101000000111111010
000000000000000000000000000000000000000000000000000000000000101011111010111101010000111001111101
000000000000000000000000000000000000000000000000000000000000111010100011100001101111000101001111
000000000000000000000000000000000000000000000000000000000000111000011001010000110001111110110000
000000000000000000000000000000000000000000000000000000000000111110010101001011010010100010000101
000000000000000000000000000000000000000000000000000000000000010111101100100011111000000000100100
000000000000000000000000000000000000000000000000000000000000001001110100110111111000001110010010
000000000000000000000000000000000000000000000000000000000000111010010111110000110011001000110110
000000000000000000000000000000000000000000000000000000000000011101100000001010100101001100111011
000000000000000000000000000000000000000000000000000000000000011000011001111000100010110001001011
000000000000000000000000000000000000000000000000000000000000000001110100001110001010111011111000
000000000000000000000000000000000000000000000000000000000000101111101000111001111010100000110000
000000000000000000000000000000000000000000000000000000000000011111011100011000001001100111000000
000000000000000000000000000000000000000000000000000000000000111111001010011011001110111010111001
000000000000000000000000000000000000000000000000000000000000010011011001001111110001010011100111
000000000000000000000000000000000000000000000000000000000000010111010011000001001111101110101100
000000000000000000000000000000000000000000000000000000000000101101000111100110111100101001100110
000000000000000000000000000000000000000000000000000000000000001110000011100010111001110100011001
000000000000000000000000000000000000000000000000000000000000001011001011101011110010001011101001
000000000000000000000000000000000000000000000000000000000000111010101001010111011101101100101110
000000000000000000000000000000000000000000000000000000000000101001110111110101110010101011000101
000000000000000000000000000000000000000000000000000000000000110011011111010000101110110011111010
000000000000000000000000000000000000000000000000000000000000111010111011111001100111000100110100
000000000000000000000000000000000000000000000000000000000000011001001111111111000100010000001111
000000000000000000000000000000000000000000000000000000000000110101111000100100001011011001111110
000000000000000000000000000000000000000000000000000000000000111001110000100000010101011010011101
000000000000000000000000000000000000000000000000000000000000011010101101110011100110011100110101
000000000000000000000000000000000000000000000000000000000000001000001110010001011110110100000101
000000000000000000000000000000000000000000000000000000000000000110110111100000101011010111000100
000000000000000000000000000000000000000000000000000000000000011110101101000100000100111101001100
000000000000000000000000000000000000000000000000000000000000100111011001000101010110101110010110
000000000000000000000000000000000000000000000000000000000000000100101110101101100100001011000000
000000000000000000000000000000000000000000000000000000000000100011111111001110000000111011100011
000000000000000000000000000000000000000000000000000000000000010000010100110110011011010100110100
000000000000000000000000000000000000000000000000000000000000001101111111100100110011101100010100
000000000000000000000000000000000000000000000000000000000000010001110100001000110011010010011100
000000000000000000000000000000000000000000000000000000000000110000010101111111110011011010100011
000000000000000000000000000000000000000000000000000000000000100111100000111001001100111110111001
000000000000000000000000000000000000000000000000000000000000100001100010110111101101001111000011
000000000000000000000000000000000000000000000000000000000000011110011101101110010010001111111010
000000000000000000000000000000000000000000000000000000000000100100001111100110000000000001000010
000000000000000000000000000000000000000000000000000000000000000110011100110011010001010111110010
000000000000000000000000000000000000000000000000000000000000000101001111110000000010111101100111
000000000000000000000000000000000000000000000000000000000000101110100111010101101101110101101010
000000000000000000000000000000000000000000000000000000000000010001110011011000110001010010100011
000000000000000000000000000000000000000000000000000000000000001110010101010110101011111010000010
000000000000000000000000000000000000000000000000000000000000100110011100010110101101111010111001
000000000000000000000000000000000000000000000000000000000000111100100001100001101011110111001110
000000000000000000000000000000000000000000000000000000000000000000110000000000001111011011110101
000000000000000000000000000000000000000000000000000000000000111010010110001001101101100011000011
000000000000000000000000000000000000000000000000000000000000001101000001001011100011001001100000
000000000000000000000000000000000000000000000000000000000000000011001001101000011111111110011011
000000000000000000000000000000000000000000000000000000000000001011100100101101100010001010011111
000000000000000000000000000000000000000000000000000000000000110100001100010101111111001011010100
000000000000000000000000000000000000000000000000000000000000000011100010000100011101110101010110
000000000000000000000000000000000000000000000000000000000000111110111111111101000100001000110010
000000000000000000000000000000000000000000000000000000000000001011100001000110011010011001000110
000000000000000000000000000000000000000000000000000000000000010011000000011000100011010010100100
000000000000000000000000000000000000000000000000000000000000010111101111001000100001101100000110
000000000000000000000000000000000000000000000000000000000000101100111010000000101110111101101101
000000000000000000000000000000000000000000000000000000000000101111101000111101011110101010111101
000000000000000000000000000000000000000000000000000000000000101010111100010111000110100001101100
000000000000000000000000000000000000000000000000000000000000101111101000000010110001011111010111
000000000000000000000000000000000000000000000000000000000000001011100101011010110110111010110110
000000000000000000000000000000000000000000000000000000000000001101100011101100010001111110000011
000000000000000000000000000000000000000000000000000000000000010101111000101111000011101110111101
000000000000000000000000000000000000000000000000000000000000101001111101000001001100100000001111
000000000000000000000000000000000000000000000000000000000000000110100001000000101100001001101100
000000000000000000000000000000000000000000000000000000000000001101101111101110110011100000101101
000000000000000000000000000000000000000000000000000000000000110110111101001110111000010001100010
000000000000000000000000000000000000000000000000000000000000111111111110110010011001100011000111
000000000000000000000000000000000000000000000000000000000000110010100110100111010101010011101000
000000000000000000000000000000000000000000000000000000000000001001101110100011100100011111100110
000000000000000000000000000000000000000000000000000000000000000111010011010010110101110110001001
000000000000000000000000000000000000000000000000000000000000101101111101010011101000001111011000
000000000000000000000000000000000000000000000000000000000000001110010000110111111100000101111001
000000000000000000000000000000000000000000000000000000000000111010111011100111101000000000010100
000000000000000000000000000000000000000000000000000000000000110001110101110110010101101011001101
000000000000000000000000000000000000000000000000000000000000011001000010001011101001100001010011
000000000000000000000000000000000000000000000000000000000000000100011110110010101101001100001001
000000000000000000000000000000000000000000000000000000000000110111010011011101001100110100111101
000000000000000000000000000000000000000000000000000000000000001001010001110100010001001001100001
000000000000000000000000000000000000000000000000000000000000110000010101001000111101101101000001
000000000000000000000000000000000000000000000000000000000000101001100100001011010100001111011000
000000000000000000000000000000000000000000000000000000000000101001100101111111110000010111001110
000000000000000000000000000000000000000000000000000000000000010011000110010011000000001011111000
000000000000000000000000000000000000000000000000000000000000101010101100011111000111011111001100
000000000000000000000000000000000000000000000000000000000000010011100100101001001111100010111101
000000000000000000000000000000000000000000000000000000000000001000001010010011101110110010000011
000000000000000000000000000000000000000000000000000000000000010011111001011010011110011110101010
000000000000000000000000000000000000000000000000000000000000000010100000010111111001011101011110
000000000000000000000000000000000000000000000000000000000000101100101101100010111111010011010000
000000000000000000000000000000000000000000000000000000000000100010011111100110011011100111011001
000000000000000000000000000000000000000000000000000000000000100010110010001001001111110111011001
000000000000000000000000000000000000000000000000000000000000111101110100011011000001011001101011
000000000000000000000000000000000000000000000000000000000000110011111110101000011011001010101000
000000000000000000000000000000000000000000000000000000000000011111100111101010101001110011111110
000000000000000000000000000000000000000000000000000000000000100000101011010111000010000000010110
000000000000000000000000000000000000000000000000000000000000101110011110111000010001001010110101
000000000000000000000000000000000000000000000000000000000000011000111100000001011111001011001010
000000000000000000000000000000000000000000000000000000000000111000011011101101100011100111111100
000000000000000000000000000000000000000000000000000000000000000010010110010111110111100110111100
000000000000000000000000000000000000000000000000000000000000101001101000110100101001011010110000
000000000000000000000000000000000000000000000000000000000000111110011001101101000011011111101010
000000000000000000000000000000000000000000000000000000000000001101100110110100011101111010101001
000000000000000000000000000000000000000000000000000000000000100110101010101101101100101011101100
000000000000000000000000000000000000000000000000000000000000101000111001001000101101010011100001
000000000000000000000000000000000000000000000000000000000000101011001011110001111110011000000110
000000000000000000000000000000000000000000000000000000000000111101100101010100000100110111001101
000000000000000000000000000000000000000000000000000000000000110100010110011111010000111001000001
000000000000000000000000000000000000000000000000000000000000000111011101111111111001001011010111
000000000000000000000000000000000000000000000000000000000000001000001100001000111110111101011100
000000000000000000000000000000000000000000000000000000000000101111100010001110010110000000101111
000000000000000000000000000000000000000000000000000000000000111000001110111100100011111110011001
000000000000000000000000000000000000000000000000000000000000000110011111110010110010101110011010
000000000000000000000000000000000000000000000000000000000000001111011000010011111000011010111010
000000000000000000000000000000000000000000000000000000000000001111111101110000111110001011011011
000000000000000000000000000000000000000000000000000000000000100001000111111000000011011101111011
000000000000000000000000000000000000000000000000000000000000100000101110000100101110110111010100
000000000000000000000000000000000000000000000000000000000000011010110010100101101110101011110101
000000000000000000000000000000000000000000000000000000000000001001011101110010010000001110010001
000000000000000000000000000000000000000000000000000000000000111111000100101001111100101111110011
000000000000000000000000000000000000000000000000000000000000011001100101010000010000110101010101
000000000000000000000000000000000000000000000000000000000000111110001001000110101101001011010111
000000000000000000000000000000000000000000000000000000000000101000000001100111001011000000010010
000000000000000000000000000000000000000000000000000000000000110011010101100000100001000001001010
000000000000000000000000000000000000000000000000000000000000101011100000101110111011101000011010
000000000000000000000000000000000000000000000000000000000000100010010001011101000101000001100111
000000000000000000000000000000000000000000000000000000000000001101011111111011100011111100011001
000000000000000000000000000000000000000000000000000000000000110010100011001110000001011001100110
000000000000000000000000000000000000000000000000000000000000000000111010010001011100101110100000
000000000000000000000000000000000000000000000000000000000000111110101101100110011000001110110001
000000000000000000000000000000000000000000000000000000000000010111100100010011110010011010010110
000000000000000000000000000000000000000000000000000000000000011001100011110100011001111100000010
000000000000000000000000000000000000000000000000000000000000010110101010111111101001100000110010
000000000000000000000000000000000000000000000000000000000000010111101100111101000111101100111100
000000000000000000000000000000000000000000000000000000000000111100111110110101001000011100010101
000000000000000000000000000000000000000000000000000000000000111011100011011000100010001010110010
000000000000000000000000000000000000000000000000000000000000001100100101011111100100011001001100
000000000000000000000000000000000000000000000000000000000000110001100100111010010000001001111000
000000000000000000000000000000000000000000000000000000000000010011101010110001100010001111100001
000000000000000000000000000000000000000000000000000000000000001001001110011000000010001111101010
000000000000000000000000000000000000000000000000000000000000100000110000110011100110001011101001
000000000000000000000000000000000000000000000000000000000000101000000101000111100110111000010101
000000000000000000000000000000000000000000000000000000000000111100000100011011110000100100111111
000000000000000000000000000000000000000000000000000000000000101111001111011111111111010100011110
000000000000000000000000000000000000000000000000000000000000000101101000001111010001000111111111
000000000000000000000000000000000000000000000000000000000000011111011011101101011001000011000001
000000000000000000000000000000000000000000000000000000000000111101001100010010011011111011111111
000000000000000000000000000000000000000000000000000000000000011001110000000100000110110000010101
000000000000000000000000000000000000000000000000000000000000110000011111111000100101111011010011
000000000000000000000000000000000000000000000000000000000000001100001000000111100001111001001001
000000000000000000000000000000000000000000000000000000000000110100110111101100100000111000001010
000000000000000000000000000000000000000000000000000000000000010100000111011000010101000011111100
000000000000000000000000000000000000000000000000000000000000001100100110100000111110101100011110
000000000000000000000000000000000000000000000000000000000000111111000100100011011101100001010101
000000000000000000000000000000000000000000000000000000000000011011101101011111001100001001110011
000000000000000000000000000000000000000000000000000000000000010011000100011011000111000000110000
000000000000000000000000000000000000000000000000000000000000101010010001101011010110111011101001
000000000000000000000000000000000000000000000000000000000000110000110111111110001111100000100101
000000000000000000000000000000000000000000000000000000000000011011111100010001001101010011111110
000000000000000000000000000000000000000000000000000000000000000000011000000010100100010101000001
000000000000000000000000000000000000000000000000000000000000110000100110110100000001001110010110
000000000000000000000000000000000000000000000000000000000000111000110010000001011110100001001010
000000000000000000000000000000000000000000000000000000000000111110001100010011101111000000101000
000000000000000000000000000000000000000000000000000000000000010111011111110111100100001001101110
000000000000000000000000000000000000000000000000000000000000101101010010100101000110101010110100
000000000000000000000000000000000000000000000000000000000000100001100111101001110000110100010110
000000000000000000000000000000000000000000000000000000000000011100101001000111100000100110000111
000000000000000000000000000000000000000000000000000000000000011101000100010110011001001000010111
000000000000000000000000000000000000000000000000000000000000101111111010000101001001111111000101
000000000000000000000000000000000000000000000000000000000000011001001101110100101011110101111010
000000000000000000000000000000000000000000000000000000000000101101011010001000110111011111100001
000000000000000000000000000000000000000000000000000000000000100100000000011100100110000011001110
000000000000000000000000000000000000000000000000000000000000010011100111101111011110000000011101
000000000000000000000000000000000000000000000000000000000000011011001110011110101000001001010110
000000000000000000000000000000000000000000000000000000000000001001100110111100110100000011000110
000000000000000000000000000000000000000000000000000000000000000001011110111010011011011100000000
000000000000000000000000000000000000000000000000000000000000011110001100000101101001101001011000
000000000000000000000000000000000000000000000000000000000000011111001111011011011111000101100111
000000000000000000000000000000000000000000000000000000000000001011011011010111010111111010110001
000000000000000000000000000000000000000000000000000000000000100101101110110101101110011001100000
000000000000000000000000000000000000000000000000000000000000110011010000000110000101000110011001
000000000000000000000000000000000000000000000000000000000000001000101111100001110011101010000100
000000000000000000000000000000000000000000000000000000000000101000101000000111011011101011011001
000000000000000000000000000000000000000000000000000000000000101110111101101000011001011000011111
000000000000000000000000000000000000000000000000000000000000000000100111110010010010010101000001
000000000000000000000000000000000000000000000000000000000000111010101100110000110011011011000100
000000000000000000000000000000000000000000000000000000000000000001010000101001000001101010000100
000000000000000000000000000000000000000000000000000000000000111001000011111100110101000111100111
000000000000000000000000000000000000000000000000000000000000110010010100000010111111000010101101
000000000000000000000000000000000000000000000000000000000000100110011110111011000101000111000001
000000000000000000000000000000000000000000000000000000000000101011011011111011001100001100011000
000000000000000000000000000000000000000000000000000000000000101010001000010101100010101111100101
000000000000000000000000000000000000000000000000000000000000001001010001111100011000110001000010
000000000000000000000000000000000000000000000000000000000000101110011100010111011010011011000011
000000000000000000000000000000000000000000000000000000000000000111111001011010101100010110000000
000000000000000000000000000000000000000000000000000000000000001101000111110111010010000010001110
000000000000000000000000000000000000000000000000000000000000110011111001101101100111101011101101
000000000000000000000000000000000000000000000000000000000000000010111010101001001001110001101011
000000000000000000000000000000000000000000000000000000000000001011111011001010111100101100010111
000000000000000000000000000000000000000000000000000000000000010010011000110011001010111111101101
000000000000000000000000000000000000000000000000000000000000100110001100001011111011001010101100
000000000000000000000000000000000000000000000000000000000000111011010011000111010001000010001110
000000000000000000000000000000000000000000000000000000000000111101101001010011011110110111000110
000000000000000000000000000000000000000000000000000000000000010001111100110011100101111010110000
000000000000000000000000000000000000000000000000000000000000101011000001011110110000001010011110
000000000000000000000000000000000000000000000000000000000000011110010101100000101011011101000000
000000000000000000000000000000000000000000000000000000000000101111101110011110000110001001010100
000000000000000000000000000000000000000000000000000000000000001011100010010100000111011001111000
000000000000000000000000000000000000000000000000000000000000010000000011101001010011010010110101
000000000000000000000000000000000000000000000000000000000000110101010110010111001000100001011101
000000000000000000000000000000000000000000000000000000000000000010000000110111110011001101101000
000000000000000000000000000000000000000000000000000000000000101111001010101101011100111010011101
000000000000000000000000000000000000000000000000000000000000011000011110010100101001010110101011
000000000000000000000000000000000000000000000000000000000000111110001100111111000010000100000110
000000000000000000000000000000000000000000000000000000000000101010001001111111110110100100001110
000000000000000000000000000000000000000000000000000000000000000110101010100011100101000111101001
000000000000000000000000000000000000000000000000000000000000011001001011100110101110111101101110
000000000000000000000000000000000000000000000000000000000000110101110111101101100011100111100110
000000000000000000000000000000000000000000000000000000000000100001001101011111100111011000101010
000000000000000000000000000000000000000000000000000000000000110010000111000100111110011101010101
000000000000000000000000000000000000000000000000000000000000000101001111010101100001010001010010
000000000000000000000000000000000000000000000000000000000000110100010010000001000010100110101110
000000000000000000000000000000000000000000000000000000000000110111111101011000110011001101111010
000000000000000000000000000000000000000000000000000000000000101010111110000101111100101000111011
000000000000000000000000000000000000000000000000000000000000101100101110001010111110110010010011
000000000000000000000000000000000000000000000000000000000000001010111110100111011110010101111000
000000000000000000000000000000000000000000000000000000000000100101111000011001000101110101111011
000000000000000000000000000000000000000000000000000000000000111110000111101000011101101011110111
000000000000000000000000000000000000000000000000000000000000111011000010010110010101000001101111
000000000000000000000000000000000000000000000000000000000000010110101010110111111100111101100110
000000000000000000000000000000000000000000000000000000000000100000101010110101100010100101111001
000000000000000000000000000000000000000000000000000000000000010101001110101100010001000111100001
000000000000000000000000000000000000000000000000000000000000100000101000001111001000011101011011
000000000000000000000000000000000000000000000000000000000000000111111000000111100101010001100010
000000000000000000000000000000000000000000000000000000000000110001101110111001100011011001000111
000000000000000000000000000000000000000000000000000000000000011100111011001001001100111000110111
000000000000000000000000000000000000000000000000000000000000011010111101100011100110110110010100
000000000000000000000000000000000000000000000000000000000000100100101110100000010100111111100111
000000000000000000000000000000000000000000000000000000000000100100100001010010011111100001101000
000000000000000000000000000000000000000000000000000000000000110100011010000001001011100100100011
000000000000000000000000000000000000000000000000000000000000011011111101001111000011001100000010
000000000000000000000000000000000000000000000000000000000000111101100110000000111101110001010101
000000000000000000000000000000000000000000000000000000000000000000101011111010101000100100000100
000000000000000000000000000000000000000000000000000000000000011010100011100110100000110010100111
000000000000000000000000000000000000000000000000000000000000000011110101000110010010011000110101
000000000000000000000000000000000000000000000000000000000000010000100111111100110110011011110011
000000000000000000000000000000000000000000000000000000000000001010011110000000100001010101111100
000000000000000000000000000000000000000000000000000000000000011111110110000011001111001011011111
000000000000000000000000000000000000000000000000000000000000000011010110100010011000011001100110
000000000000000000000000000000000000000000000000000000000000110010010110111010011100101010110100
000000000000000000000000000000000000000000000000000000000000110100010000101101010001000000010100
000000000000000000000000000000000000000000000000000000000000000011001101000100100100101011110100
000000000000000000000000000000000000000000000000000000000000100010110011110011100001101101101001
000000000000000000000000000000000000000000000000000000000000011000001111001111100100110000100011
000000000000000000000000000000000000000000000000000000000000101110011111101101000011100100111011
000000000000000000000000000000000000000000000000000000000000110110001010011011110010110110100101
000000000000000000000000000000000000000000000000000000000000010101010101101000110011010000110001
000000000000000000000000000000000000000000000000000000000000111001101110000111110100001010010110
000000000000000000000000000000000000000000000000000000000000100101011111101111010100011010010111
000000000000000000000000000000000000000000000000000000000000100100110011010000011001011011010010
000000000000000000000000000000000000000000000000000000000000000011100110110110101001000110001001
000000000000000000000000000000000000000000000000000000000000010011011010100101011111110110101000
000000000000000000000000000000000000000000000000000000000000001001110101111101111011100000111001
000000000000000000000000000000000000000000000000000000000000111110010011111100111100100100100110
000000000000000000000000000000000000000000000000000000000000111110011101011011001110101000100010
000000000000000000000000000000000000000000000000000000000000000001100000000110000100110100011011
000000000000000000000000000000000000000000000000000000000000100100000010111111111011100001101000
000000000000000000000000000000000000000000000000000000000000101011001100110000010100000010100011
000000000000000000000000000000000000000000000000000000000000101110000101101111000010010011101001
000000000000000000000000000000000000000000000000000000000000010000010001111100000000100101111100
000000000000000000000000000000000000000000000000000000000000101001101000001100111111001100001100
000000000000000000000000000000000000000000000000000000000000001101000111010100111010001101001110
000000000000000000000000000000000000000000000000000000000000111110001011011000010101101100111101
000000000000000000000000000000000000000000000000000000000000111111111111110001111000101001100010
000000000000000000000000000000000000000000000000000000000000001010001011111000110011111111110000
000000000000000000000000000000000000000000000000000000000000110101011001110010100010110010001110
000000000000000000000000000000000000000000000000000000000000101111001010000100111000010000011000
000000000000000000000000000000000000000000000000000000000000110101100001010100010001000111001000
000000000000000000000000000000000000000000000000000000000000101101101000110110110101110011101100
000000000000000000000000000000000000000000000000000000000000001100001001001000100011001011101111
000000000000000000000000000000000000000000000000000000000000011010100110110010101011110101111010
000000000000000000000000000000000000000000000000000000000000111001101110010010100101101001100111
000000000000000000000000000000000000000000000000000000000000101101000001110110010011001000111110
000000000000000000000000000000000000000000000000000000000000000011001011110100010110001111110100
000000000000000000000000000000000000000000000000000000000000010010000001100100000001110001100011
000000000000000000000000000000000000000000000000000000000000001100001001011101111001010010011000
000000000000000000000000000000000000000000000000000000000000100110100000010010101001110000000111
000000000000000000000000000000000000000000000000000000000000001100110001101011011011000001111010
000000000000000000000000000000000000000000000000000000000000001001111000010100101011110100011111
000000000000000000000000000000000000000000000000000000000000011000001010100000011011010111001011
000000000000000000000000000000000000000000000000000000000000000100111110100011101011101010000010
000000000000000000000000000000000000000000000000000000000000010010010000100101001000101001001101
000000000000000000000000000000000000000000000000000000000000110100111001110010110011000011111001
000000000000000000000000000000000000000000000000000000000000100010101101100001011111100110010110
000000000000000000000000000000000000000000000000000000000000001000111000100101100101000111011100
000000000000000000000000000000000000000000000000000000000000011111101110000111001110100001111111
000000000000000000000000000000000000000000000000000000000000111100011000000101101001000110111111
000000000000000000000000000000000000000000000000000000000000001000000010111111010001011111011111
000000000000000000000000000000000000000000000000000000000000001011110000011011000001101000110001
000000000000000000000000000000000000000000000000000000000000000111111000001001010011001100110111
000000000000000000000000000000000000000000000000000000000000100111111000011001010111111011111110
000000000000000000000000000000000000000000000000000000000000000100011001000111010111100101000000
000000000000000000000000000000000000000000000000000000000000010111111010000000101000001000001011
000000000000000000000000000000000000000000000000000000000000011110000111111001100100011010111100
000000000000000000000000000000000000000000000000000000000000010011110001100101011011110010101110
000000000000000000000000000000000000000000000000000000000000011110001100110111000101110110101100
000000000000000000000000000000000000000000000000000000000000100000001100010010100000111100101011
000000000000000000000000000000000000000000000000000000000000001011101100000001101101011000011000
000000000000000000000000000000000000000000000000000000000000001100010111010111101101010110011011
000000000000000000000000000000000000000000000000000000000000001011100001011101101111001000111111
000000000000000000000000000000000000000000000000000000000000101011111011000010000101110000000001
000000000000000000000000000000000000000000000000000000000000001101011010101110101111000010100110
000000000000000000000000000000000000000000000000000000000000000110011010001010100000110100000011
000000000000000000000000000000000000000000000000000000000000101010011111110010101110010101000100
000000000000000000000000000000000000000000000000000000000000000100001110010011001100111000101010
000000000000000000000000000000000000000000000000000000000000011100111000110001110101101011011011
000000000000000000000000000000000000000000000000000000000000111100010001011011111000101101000000
000000000000000000000000000000000000000000000000000000000000101101001110110011001110101011101001
000000000000000000000000000000000000000000000000000000000000101111111011000100101101100010011010
000000000000000000000000000000000000000000000000000000000000110001000100001000110110000100111111
000000000000000000000000000000000000000000000000000000000000101111101110101011000101100000110011
000000000000000000000000000000000000000000000000000000000000101011001110100001001110001011001000
000000000000000000000000000000000000000000000000000000000000010001101011111011011000101111100111
000000000000000000000000000000000000000000000000000000000000000110100100011011011100011111010001
000000000000000000000000000000000000000000000000000000000000111101111000110110101101001101100000
000000000000000000000000000000000000000000000000000000000000000000001101001000000100010111111100
000000000000000000000000000000000000000000000000000000000000101101101011000100001101001001111100
000000000000000000000000000000000000000000000000000000000000000100101111110001100111100000101000
000000000000000000000000000000000000000000000000000000000000110100011100000111110100100000101100
000000000000000000000000000000000000000000000000000000000000010011111010101010001101010001010010
000000000000000000000000000000000000000000000000000000000000111010010001101010011001001101000101
000000000000000000000000000000000000000000000000000000000000110001110010101111100000100100110110
000000000000000000000000000000000000000000000000000000000000101001011100100000101001110111000110
000000000000000000000000000000000000000000000000000000000000101010110010100100110110100100100111
000000000000000000000000000000000000000000000000000000000000011111100000101100111011000101001010
000000000000000000000000000000000000000000000000000000000000001000011010111111011100110001100011
000000000000000000000000000000000000000000000000000000000000011010111100011011110111111100111100
000000000000000000000000000000000000000000000000000000000000101010101000000000110111010101101101
000000000000000000000000000000000000000000000000000000000000101011000100111000001000100001010000
000000000000000000000000000000000000000000000000000000000000111001100111111011111101010101101101
000000000000000000000000000000000000000000000000000000000000110101000010011010011100110011100010
000000000000000000000000000000000000000000000000000000000000110001001111010101111101010000101100
000000000000000000000000000000000000000000000000000000000000100010000010011010111010010011101100
000000000000000000000000000000000000000000000000000000000000010110000111000101110011110100111000
000000000000000000000000000000000000000000000000000000000000101011111100000100100000101010100000
000000000000000000000000000000000000000000000000000000000000000111001100111011110111110100110010
000000000000000000000000000000000000000000000000000000000000001010000110011101111101100010001100
000000000000000000000000000000000000000000000000000000000000000111110100000001001100010001100100
000000000000000000000000000000000000000000000000000000000000111100000010010111010100101011110001
000000000000000000000000000000000000000000000000000000000000000001101111011000000100001000110000
000000000000000000000000000000000000000000000000000000000000101011101010110011000110001101101111
000000000000000000000000000000000000000000000000000000000000100111100100001000100001101111001011
000000000000000000000000000000000000000000000000000000000000000011111100110110110000011000000100
000000000000000000000000000000000000000000000000000000000000001101111100000101100111101001100100
000000000000000000000000000000000000000000000000000000000000100000100111001011010001001111111111
000000000000000000000000000000000000000000000000000000000000001101110111100011100100100010110010
000000000000000000000000000000000000000000000000000000000000001010111101001110100010110000010000
000000000000000000000000000000000000000000000000000000000000111101110001100101101010000101010001
000000000000000000000000000000000000000000000000000000000000101101111111100001100100110110110010
000000000000000000000000000000000000000000000000000000000000011011111101000000100000101101100101
000000000000000000000000000000000000000000000000000000000000001110100110000100001000001010010001
000000000000000000000000000000000000000000000000000000000000111001011110110111011111010111100101
000000000000000000000000000000000000000000000000000000000000100110011001111001110101011011110100
000000000000000000000000000000000000000000000000000000000000011100010101110001110111101011011000
000000000000000000000000000000000000000000000000000000000000010101111101001001010101010010010101
000000000000000000000000000000000000000000000000000000000000110010110011101000000111010011010111
000000000000000000000000000000000000000000000000000000000000011110100011110110001010011010111101
000000000000000000000000000000000000000000000000000000000000001001000100010100100110001111101011
000000000000000000000000000000000000000000000000000000000000000110001100111000000101111011110010
000000000000000000000000000000000000000000000000000000000000100001001000110110100010010111001001
000000000000000000000000000000000000000000000000000000000000010101110001011111101111101111011001
000000000000000000000000000000000000000000000000000000000000100100111100000101000111001110011001
000000000000000000000000000000000000000000000000000000000000110000011110001111100000011001010000
000000000000000000000000000000000000000000000000000000000000001100010111010001100101111100001011
000000000000000000000000000000000000000000000000000000000000100001010010111110011010001100001011
000000000000000000000000000000000000000000000000000000000000100011000111011100110100001101011001
000000000000000000000000000000000000000000000000000000000000000010001110010100011100010101000101
000000000000000000000000000000000000000000000000000000000000100111100010000100110101001001010000
000000000000000000000000000000000000000000000000000000000000011010010111101111010011111000011111
000000000000000000000000000000000000000000000000000000000000111100010101001010101101000000100010
