000000000000000000000000000000000000000000000000000000000000101110110010010100101001000101101010
000000000000000000000000000000000000000000000000000000000000110001001000011001011100000101100001
000000000000000000000000000000000000000000000000000000000000010111000000000111101000100000011010
000000000000000000000000000000000000000000000000000000000000110100100001000001101000111010000100
000000000000000000000000000000000000000000000000000000000000100110011111110100100000100110100000
000000000000000000000000000000000000000000000000000000000000111001110110110001111011000011000100
000000000000000000000000000000000000000000000000000000000000110000110111100100110010111010000100
000000000000000000000000000000000000000000000000000000000000011011011011111111110001111100101101
000000000000000000000000000000000000000000000000000000000000000010110000111100111101010111100100
000000000000000000000000000000000000000000000000000000000000011101110101000000011000011111000001
000000000000000000000000000000000000000000000000000000000000010111101000101101111011010101011100
000000000000000000000000000000000000000000000000000000000000000100011101100001100100011110101010
000000000000000000000000000000000000000000000000000000000000100001000110001010110110010111001010
000000000000000000000000000000000000000000000000000000000000000101011110010100000001000110001110
000000000000000000000000000000000000000000000000000000000000100001010110000011010101010111101110
000000000000000000000000000000000000000000000000000000000000010001111110010010100011011001001000
000000000000000000000000000000000000000000000000000000000000111011110001101011101100111110010001
000000000000000000000000000000000000000000000000000000000000011010001000101111100010111000011100
000000000000000000000000000000000000000000000000000000000000010001001000101110111101100101100001
000000000000000000000000000000000000000000000000000000000000101100101110010010001001101001010101
000000000000000000000000000000000000000000000000000000000000110101011001000110010110100111101010
000000000000000000000000000000000000000000000000000000000000111101001111000001010011001001101100
000000000000000000000000000000000000000000000000000000000000001000000001001100000100000010001010
000000000000000000000000000000000000000000000000000000000000011000000100010111011011010110000100
000000000000000000000000000000000000000000000000000000000000111111111000100001111001000010110001
000000000000000000000000000000000000000000000000000000000000001010110100000000001110101000000110
000000000000000000000000000000000000000000000000000000000000111100110011000000111100001100100000
000000000000000000000000000000000000000000000000000000000000110100000000110111010010110111100001
000000000000000000000000000000000000000000000000000000000000010111011000101110010101101011101010
000000000000000000000000000000000000000000000000000000000000110011110011111010110011010010101111
000000000000000000000000000000000000000000000000000000000000100100000110111000011101000011010001
000000000000000000000000000000000000000000000000000000000000111010110010101111011101000100011001
000000000000000000000000000000000000000000000000000000000000010000010100101011110110101111101000
000000000000000000000000000000000000000000000000000000000000000101101110101111111111100001111100
000000000000000000000000000000000000000000000000000000000000010111011101100111010100000100100010
000000000000000000000000000000000000000000000000000000000000001111010011111010110111010110001101
000000000000000000000000000000000000000000000000000000000000101100001000010010100001011100100111
000000000000000000000000000000000000000000000000000000000000010010011100011100001111111111110110
000000000000000000000000000000000000000000000000000000000000101110001000101110110101101111111001
000000000000000000000000000000000000000000000000000000000000001100111011101101101010110110001010
000000000000000000000000000000000000000000000000000000000000111100111001110001000000111101000100
000000000000000000000000000000000000000000000000000000000000111001000000000101111100101001011101
000000000000000000000000000000000000000000000000000000000000010101111111011001011101010010101011
000000000000000000000000000000000000000000000000000000000000111000110101101110100000111100110011
000000000000000000000000000000000000000000000000000000000000111110010111100011110110000100100101
000000000000000000000000000000000000000000000000000000000000011001111110010111010011110001010010
000000000000000000000000000000000000000000000000000000000000111001010110111011111111101111100110
000000000000000000000000000000000000000000000000000000000000110100001100000101100011000110001111
000000000000000000000000000000000000000000000000000000000000011101100010110101111001010001011100
000000000000000000000000000000000000000000000000000000000000101010101101101111111010100111011010
000000000000000000000000000000000000000000000000000000000000101100100100000011101011010100010011
000000000000000000000000000000000000000000000000000000000000001111010011111100001001000010100111
000000000000000000000000000000000000000000000000000000000000000100011011100000001111010011110010
000000000000000000000000000000000000000000000000000000000000100100111000111110001100110001011101
000000000000000000000000000000000000000000000000000000000000010001001101110001011011100010100000
000000000000000000000000000000000000000000000000000000000000001110110111010110111000101111111101
000000000000000000000000000000000000000000000000000000000000011110010011001001111111100010000001
000000000000000000000000000000000000000000000000000000000000111001001100101101001110001000001110
000000000000000000000000000000000000000000000000000000000000111010110110011001001101000100100000
000000000000000000000000000000000000000000000000000000000000011000010111000110001100111011001100
000000000000000000000000000000000000000000000000000000000000100101100011001110000111011011000110
000000000000000000000000000000000000000000000000000000000000001100010110101101000111010011101010
000000000000000000000000000000000000000000000000000000000000100010111100001100100100000010110110
000000000000000000000000000000000000000000000000000000000000001011000000100100110011010011010011
000000000000000000000000000000000000000000000000000000000000000010110011110001001001010111101001
000000000000000000000000000000000000000000000000000000000000101100011111011100110000001001111101
000000000000000000000000000000000000000000000000000000000000110010000010000010111001111001010000
000000000000000000000000000000000000000000000000000000000000001000101111111110000111001100101011
000000000000000000000000000000000000000000000000000000000000100000000000000110011110101111101101
000000000000000000000000000000000000000000000000000000000000000011000000100110010101011100000100
000000000000000000000000000000000000000000000000000000000000111001000010111001110010111100001111
000000000000000000000000000000000000000000000000000000000000111101100010011111100010010011111000
000000000000000000000000000000000000000000000000000000000000100010111010100001000001111000100011
000000000000000000000000000000000000000000000000000000000000000110101000010010110111000110101001
000000000000000000000000000000000000000000000000000000000000101111100010110000001010110100010011
000000000000000000000000000000000000000000000000000000000000010100010111010001100100001111101111
000000000000000000000000000000000000000000000000000000000000100111100010110010011010011010000010
000000000000000000000000000000000000000000000000000000000000000111111001011110010111011110011010
000000000000000000000000000000000000000000000000000000000000111110001101111011011001111010001000
000000000000000000000000000000000000000000000000000000000000101000100110101100010101111101001001
000000000000000000000000000000000000000000000000000000000000110111001101010011001011010101000110
000000000000000000000000000000000000000000000000000000000000111001011010000010100110001001101110
000000000000000000000000000000000000000000000000000000000000001111000110101110111100110000100000
000000000000000000000000000000000000000000000000000000000000111011100101110011110110101111000110
000000000000000000000000000000000000000000000000000000000000100101101110101111101001000100001111
000000000000000000000000000000000000000000000000000000000000011011011011100110011001001001001001
000000000000000000000000000000000000000000000000000000000000101111011111000001110101000011101010
000000000000000000000000000000000000000000000000000000000000110010011001010011101000100000000010
000000000000000000000000000000000000000000000000000000000000010011001000110110100000101011010000
000000000000000000000000000000000000000000000000000000000000100001001100101101011000000001101101
000000000000000000000000000000000000000000000000000000000000101101010110000010100100100100111110
000000000000000000000000000000000000000000000000000000000000100111101101111111001001111110110010
000000000000000000000000000000000000000000000000000000000000001110100000101010100001011100001101
000000000000000000000000000000000000000000000000000000000000110101000111000111010010100111000111
000000000000000000000000000000000000000000000000000000000000100000001000100101010001011110000111
000000000000000000000000000000000000000000000000000000000000111001010100000001111001111101100011
000000000000000000000000000000000000000000000000000000000000101100111000111100010001100110001101
000000000000000000000000000000000000000000000000000000000000011101111000010001010100010000111001
000000000000000000000000000000000000000000000000000000000000110111101100010111001111000011101101
000000000000000000000000000000000000000000000000000000000000101110010101111100011111011000001110
000000000000000000000000000000000000000000000000000000000000011100001110100110111010010110010000
000000000000000000000000000000000000000000000000000000000000111100010011100001000011100001100000
000000000000000000000000000000000000000000000000000000000000000110011000001001001000000011001011
000000000000000000000000000000000000000000000000000000000000100100100000111111100011001111110101
000000000000000000000000000000000000000000000000000000000000111111100001000010101100011000110100
000000000000000000000000000000000000000000000000000000000000001110001111000001111100011101010000
000000000000000000000000000000000000000000000000000000000000010101110001101001010011100010011010
000000000000000000000000000000000000000000000000000000000000010010001100011010000110101011100110
000000000000000000000000000000000000000000000000000000000000100100111011010101010100010010000100
000000000000000000000000000000000000000000000000000000000000101010110101011010111010001111011010
000000000000000000000000000000000000000000000000000000000000110111110111110011110100110110111101
000000000000000000000000000000000000000000000000000000000000101100101001010111111000101000100101
000000000000000000000000000000000000000000000000000000000000100110010011110100111011100000000110
000000000000000000000000000000000000000000000000000000000000010101101000111111010010000111000111
000000000000000000000000000000000000000000000000000000000000100100000111111111000010001101011011
000000000000000000000000000000000000000000000000000000000000101111011100101111110100111001111111
000000000000000000000000000000000000000000000000000000000000001000011001011001111100000000101000
000000000000000000000000000000000000000000000000000000000000101110001101001101110011000100101001
000000000000000000000000000000000000000000000000000000000000100101111011000001000011110111110000
000000000000000000000000000000000000000000000000000000000000101110010110100010111010000011111110
000000000000000000000000000000000000000000000000000000000000000111110101001100101111101100000111
000000000000000000000000000000000000000000000000000000000000111110100000100110010010011110000001
000000000000000000000000000000000000000000000000000000000000010111111110000101001000110111111110
000000000000000000000000000000000000000000000000000000000000010100010111100100111001110000111010
000000000000000000000000000000000000000000000000000000000000010001101110111110010110101001101000
000000000000000000000000000000000000000000000000000000000000110001001101110110111101111110100011
000000000000000000000000000000000000000000000000000000000000111000010001100101000111000101110101
000000000000000000000000000000000000000000000000000000000000111111110111010011110011111001000010
000000000000000000000000000000000000000000000000000000000000110000001101101010100011000111010011
000000000000000000000000000000000000000000000000000000000000000010000101000101110100100100000000
000000000000000000000000000000000000000000000000000000000000011111011001010110101000111000101110
000000000000000000000000000000000000000000000000000000000000100111010010101110001011011011110100
000000000000000000000000000000000000000000000000000000000000101111001011111100111000100010101101
000000000000000000000000000000000000000000000000000000000000001100001001000110001000111100011100
000000000000000000000000000000000000000000000000000000000000000111010100111110101001100000110110
000000000000000000000000000000000000000000000000000000000000101110001110100110010111000011000001
000000000000000000000000000000000000000000000000000000000000101101110001000001000011111101101000
000000000000000000000000000000000000000000000000000000000000110000101011011010001111001000110110
000000000000000000000000000000000000000000000000000000000000000010110000001011101001000101100001
000000000000000000000000000000000000000000000000000000000000111000000111000010101011111101101001
000000000000000000000000000000000000000000000000000000000000011011001101111001010100000111000010
000000000000000000000000000000000000000000000000000000000000000000111110010110111000001011101010
000000000000000000000000000000000000000000000000000000000000101011111001101011100001101001001000
000000000000000000000000000000000000000000000000000000000000011110111001001111101001110100001000
000000000000000000000000000000000000000000000000000000000000101111000010011000101010010001111011
000000000000000000000000000000000000000000000000000000000000000110101010001101001001011111101011
000000000000000000000000000000000000000000000000000000000000100100110100000111000000011101001110
000000000000000000000000000000000000000000000000000000000000010110111010100000000110100101011111
000000000000000000000000000000000000000000000000000000000000111101111100010110001100010100011111
000000000000000000000000000000000000000000000000000000000000110110011100001011101110110101111100
000000000000000000000000000000000000000000000000000000000000000010010001101010011100101101010111
000000000000000000000000000000000000000000000000000000000000011011000011011000100011010010110110
000000000000000000000000000000000000000000000000000000000000101110111101010011101001001101100100
000000000000000000000000000000000000000000000000000000000000100001011100101101100101011100100000
000000000000000000000000000000000000000000000000000000000000010010001000001110001010110100110010
000000000000000000000000000000000000000000000000000000000000111101111011000000100101100101111000
000000000000000000000000000000000000000000000000000000000000010110001010100000111110000111111011
000000000000000000000000000000000000000000000000000000000000100101111001000011000110000111001110
000000000000000000000000000000000000000000000000000000000000000111010010101010101011000101011100
000000000000000000000000000000000000000000000000000000000000011011000100010111100010100011010011
000000000000000000000000000000000000000000000000000000000000010111101111110001111100010011011010
000000000000000000000000000000000000000000000000000000000000111101001100011111011111110111101110
000000000000000000000000000000000000000000000000000000000000000011100111110011101101010101010111
000000000000000000000000000000000000000000000000000000000000011011000000110000011100010010000010
000000000000000000000000000000000000000000000000000000000000001100110010011111010011100010111100
000000000000000000000000000000000000000000000000000000000000111001111010010010101000100001110010
000000000000000000000000000000000000000000000000000000000000110011001001101101000011011011110011
000000000000000000000000000000000000000000000000000000000000000000101101000111101011010110110101
000000000000000000000000000000000000000000000000000000000000010011000010011100111010000010010001
000000000000000000000000000000000000000000000000000000000000000111011111011000010010000000011001
000000000000000000000000000000000000000000000000000000000000000010000011010110010101101010111100
000000000000000000000000000000000000000000000000000000000000011111000000111011110000010110110011
000000000000000000000000000000000000000000000000000000000000011011001101001010110100101010000100
000000000000000000000000000000000000000000000000000000000000110011001010011110010101001010001001
000000000000000000000000000000000000000000000000000000000000110110100100101101010001001111100100
000000000000000000000000000000000000000000000000000000000000001011000001001010111001010001011011
000000000000000000000000000000000000000000000000000000000000011011001100100110111010110111101010
000000000000000000000000000000000000000000000000000000000000100111111101110011010111001001110001
000000000000000000000000000000000000000000000000000000000000001110000110110011101101101110101011
000000000000000000000000000000000000000000000000000000000000101011110000011000010011001010101100
000000000000000000000000000000000000000000000000000000000000101001101101111101110100100011011111
000000000000000000000000000000000000000000000000000000000000010000000011100001011011000111001000
000000000000000000000000000000000000000000000000000000000000111000101111000000110100000101001111
000000000000000000000000000000000000000000000000000000000000110001010000111010001100111101010101
000000000000000000000000000000000000000000000000000000000000101100100110010010010001001010111101
000000000000000000000000000000000000000000000000000000000000110101100111101011010111010101010010
000000000000000000000000000000000000000000000000000000000000111001010110100001010000101100111001
000000000000000000000000000000000000000000000000000000000000101011001001111001001110000000101111
000000000000000000000000000000000000000000000000000000000000101110011111100100000111000011001010
000000000000000000000000000000000000000000000000000000000000110011010110111101111111110001001111
000000000000000000000000000000000000000000000000000000000000101101111111111011111111101011100011
000000000000000000000000000000000000000000000000000000000000001010001100001000011010000100111100
000000000000000000000000000000000000000000000000000000000000111101110111000101010001111101001111
000000000000000000000000000000000000000000000000000000000000011100101100110100100001100000001111
000000000000000000000000000000000000000000000000000000000000101100100111100101100010111111011111
000000000000000000000000000000000000000000000000000000000000011100101001101100100110001011100001
000000000000000000000000000000000000000000000000000000000000110100101011001001001110111100111101
000000000000000000000000000000000000000000000000000000000000110111010000011101110000011111000101
000000000000000000000000000000000000000000000000000000000000100110111000111011000111100101100110
000000000000000000000000000000000000000000000000000000000000111111100100100011111101001001000011
000000000000000000000000000000000000000000000000000000000000011000110011101100100001110011101101
000000000000000000000000000000000000000000000000000000000000010001111011101001011000001010000010
000000000000000000000000000000000000000000000000000000000000011001010101010000100010001000111001
000000000000000000000000000000000000000000000000000000000000001101100100101111011011000011111001
000000000000000000000000000000000000000000000000000000000000010100000111011101111100110101100010
000000000000000000000000000000000000000000000000000000000000101001100000000010010111011101010010
000000000000000000000000000000000000000000000000000000000000011001001100000111011001001101000010
000000000000000000000000000000000000000000000000000000000000110100001000111110000110101101010100
000000000000000000000000000000000000000000000000000000000000000011010101001100100101100011101011
000000000000000000000000000000000000000000000000000000000000100001010111000011001110100011111001
000000000000000000000000000000000000000000000000000000000000100011010110011000001101100001000111
000000000000000000000000000000000000000000000000000000000000000001101000101010001011101110010011
000000000000000000000000000000000000000000000000000000000000101001100011011111000111011101101000
000000000000000000000000000000000000000000000000000000000000000110101101000001000111000010001111
000000000000000000000000000000000000000000000000000000000000011001110101000110000011010000000001
000000000000000000000000000000000000000000000000000000000000001110000001100110010001010101001010
000000000000000000000000000000000000000000000000000000000000010100101010001000110010011111010100
000000000000000000000000000000000000000000000000000000000000010111000010000100010010101000111000
000000000000000000000000000000000000000000000000000000000000101011111110011010000000001110110001
000000000000000000000000000000000000000000000000000000000000011011000110010110100011100001001010
000000000000000000000000000000000000000000000000000000000000010000011001111011100011110010000111
000000000000000000000000000000000000000000000000000000000000011000111111110000001010110001110100
000000000000000000000000000000000000000000000000000000000000010011000111000111010111011001101111
000000000000000000000000000000000000000000000000000000000000001111000111011100010111110011111010
000000000000000000000000000000000000000000000000000000000000010111101000000001101110001000111010
000000000000000000000000000000000000000000000000000000000000110000000011010110100001011111110100
000000000000000000000000000000000000000000000000000000000000100001111111110100010111001000111111
000000000000000000000000000000000000000000000000000000000000110000101101001110001011100011110111
000000000000000000000000000000000000000000000000000000000000000110111101010110010101110100010100
000000000000000000000000000000000000000000000000000000000000110100001011110111110000011100001010
000000000000000000000000000000000000000000000000000000000000101001101101111000000011101111011010
000000000000000000000000000000000000000000000000000000000000001000110011010010000001011100011001
000000000000000000000000000000000000000000000000000000000000111111100101101101111010010110011000
000000000000000000000000000000000000000000000000000000000000000101011110001101001100011110010011
000000000000000000000000000000000000000000000000000000000000000000011000001101101100001101110111
000000000000000000000000000000000000000000000000000000000000110101110110000101111100000100011010
000000000000000000000000000000000000000000000000000000000000101100001010001101101010100010010101
000000000000000000000000000000000000000000000000000000000000110111110000101110111101101111010111
000000000000000000000000000000000000000000000000000000000000100000000100111010111010001110111111
000000000000000000000000000000000000000000000000000000000000011001010101100100010010100110100011
000000000000000000000000000000000000000000000000000000000000100100111010111100001001010101010100
000000000000000000000000000000000000000000000000000000000000100001100011001010001110001001011110
000000000000000000000000000000000000000000000000000000000000100100010100111101100110000010111011
000000000000000000000000000000000000000000000000000000000000001000011000100111011110010001001111
000000000000000000000000000000000000000000000000000000000000011000111111110101100100000111010111
000000000000000000000000000000000000000000000000000000000000010110111001100000111110011100011000
000000000000000000000000000000000000000000000000000000000000010010110001000101011101101000001111
000000000000000000000000000000000000000000000000000000000000101001111011010111110110010000111110
000000000000000000000000000000000000000000000000000000000000000010100110110110110001111111110001
000000000000000000000000000000000000000000000000000000000000011010010101101100001011100111010010
000000000000000000000000000000000000000000000000000000000000011000100010111010001010000110000011
000000000000000000000000000000000000000000000000000000000000111100011100010111000010101010110100
000000000000000000000000000000000000000000000000000000000000111011100111001010010010010110001110
000000000000000000000000000000000000000000000000000000000000010101011000010001101010001101000010
000000000000000000000000000000000000000000000000000000000000000001110000111011100001001001010001
000000000000000000000000000000000000000000000000000000000000010111100101110110011010100101110111
000000000000000000000000000000000000000000000000000000000000101101111000100010010110110001101111
000000000000000000000000000000000000000000000000000000000000101110110001010100110101111000000101
000000000000000000000000000000000000000000000000000000000000010011001100001011110010010110000100
000000000000000000000000000000000000000000000000000000000000010101011110000000001000110000011110
000000000000000000000000000000000000000000000000000000000000110111010111110010010101100100111001
000000000000000000000000000000000000000000000000000000000000010000101101010000001111111010010011
000000000000000000000000000000000000000000000000000000000000001001111011111100011100110111110000
000000000000000000000000000000000000000000000000000000000000100010010111000000011010010011011000
000000000000000000000000000000000000000000000000000000000000100010011000100010111001000000011011
000000000000000000000000000000000000000000000000000000000000101011000111110011011010010100100010
000000000000000000000000000000000000000000000000000000000000000100000110001110010000000001111000
000000000000000000000000000000000000000000000000000000000000011100101111110000000100100000100000
000000000000000000000000000000000000000000000000000000000000100111110100101101001010101011011100
000000000000000000000000000000000000000000000000000000000000110000000010010110010101101011111001
000000000000000000000000000000000000000000000000000000000000110011001000001000010000100110001111
000000000000000000000000000000000000000000000000000000000000111110100000111000000011110000100001
000000000000000000000000000000000000000000000000000000000000100000101111111001111001101110000010
000000000000000000000000000000000000000000000000000000000000000100101000101110000100100110111001
000000000000000000000000000000000000000000000000000000000000100101011010011000011110110111101011
000000000000000000000000000000000000000000000000000000000000111101011111001000100010100111001111
000000000000000000000000000000000000000000000000000000000000011010101111101010010011000010000101
000000000000000000000000000000000000000000000000000000000000010010101011101111101011000110111000
000000000000000000000000000000000000000000000000000000000000111101101101011111100100000101011110
000000000000000000000000000000000000000000000000000000000000100110110011000101100011000110011000
000000000000000000000000000000000000000000000000000000000000100110111001100110111101010110000111
000000000000000000000000000000000000000000000000000000000000101000011000101000011100100110101100
000000000000000000000000000000000000000000000000000000000000010011001011000101111010000100000001
000000000000000000000000000000000000000000000000000000000000101101100010101100001100001001100010
000000000000000000000000000000000000000000000000000000000000000100101010101000011001110100001111
000000000000000000000000000000000000000000000000000000000000000000111100101011110011110100001101
000000000000000000000000000000000000000000000000000000000000111100001000011011001000111001101111
000000000000000000000000000000000000000000000000000000000000110111111010111001001010100010011010
000000000000000000000000000000000000000000000000000000000000101100100000101101001110010001110011
000000000000000000000000000000000000000000000000000000000000100100000110000011011100010110111000
000000000000000000000000000000000000000000000000000000000000111101001011010110110100101011001101
000000000000000000000000000000000000000000000000000000000000111011010101000100100011101111001110
000000000000000000000000000000000000000000000000000000000000100010110001101110101011010101110000
000000000000000000000000000000000000000000000000000000000000100111001010110001100011010000010011
000000000000000000000000000000000000000000000000000000000000001001100000010001110011011011011001
000000000000000000000000000000000000000000000000000000000000111111001000000010101000010011101110
000000000000000000000000000000000000000000000000000000000000110111000011001010011000011100011100
000000000000000000000000000000000000000000000000000000000000000100001000001001000100111110001001
000000000000000000000000000000000000000000000000000000000000011100100001011001100111010001010100
000000000000000000000000000000000000000000000000000000000000110000001001001101000110100011110011
000000000000000000000000000000000000000000000000000000000000010010011100111011001000011101011001
000000000000000000000000000000000000000000000000000000000000000110001110100001101110001110111000
000000000000000000000000000000000000000000000000000000000000110110101110011101100110100110100011
000000000000000000000000000000000000000000000000000000000000011100111101001100100011000101010011
000000000000000000000000000000000000000000000000000000000000011001100110100101110100010111111110
000000000000000000000000000000000000000000000000000000000000100110111001101010010000110110011000
000000000000000000000000000000000000000000000000000000000000000001110110011011001001110011101101
000000000000000000000000000000000000000000000000000000000000101000010010110001101000110101110010
000000000000000000000000000000000000000000000000000000000000111001010101111100001010010001000100
000000000000000000000000000000000000000000000000000000000000010001100011101111000000001101110010
000000000000000000000000000000000000000000000000000000000000100110111101100111101011110110101101
000000000000000000000000000000000000000000000000000000000000010111011100100001011000011001001101
000000000000000000000000000000000000000000000000000000000000000111010101001010110100011101010011
000000000000000000000000000000000000000000000000000000000000110001100111000100110110001101101111
000000000000000000000000000000000000000000000000000000000000010001010010011000010001001010110000
000000000000000000000000000000000000000000000000000000000000011001000010100101011100000001001111
000000000000000000000000000000000000000000000000000000000000100101100011011110101101111000111010
000000000000000000000000000000000000000000000000000000000000100000010110100011011101010111000110
000000000000000000000000000000000000000000000000000000000000110010010101000111101001100101011011
000000000000000000000000000000000000000000000000000000000000010000100010010110000000111111011011
000000000000000000000000000000000000000000000000000000000000110000010000001110100000001101000110
000000000000000000000000000000000000000000000000000000000000001110111110010110110101111111011111
000000000000000000000000000000000000000000000000000000000000011001100111000111100010010100110110
000000000000000000000000000000000000000000000000000000000000011111110100110011100100110100001101
000000000000000000000000000000000000000000000000000000000000000010100101101101000101111110100101
000000000000000000000000000000000000000000000000000000000000110111100100011111101001011000111011
000000000000000000000000000000000000000000000000000000000000001101110110010001001001101000010111
000000000000000000000000000000000000000000000000000000000000110101100101111111001110010100001110
000000000000000000000000000000000000000000000000000000000000110001001000001100011101000111011010
000000000000000000000000000000000000000000000000000000000000010100110011101100111111100000110111
000000000000000000000000000000000000000000000000000000000000110111000011111000011110111101010010
000000000000000000000000000000000000000000000000000000000000011100100100010111110101110110010101
000000000000000000000000000000000000000000000000000000000000101001011100000100011110010000010101
000000000000000000000000000000000000000000000000000000000000100010111010010001011001010110101100
000000000000000000000000000000000000000000000000000000000000101010110001010010111001110100000010
000000000000000000000000000000000000000000000000000000000000010000100111110010010110101011000000
000000000000000000000000000000000000000000000000000000000000001011111110011100011000001011101101
000000000000000000000000000000000000000000000000000000000000010010100011001010100100011000111000
000000000000000000000000000000000000000000000000000000000000111100000011100101100001010000101010
000000000000000000000000000000000000000000000000000000000000010001011101000101010011100110111011
000000000000000000000000000000000000000000000000000000000000011010100101101101001011110110000001
000000000000000000000000000000000000000000000000000000000000100100001010101010011100111110000011
000000000000000000000000000000000000000000000000000000000000101110111010110000001001011110001000
000000000000000000000000000000000000000000000000000000000000000010011011100101110101111001001110
000000000000000000000000000000000000000000000000000000000000110000001100000111011111111110011001
000000000000000000000000000000000000000000000000000000000000111000011110001111101010000111000100
000000000000000000000000000000000000000000000000000000000000011101110010101100101010110111011100
000000000000000000000000000000000000000000000000000000000000010000100101110001101011001010111010
000000000000000000000000000000000000000000000000000000000000010111111000000011101100100111111001
000000000000000000000000000000000000000000000000000000000000011001110001001000001011011010101010
000000000000000000000000000000000000000000000000000000000000011100100001001111000001000001101111
000000000000000000000000000000000000000000000000000000000000100001101010001110000010100000110101
000000000000000000000000000000000000000000000000000000000000010111001100100111101110101100010011
000000000000000000000000000000000000000000000000000000000000100011010110111010110001001011000011
000000000000000000000000000000000000000000000000000000000000011000111000000100110010010000010110
000000000000000000000000000000000000000000000000000000000000101000011110010111010110010110101110
000000000000000000000000000000000000000000000000000000000000111111101000100011000100111001000111
000000000000000000000000000000000000000000000000000000000000101001111000111110101100100001111011
000000000000000000000000000000000000000000000000000000000000010000010001100011001101100111001100
000000000000000000000000000000000000000000000000000000000000010110010010110111111011111110011000
000000000000000000000000000000000000000000000000000000000000000010011100011001111000111111101101
000000000000000000000000000000000000000000000000000000000000101100111000010111001111000110010010
000000000000000000000000000000000000000000000000000000000000101110111010000001000110100010001110
000000000000000000000000000000000000000000000000000000000000011001000011000111100101001100000000
000000000000000000000000000000000000000000000000000000000000111000111111111000101011111011011101
000000000000000000000000000000000000000000000000000000000000110111001100111010111100001101100010
000000000000000000000000000000000000000000000000000000000000100101000100001011101001010100111010
000000000000000000000000000000000000000000000000000000000000011010001110010010011101000011010101
000000000000000000000000000000000000000000000000000000000000111110000000000111100010100010010110
000000000000000000000000000000000000000000000000000000000000011000000000000101001101011010111111
000000000000000000000000000000000000000000000000000000000000110001011011100110111101101011000000
000000000000000000000000000000000000000000000000000000000000110010001001101010011011110000001010
000000000000000000000000000000000000000000000000000000000000011001111000110001011010110010001100
000000000000000000000000000000000000000000000000000000000000101010000010011101100101000001010110
000000000000000000000000000000000000000000000000000000000000111100001111000111111011110001101001
000000000000000000000000000000000000000000000000000000000000011100000001000111110000011111100111
000000000000000000000000000000000000000000000000000000000000101111000110111100111101110001001010
000000000000000000000000000000000000000000000000000000000000101000101101101101001000000001010001
000000000000000000000000000000000000000000000000000000000000101011111101011100010110000011001010
000000000000000000000000000000000000000000000000000000000000111010011110111101111100011110010111
000000000000000000000000000000000000000000000000000000000000110001000000010001000001000001101010
000000000000000000000000000000000000000000000000000000000000100010111111010000100001011111101101
000000000000000000000000000000000000000000000000000000000000100001000010111011011011110011010000
000000000000000000000000000000000000000000000000000000000000101110100000000000111111001101001110
000000000000000000000000000000000000000000000000000000000000000111010110001011011001010110001100
000000000000000000000000000000000000000000000000000000000000101011100001010101110001011011100000
000000000000000000000000000000000000000000000000000000000000010001000100101110011011111010010111
000000000000000000000000000000000000000000000000000000000000110011000111100001111010111010101100
000000000000000000000000000000000000000000000000000000000000100000111100011111100100000011011000
000000000000000000000000000000000000000000000000000000000000110110110001110101111111010000101010
000000000000000000000000000000000000000000000000000000000000111101100110010001001010110010010101
000000000000000000000000000000000000000000000000000000000000101001001101001011001010101011101010
000000000000000000000000000000000000000000000000000000000000110100110001000011011110011101000001
000000000000000000000000000000000000000000000000000000000000000110001111100001100000110110110101
000000000000000000000000000000000000000000000000000000000000110100011111011011100100001101110000
000000000000000000000000000000000000000000000000000000000000100001100011100100110000000101100101
000000000000000000000000000000000000000000000000000000000000010111000000001010100010110011100000
000000000000000000000000000000000000000000000000000000000000100000101100110001101011110010100010
000000000000000000000000000000000000000000000000000000000000010101001100100110111100000001100101
000000000000000000000000000000000000000000000000000000000000000101111110010001001011010010000001
000000000000000000000000000000000000000000000000000000000000100101011000010111110100110000101111
000000000000000000000000000000000000000000000000000000000000001011011101110000000011001011011000
000000000000000000000000000000000000000000000000000000000000010111111101011001110000111001011110
000000000000000000000000000000000000000000000000000000000000001100001000101100000000110111001100
000000000000000000000000000000000000000000000000000000000000010001100101011101111110010100100111
000000000000000000000000000000000000000000000000000000000000101000101001111101010000011111111111
000000000000000000000000000000000000000000000000000000000000111010101101110001010111000011000110
000000000000000000000000000000000000000000000000000000000000000010010000100111110000100001100010
000000000000000000000000000000000000000000000000000000000000111110011001111001111101100101001000
000000000000000000000000000000000000000000000000000000000000110011010000111110100101011111001110
000000000000000000000000000000000000000000000000000000000000010010011100011100010111011100100100
000000000000000000000000000000000000000000000000000000000000110100010001100110111011011010010101
000000000000000000000000000000000000000000000000000000000000000001011010100010110100100111111010
000000000000000000000000000000000000000000000000000000000000100011101011101110001111110010100000
000000000000000000000000000000000000000000000000000000000000000010000001111011010100001011101001
000000000000000000000000000000000000000000000000000000000000111001101100101110101110110001110001
000000000000000000000000000000000000000000000000000000000000010011100111000000000110101111010101
000000000000000000000000000000000000000000000000000000000000110100001011110110000111011000000001
000000000000000000000000000000000000000000000000000000000000010000101000110101011111010001101110
000000000000000000000000000000000000000000000000000000000000101000000110001111110101001101001110
000000000000000000000000000000000000000000000000000000000000000101100001101011101011011010110110
000000000000000000000000000000000000000000000000000000000000110011001011000001111000111100011100
000000000000000000000000000000000000000000000000000000000000100010110001000010011011001000011101
000000000000000000000000000000000000000000000000000000000000110111011000101001000001010000011101
000000000000000000000000000000000000000000000000000000000000000111011001100001110001111001100111
000000000000000000000000000000000000000000000000000000000000110110111010111000101000000111001111
000000000000000000000000000000000000000000000000000000000000110001001000110011100101100111111100
000000000000000000000000000000000000000000000000000000000000011000000111111111010111111110111110
000000000000000000000000000000000000000000000000000000000000110000011001101100101000010000110011
000000000000000000000000000000000000000000000000000000000000011101100110110111000000110110111001
000000000000000000000000000000000000000000000000000000000000100111100000110100000000000100000011
000000000000000000000000000000000000000000000000000000000000110011010001111101110100100011011001
000000000000000000000000000000000000000000000000000000000000110101010011000111000010000000011100
000000000000000000000000000000000000000000000000000000000000011011100001000011011111110000011000
000000000000000000000000000000000000000000000000000000000000011010000111101100011010101011011010
000000000000000000000000000000000000000000000000000000000000110101101000111010100010011000101110
000000000000000000000000000000000000000000000000000000000000101010110101011111100010010011000110
000000000000000000000000000000000000000000000000000000000000010000110100110011101010000000000010
000000000000000000000000000000000000000000000000000000000000000011100101110010111100011011001100
000000000000000000000000000000000000000000000000000000000000001101000111001111010100101000111111
000000000000000000000000000000000000000000000000000000000000100001010101010110100110101011001100
000000000000000000000000000000000000000000000000000000000000011100100000111010100110100101010110
000000000000000000000000000000000000000000000000000000000000001100010111101000111000100101111101
000000000000000000000000000000000000000000000000000000000000000111100101100001111000100011010100
000000000000000000000000000000000000000000000000000000000000000011011011011001111000111110000111
000000000000000000000000000000000000000000000000000000000000010011011000001111001001001010110101
000000000000000000000000000000000000000000000000000000000000110111110001001010001111100111101010
000000000000000000000000000000000000000000000000000000000000001111000011011010000000001111111100
000000000000000000000000000000000000000000000000000000000000010010110010111110101010010011111101
000000000000000000000000000000000000000000000000000000000000101111111111000000111001110110111111
000000000000000000000000000000000000000000000000000000000000100101011100101111110001110111010011
000000000000000000000000000000000000000000000000000000000000111110000000000001100110100001101010
000000000000000000000000000000000000000000000000000000000000101000000011111100011010001100001011
000000000000000000000000000000000000000000000000000000000000000010101010110100010100011000000111
000000000000000000000000000000000000000000000000000000000000000010000000001101111101001000111100
000000000000000000000000000000000000000000000000000000000000110000111000111101001110101101011110
000000000000000000000000000000000000000000000000000000000000110101101100111011000001110100001000
000000000000000000000000000000000000000000000000000000000000000111010011000100100010111010101101
000000000000000000000000000000000000000000000000000000000000100111010100001100010000001100110111
000000000000000000000000000000000000000000000000000000000000101101010011000100000000010100110010
000000000000000000000000000000000000000000000000000000000000100001110011110001000100110111100010
000000000000000000000000000000000000000000000000000000000000110100100111000010101000011100010111
000000000000000000000000000000000000000000000000000000000000100010110011000110011000100111001111
000000000000000000000000000000000000000000000000000000000000011000100011001111101101110000110100
000000000000000000000000000000000000000000000000000000000000000111011001010100000010101010001001
000000000000000000000000000000000000000000000000000000000000011010000011111010110001100111010001
000000000000000000000000000000000000000000000000000000000000001111010000100000001110100010101111
000000000000000000000000000000000000000000000000000000000000100001101010000011001010100001110001
000000000000000000000000000000000000000000000000000000000000001110010110010010100100111001000111
000000000000000000000000000000000000000000000000000000000000010001111010010101011111011000001001
000000000000000000000000000000000000000000000000000000000000111010110001010011111110001100110100
000000000000000000000000000000000000000000000000000000000000011011010001010001110100011100100101
000000000000000000000000000000000000000000000000000000000000110000101010101110011110011011110001
000000000000000000000000000000000000000000000000000000000000010100111001010001111000101001111111
000000000000000000000000000000000000000000000000000000000000001000111001011110001111100110010011
000000000000000000000000000000000000000000000000000000000000100100010011011000100110101001101110
000000000000000000000000000000000000000000000000000000000000100011101000111010010000101111011110
000000000000000000000000000000000000000000000000000000000000010101000010110110111001101100111001
000000000000000000000000000000000000000000000000000000000000011010100101101011011101111001010100
000000000000000000000000000000000000000000000000000000000000010111011011101010010000000011001100
000000000000000000000000000000000000000000000000000000000000101001111001010001100011001100010011
000000000000000000000000000000000000000000000000000000000000001001111011011010101111111001001111
000000000000000000000000000000000000000000000000000000000000100101010101100111011101000110100011
000000000000000000000000000000000000000000000000000000000000111101100110001010100100000001011011
000000000000000000000000000000000000000000000000000000000000111111101010011010011001000100001110
000000000000000000000000000000000000000000000000000000000000101111111101110111101000010111011000
000000000000000000000000000000000000000000000000000000000000011100010110101010111010101011110110
000000000000000000000000000000000000000000000000000000000000010111011010010101111011001100000111
000000000000000000000000000000000000000000000000000000000000000111001011000011000101100000111010
000000000000000000000000000000000000000000000000000000000000000110011100011111011100100000111111
000000000000000000000000000000000000000000000000000000000000001101011011000010101000011111101010
000000000000000000000000000000000000000000000000000000000000100001010001010101110000111111001100
000000000000000000000000000000000000000000000000000000000000101110001010111000001001110001001011
000000000000000000000000000000000000000000000000000000000000111100100100101011110111011010010101
000000000000000000000000000000000000000000000000000000000000010011111111101111111010000110010000
000000000000000000000000000000000000000000000000000000000000111010100100110011010101000001100100
000000000000000000000000000000000000000000000000000000000000010100111111011110001110110111000110
000000000000000000000000000000000000000000000000000000000000110000001011100001000010000110001001
000000000000000000000000000000000000000000000000000000000000011011011000001110101111001111010101
000000000000000000000000000000000000000000000000000000000000000000111101100100100111111111111001
