000000000000000000000000000000000000000000000000000000000000001101010000010101111001101000010010
000000000000000000000000000000000000000000000000000000000000110100011101101001001001110110000011
000000000000000000000000000000000000000000000000000000000000001000010011100011111011010011111101
000000000000000000000000000000000000000000000000000000000000110011110000101101101010010101011100
000000000000000000000000000000000000000000000000000000000000010110110001000011011011010011100101
000000000000000000000000000000000000000000000000000000000000001011011111101101111101001011011111
000000000000000000000000000000000000000000000000000000000000101100110111000101001110000001001101
000000000000000000000000000000000000000000000000000000000000111110011011111101011010111010000000
000000000000000000000000000000000000000000000000000000000000111100101110001100001010110110001010
000000000000000000000000000000000000000000000000000000000000111110101101110110011110101000011111
000000000000000000000000000000000000000000000000000000000000100101011001110101100010010111110100
000000000000000000000000000000000000000000000000000000000000010010101111100000011011000001010111
000000000000000000000000000000000000000000000000000000000000011000000110110010001000001000010011
000000000000000000000000000000000000000000000000000000000000010011100001010111100111011001110011
000000000000000000000000000000000000000000000000000000000000111011100001111101011011111100110100
000000000000000000000000000000000000000000000000000000000000011110100100011101101000000000001000
000000000000000000000000000000000000000000000000000000000000101010010010111110010000000000100101
000000000000000000000000000000000000000000000000000000000000000111000001110110010111000010101000
000000000000000000000000000000000000000000000000000000000000000010010011111110101111111101101010
000000000000000000000000000000000000000000000000000000000000100011011000100010000101000001010010
000000000000000000000000000000000000000000000000000000000000101001100010101000100011010100101010
000000000000000000000000000000000000000000000000000000000000110010110110110011001010010001001001
000000000000000000000000000000000000000000000000000000000000111011011110110111011110100001001001
000000000000000000000000000000000000000000000000000000000000000001000111010101010000001100100101
000000000000000000000000000000000000000000000000000000000000010101011010101011101111110010011010
000000000000000000000000000000000000000000000000000000000000101111001101010110000110111001000100
000000000000000000000000000000000000000000000000000000000000001011011101001101011011101111010010
000000000000000000000000000000000000000000000000000000000000110011101001100100111001110101111111
000000000000000000000000000000000000000000000000000000000000110010100111111011001000011111001101
000000000000000000000000000000000000000000000000000000000000011011110101100001010110000011000011
000000000000000000000000000000000000000000000000000000000000110001010110011010111010011000111010
000000000000000000000000000000000000000000000000000000000000001001001100011010110000001111111110
000000000000000000000000000000000000000000000000000000000000100011010100101001000110011110100010
000000000000000000000000000000000000000000000000000000000000001000101000000101100100111101010010
000000000000000000000000000000000000000000000000000000000000110111000100110100001011010011100100
000000000000000000000000000000000000000000000000000000000000010110100010110010100011110000101111
000000000000000000000000000000000000000000000000000000000000111010010011011010011110010110100111
000000000000000000000000000000000000000000000000000000000000010000110100100000110111001011101010
000000000000000000000000000000000000000000000000000000000000010001111010111011011101010011101011
000000000000000000000000000000000000000000000000000000000000101110000111111010101101110011001000
000000000000000000000000000000000000000000000000000000000000111010010000001110001100001100010110
000000000000000000000000000000000000000000000000000000000000111001100111111000010101101011010110
000000000000000000000000000000000000000000000000000000000000001011100010110001100101110100010011
000000000000000000000000000000000000000000000000000000000000011111011101010111011100101101110001
000000000000000000000000000000000000000000000000000000000000010000101101000101100010110101110001
000000000000000000000000000000000000000000000000000000000000110000001011011010010001101000001001
000000000000000000000000000000000000000000000000000000000000010110111101011011111000101010011101
000000000000000000000000000000000000000000000000000000000000100011100101001111110101001100000001
000000000000000000000000000000000000000000000000000000000000100110000010111111111111010111001100
000000000000000000000000000000000000000000000000000000000000010111000111110111101000001011101010
000000000000000000000000000000000000000000000000000000000000011000111111111000101000001011010111
000000000000000000000000000000000000000000000000000000000000110100001100111000010101111110000101
000000000000000000000000000000000000000000000000000000000000101010001011011010111011101111101010
000000000000000000000000000000000000000000000000000000000000011100100100000111010010010111111111
000000000000000000000000000000000000000000000000000000000000001100010011100001010010100101100001
000000000000000000000000000000000000000000000000000000000000101101011100001100111111011101101110
000000000000000000000000000000000000000000000000000000000000101000010100010101000000001000010010
000000000000000000000000000000000000000000000000000000000000110101000110010001010010101101110010
000000000000000000000000000000000000000000000000000000000000000110001010010111101100100100110110
000000000000000000000000000000000000000000000000000000000000110001111010111111000100111010110111
000000000000000000000000000000000000000000000000000000000000011010000100001101101001111010111111
000000000000000000000000000000000000000000000000000000000000001100010111001101010001110111111010
000000000000000000000000000000000000000000000000000000000000110100001000001111011010011001000011
000000000000000000000000000000000000000000000000000000000000011111001001011001100100101101101010
000000000000000000000000000000000000000000000000000000000000000100001010100001011111101001010101
000000000000000000000000000000000000000000000000000000000000011101100001100101101100111010111010
000000000000000000000000000000000000000000000000000000000000000010100010011010010110001111111010
000000000000000000000000000000000000000000000000000000000000000011100000100110010000101111100110
000000000000000000000000000000000000000000000000000000000000011100111001010011000110011011101001
000000000000000000000000000000000000000000000000000000000000101000110111111101010110011010010000
000000000000000000000000000000000000000000000000000000000000100011001010010011001101000010100100
000000000000000000000000000000000000000000000000000000000000101000011101011110011000011011100001
000000000000000000000000000000000000000000000000000000000000111100101010000100011110000100010100
000000000000000000000000000000000000000000000000000000000000001010011100000100100010010110000111
000000000000000000000000000000000000000000000000000000000000000110111001010101100000100100000011
000000000000000000000000000000000000000000000000000000000000001111100111111010000111110000011101
000000000000000000000000000000000000000000000000000000000000000011010101000000011000011001100011
000000000000000000000000000000000000000000000000000000000000001101000111110001100111110101101110
000000000000000000000000000000000000000000000000000000000000011001101001100101010010011010111101
000000000000000000000000000000000000000000000000000000000000001011101111011100000100010111000110
000000000000000000000000000000000000000000000000000000000000010101001001000100110101001011000001
000000000000000000000000000000000000000000000000000000000000010111010110111100110000010001100100
000000000000000000000000000000000000000000000000000000000000010000011111110101100010110101110111
000000000000000000000000000000000000000000000000000000000000101110100110111010111101110010100110
000000000000000000000000000000000000000000000000000000000000011001100000000100110010100011100001
000000000000000000000000000000000000000000000000000000000000010101111010010110000010000011000101
000000000000000000000000000000000000000000000000000000000000000001100000111110011010110000001111
000000000000000000000000000000000000000000000000000000000000110110111000111011101101100001001100
000000000000000000000000000000000000000000000000000000000000011110101101010001000110010001110110
000000000000000000000000000000000000000000000000000000000000011010110101001110111000010001010111
000000000000000000000000000000000000000000000000000000000000011111100100101001111110111101110100
000000000000000000000000000000000000000000000000000000000000110110101101010011101011010001111010
000000000000000000000000000000000000000000000000000000000000111110100000010111001001011101100011
000000000000000000000000000000000000000000000000000000000000110110111110000001110011001010000010
000000000000000000000000000000000000000000000000000000000000010110111001101001011100001001111011
000000000000000000000000000000000000000000000000000000000000011101101011110100101000101110001110
000000000000000000000000000000000000000000000000000000000000111001000100110111111100110000101011
000000000000000000000000000000000000000000000000000000000000111101000111110101010001110110100111
000000000000000000000000000000000000000000000000000000000000011111100011110001101101110101100001
000000000000000000000000000000000000000000000000000000000000110000111001101110100110110100011011
000000000000000000000000000000000000000000000000000000000000111001111101101110011100101010110000
000000000000000000000000000000000000000000000000000000000000001111111001110011000011111011010000
000000000000000000000000000000000000000000000000000000000000000111000001000011001001101010011100
000000000000000000000000000000000000000000000000000000000000111011010100100101111001101001001111
000000000000000000000000000000000000000000000000000000000000101111100111010011000001110010010110
000000000000000000000000000000000000000000000000000000000000100101110101000100101001110011001111
000000000000000000000000000000000000000000000000000000000000101011110000100000000011000100011101
000000000000000000000000000000000000000000000000000000000000000011011111000100000111001010011101
000000000000000000000000000000000000000000000000000000000000100011000111001111101001101010010000
000000000000000000000000000000000000000000000000000000000000100110001001010100110111011101001101
000000000000000000000000000000000000000000000000000000000000101011010110101111000011001010111001
000000000000000000000000000000000000000000000000000000000000010011110011001010110111110110001000
000000000000000000000000000000000000000000000000000000000000100101010110111111111101100000011011
000000000000000000000000000000000000000000000000000000000000000001001111001000001010100001100111
000000000000000000000000000000000000000000000000000000000000111101101100011001010010001101011000
000000000000000000000000000000000000000000000000000000000000011001111000110110100001011011000001
000000000000000000000000000000000000000000000000000000000000000000110101000111111101110000110010
000000000000000000000000000000000000000000000000000000000000100000100100011000110001101100110011
000000000000000000000000000000000000000000000000000000000000111010110111010110101010001111010101
000000000000000000000000000000000000000000000000000000000000011101001100001010000111001001100010
000000000000000000000000000000000000000000000000000000000000010001010110000011111110011011001010
000000000000000000000000000000000000000000000000000000000000001001011111100011110110100010001110
000000000000000000000000000000000000000000000000000000000000010101010100010000011001000111011001
000000000000000000000000000000000000000000000000000000000000100001111110101011100011000100000010
000000000000000000000000000000000000000000000000000000000000001110011100011001011000100100110110
000000000000000000000000000000000000000000000000000000000000110111101000010100111000100000110001
000000000000000000000000000000000000000000000000000000000000011101100001110110101000001000101111
000000000000000000000000000000000000000000000000000000000000001010010010011000000101000010011000
000000000000000000000000000000000000000000000000000000000000010000110010001011010011001000100001
000000000000000000000000000000000000000000000000000000000000010011000111100001000110001111101000
000000000000000000000000000000000000000000000000000000000000001100011000100010001110101100101001
000000000000000000000000000000000000000000000000000000000000101001001001100011010111111011001111
000000000000000000000000000000000000000000000000000000000000001110100001010001001010001001111010
000000000000000000000000000000000000000000000000000000000000001000011100100000011101110000111010
000000000000000000000000000000000000000000000000000000000000001110010000000111001001010011011100
000000000000000000000000000000000000000000000000000000000000110100011011001011011101001110100001
000000000000000000000000000000000000000000000000000000000000100101010001011011001010001010110110
000000000000000000000000000000000000000000000000000000000000011110110001111011010101000101011101
000000000000000000000000000000000000000000000000000000000000111000101101100001110111100100011101
000000000000000000000000000000000000000000000000000000000000000011001111111110001100111011110110
000000000000000000000000000000000000000000000000000000000000010100111101101000000000100101001010
000000000000000000000000000000000000000000000000000000000000111110100100010000011000111100110001
000000000000000000000000000000000000000000000000000000000000011101011000101111001110001111101100
000000000000000000000000000000000000000000000000000000000000011001001111111111000101101001110010
000000000000000000000000000000000000000000000000000000000000011011100001101100001100000101100100
000000000000000000000000000000000000000000000000000000000000011110100001110000101001110010110000
000000000000000000000000000000000000000000000000000000000000111000110100101011000100101010100001
000000000000000000000000000000000000000000000000000000000000011101000101000110001101111101010111
000000000000000000000000000000000000000000000000000000000000000011100000011100101011010101000010
000000000000000000000000000000000000000000000000000000000000011110001000100110100000111001111001
000000000000000000000000000000000000000000000000000000000000111100110110110101010011111010001111
000000000000000000000000000000000000000000000000000000000000111101010000111110010110100011010110
000000000000000000000000000000000000000000000000000000000000010110010101110010010001001001010110
000000000000000000000000000000000000000000000000000000000000101110000111000010110110111111101000
000000000000000000000000000000000000000000000000000000000000001111010010100111000111001110100000
000000000000000000000000000000000000000000000000000000000000100110101101000110110010001011101011
000000000000000000000000000000000000000000000000000000000000100011100110010010101000010100010110
000000000000000000000000000000000000000000000000000000000000010001110110010000101110000001101111
000000000000000000000000000000000000000000000000000000000000001001000001100100010100110010100110
000000000000000000000000000000000000000000000000000000000000101010000010100111001110110010111111
000000000000000000000000000000000000000000000000000000000000001110000100001111011011101110011000
000000000000000000000000000000000000000000000000000000000000011011111011000111111101111000010111
000000000000000000000000000000000000000000000000000000000000100011100010111111011110110011110001
000000000000000000000000000000000000000000000000000000000000001000010001001100101110110000001011
000000000000000000000000000000000000000000000000000000000000110011011101100011000111001000100110
000000000000000000000000000000000000000000000000000000000000111110011000010111111011001111010101
000000000000000000000000000000000000000000000000000000000000000000001000101001110011011100000010
000000000000000000000000000000000000000000000000000000000000001000000110101110010010100000100111
000000000000000000000000000000000000000000000000000000000000001001111110101010011011111010111010
000000000000000000000000000000000000000000000000000000000000110101100010100110100001100001011010
000000000000000000000000000000000000000000000000000000000000011100000101001111100110111011111100
000000000000000000000000000000000000000000000000000000000000001110100111011111111110101011010011
000000000000000000000000000000000000000000000000000000000000110010001111010101011111000101001010
000000000000000000000000000000000000000000000000000000000000110011000000100100101111010010000000
000000000000000000000000000000000000000000000000000000000000110010110101111001000010101100110100
000000000000000000000000000000000000000000000000000000000000100110110001011101110111110101101010
000000000000000000000000000000000000000000000000000000000000010100110010010111100110100100000001
000000000000000000000000000000000000000000000000000000000000010110110000000011011001000111000011
000000000000000000000000000000000000000000000000000000000000110101001011111000011010001011101101
000000000000000000000000000000000000000000000000000000000000001111010011011101001010010001001110
000000000000000000000000000000000000000000000000000000000000111000011110001000110000001010101011
000000000000000000000000000000000000000000000000000000000000100001010101011111001001110000111001
000000000000000000000000000000000000000000000000000000000000111111000100001100000001001011111100
000000000000000000000000000000000000000000000000000000000000111101100100101111011000101101010001
000000000000000000000000000000000000000000000000000000000000010110100111010100001001001000100100
000000000000000000000000000000000000000000000000000000000000001101000011110100010001110100011010
000000000000000000000000000000000000000000000000000000000000011101000001101000010010010110110111
000000000000000000000000000000000000000000000000000000000000111111111001100100110000110001100000
000000000000000000000000000000000000000000000000000000000000100101101010010100100000011010011111
000000000000000000000000000000000000000000000000000000000000010100010111000101000110110010110101
000000000000000000000000000000000000000000000000000000000000010111111100110100100110010001001100
000000000000000000000000000000000000000000000000000000000000101111000100011101110101100111011001
000000000000000000000000000000000000000000000000000000000000101101000000100111001110011011011010
000000000000000000000000000000000000000000000000000000000000001100000111010111110010111101111001
000000000000000000000000000000000000000000000000000000000000111001111101000111100000000101110010
000000000000000000000000000000000000000000000000000000000000111110111010101111011001100010111111
000000000000000000000000000000000000000000000000000000000000000011101001010011100110110100011000
000000000000000000000000000000000000000000000000000000000000001100010101111100000101001111010100
000000000000000000000000000000000000000000000000000000000000010110010010001101100101011100110101
000000000000000000000000000000000000000000000000000000000000100110001111011111100100101100001101
000000000000000000000000000000000000000000000000000000000000010010011010000111101101010000010000
000000000000000000000000000000000000000000000000000000000000101010101111001001110001011011011100
000000000000000000000000000000000000000000000000000000000000010001011011110100110011000010011001
000000000000000000000000000000000000000000000000000000000000000100101100111101100100010111110010
000000000000000000000000000000000000000000000000000000000000001101101000101001010000101100100001
000000000000000000000000000000000000000000000000000000000000010000000001000101100001001110011101
000000000000000000000000000000000000000000000000000000000000010001100000000111101000011101011110
000000000000000000000000000000000000000000000000000000000000100111110010011100110010110000010001
000000000000000000000000000000000000000000000000000000000000111010011111010101011001110100011000
000000000000000000000000000000000000000000000000000000000000110010101100011100011001011111001111
000000000000000000000000000000000000000000000000000000000000110010010000010000110010100100000011
000000000000000000000000000000000000000000000000000000000000001111101011011110011100110000110001
000000000000000000000000000000000000000000000000000000000000010111000011111001001110000001000001
000000000000000000000000000000000000000000000000000000000000010111000110001000011000100011000010
000000000000000000000000000000000000000000000000000000000000001001011110101001101011101000010001
000000000000000000000000000000000000000000000000000000000000000000101110000010100110000010100001
000000000000000000000000000000000000000000000000000000000000101100110011010001001111110011011100
000000000000000000000000000000000000000000000000000000000000101100111100010110100001101010000100
000000000000000000000000000000000000000000000000000000000000000000100010100101101010000101010011
000000000000000000000000000000000000000000000000000000000000101010100110011100000001010011110010
000000000000000000000000000000000000000000000000000000000000110111110110011110000111111010001111
000000000000000000000000000000000000000000000000000000000000100100000110110101100000011010010001
000000000000000000000000000000000000000000000000000000000000110000101110100110000111001001111101
000000000000000000000000000000000000000000000000000000000000110010011011000011100000101110100011
000000000000000000000000000000000000000000000000000000000000010001111010001001111011000101110100
000000000000000000000000000000000000000000000000000000000000000011100010110000011010111010000100
000000000000000000000000000000000000000000000000000000000000100100010000100110100000011001010010
000000000000000000000000000000000000000000000000000000000000000000000011101001111111000011000000
000000000000000000000000000000000000000000000000000000000000100111000111000111000101110110101110
000000000000000000000000000000000000000000000000000000000000010101000011001111001000001010000100
000000000000000000000000000000000000000000000000000000000000101101111100001100110110101110111110
000000000000000000000000000000000000000000000000000000000000111010010000000000001000100000101011
000000000000000000000000000000000000000000000000000000000000100111001100101011010001100100110100
000000000000000000000000000000000000000000000000000000000000001100000010010110010010011001111001
000000000000000000000000000000000000000000000000000000000000001011010010101100100101100000110101
000000000000000000000000000000000000000000000000000000000000111111110100111101000110101100111111
000000000000000000000000000000000000000000000000000000000000000001011110100000011111010000111000
000000000000000000000000000000000000000000000000000000000000001000110010111101100001010111010110
000000000000000000000000000000000000000000000000000000000000001000011011100100011010010101111010
000000000000000000000000000000000000000000000000000000000000111110100010110011100110110110000001
000000000000000000000000000000000000000000000000000000000000010001001001101101010111101111100011
000000000000000000000000000000000000000000000000000000000000000100010111110011111110101001011111
000000000000000000000000000000000000000000000000000000000000111110001011010001110000001111000011
000000000000000000000000000000000000000000000000000000000000001111110000010100001111000111101011
000000000000000000000000000000000000000000000000000000000000000111010111101000000111001000001001
000000000000000000000000000000000000000000000000000000000000011000101011000010111011110000100010
000000000000000000000000000000000000000000000000000000000000101111101100011110110101100110110011
000000000000000000000000000000000000000000000000000000000000111111100000000101110111111011010000
000000000000000000000000000000000000000000000000000000000000011110000110001011000101001100111001
000000000000000000000000000000000000000000000000000000000000100111000111000110010100111101001110
000000000000000000000000000000000000000000000000000000000000010101011011100001100001010001111110
000000000000000000000000000000000000000000000000000000000000010001100011111010111001101110000100
000000000000000000000000000000000000000000000000000000000000100001010000011010111101100111100000
000000000000000000000000000000000000000000000000000000000000011100001011010001011101101011110000
000000000000000000000000000000000000000000000000000000000000100001001010010100010011101111110010
000000000000000000000000000000000000000000000000000000000000001011001001000011110011100010011111
000000000000000000000000000000000000000000000000000000000000101010000111000100100100100011101001
000000000000000000000000000000000000000000000000000000000000011111101111110010011011001000010010
000000000000000000000000000000000000000000000000000000000000001010001011001000110111011011010111
000000000000000000000000000000000000000000000000000000000000010101000101100011110001110011010110
000000000000000000000000000000000000000000000000000000000000011010111010101001111001101101000100
000000000000000000000000000000000000000000000000000000000000010010001100000110001000000000110000
000000000000000000000000000000000000000000000000000000000000110011000100101111000000111100110111
000000000000000000000000000000000000000000000000000000000000100011111111010100011011110010111111
000000000000000000000000000000000000000000000000000000000000111100011101000011001100100001111000
000000000000000000000000000000000000000000000000000000000000110101001010111110110011100101011011
000000000000000000000000000000000000000000000000000000000000111010001011010100010111110010100011
000000000000000000000000000000000000000000000000000000000000100000010001000111111010110100110101
000000000000000000000000000000000000000000000000000000000000111110111100001111111011011010000000
000000000000000000000000000000000000000000000000000000000000000101110110001110011101010000011010
000000000000000000000000000000000000000000000000000000000000011101101110000111010100000000101001
000000000000000000000000000000000000000000000000000000000000010001010110101011011000001110100100
000000000000000000000000000000000000000000000000000000000000100001100010010001011110101000111001
000000000000000000000000000000000000000000000000000000000000000110011010010100101000001000111110
000000000000000000000000000000000000000000000000000000000000000100111001111011000111100110011101
000000000000000000000000000000000000000000000000000000000000001101010110111011011101100000000110
000000000000000000000000000000000000000000000000000000000000000111110110110110011111110110111110
000000000000000000000000000000000000000000000000000000000000011001110001000110101011010010001011
000000000000000000000000000000000000000000000000000000000000011010001000100111000001011001001111
000000000000000000000000000000000000000000000000000000000000001100111110011000101010001010010010
000000000000000000000000000000000000000000000000000000000000011001100001010011111101001101001110
000000000000000000000000000000000000000000000000000000000000011101001101001001010001110110000100
000000000000000000000000000000000000000000000000000000000000000111010011101000101000001010100010
000000000000000000000000000000000000000000000000000000000000001101010111010010100110110100001111
000000000000000000000000000000000000000000000000000000000000000010001010111101000100101001010000
000000000000000000000000000000000000000000000000000000000000111011000011010100011100101110001110
000000000000000000000000000000000000000000000000000000000000101101111111111001101110000010101010
000000000000000000000000000000000000000000000000000000000000111011111011110010010011000100010010
000000000000000000000000000000000000000000000000000000000000000000110100111010001100100001011000
000000000000000000000000000000000000000000000000000000000000001011000100010001100110001111000111
000000000000000000000000000000000000000000000000000000000000010001100000111100101001010000010010
000000000000000000000000000000000000000000000000000000000000010001101011100010100011011111110101
000000000000000000000000000000000000000000000000000000000000010101101011010000110111010100111100
000000000000000000000000000000000000000000000000000000000000010101111001101100011100100011000101
000000000000000000000000000000000000000000000000000000000000110101010010000100011111011111000011
000000000000000000000000000000000000000000000000000000000000100110100111000111000110111110011100
000000000000000000000000000000000000000000000000000000000000111011111001100001110000011011110000
000000000000000000000000000000000000000000000000000000000000100011001110011011001001101010010011
000000000000000000000000000000000000000000000000000000000000000101100111001110011000011010010000
000000000000000000000000000000000000000000000000000000000000011100000010000001011100101110101101
000000000000000000000000000000000000000000000000000000000000001111011111000111100011110000111000
000000000000000000000000000000000000000000000000000000000000000110000101000001100111010011111100
000000000000000000000000000000000000000000000000000000000000110000001000101000101010110001100001
000000000000000000000000000000000000000000000000000000000000110001101010111101000001111011011111
000000000000000000000000000000000000000000000000000000000000001110101000010001000011010010011111
000000000000000000000000000000000000000000000000000000000000010101111001001001000111001110111001
000000000000000000000000000000000000000000000000000000000000100010100100110110111111011111111010
000000000000000000000000000000000000000000000000000000000000110111110111011010000011101010001010
000000000000000000000000000000000000000000000000000000000000011011000111000000101011010111111100
000000000000000000000000000000000000000000000000000000000000101000010010100101110111011011001100
000000000000000000000000000000000000000000000000000000000000110001110110011000110000101010000100
000000000000000000000000000000000000000000000000000000000000101010111001001110011111010011000010
000000000000000000000000000000000000000000000000000000000000001010001000000111110011000111010011
000000000000000000000000000000000000000000000000000000000000110101001011010001100111110111101000
000000000000000000000000000000000000000000000000000000000000011010111000001010000111111100010011
000000000000000000000000000000000000000000000000000000000000010100110101010101011110110110011101
000000000000000000000000000000000000000000000000000000000000110111110111101111110110000001101100
000000000000000000000000000000000000000000000000000000000000100001111011010001010010111011010111
000000000000000000000000000000000000000000000000000000000000000001111001111010010000001000010011
000000000000000000000000000000000000000000000000000000000000000111110010101111100100110000011010
000000000000000000000000000000000000000000000000000000000000010110101001011000010101011110011111
000000000000000000000000000000000000000000000000000000000000011001100101111100000001000011111010
000000000000000000000000000000000000000000000000000000000000110101011100000010001000011001101010
000000000000000000000000000000000000000000000000000000000000110010100100110111110011110111110110
000000000000000000000000000000000000000000000000000000000000111000100101001110001111110001111000
000000000000000000000000000000000000000000000000000000000000000010110100100001010110011111100100
000000000000000000000000000000000000000000000000000000000000110101100000110101010100010001110001
000000000000000000000000000000000000000000000000000000000000111011101000000010001110111110000000
000000000000000000000000000000000000000000000000000000000000100110100001111000010000010000111011
000000000000000000000000000000000000000000000000000000000000001000010101010110010110110001001011
000000000000000000000000000000000000000000000000000000000000000101101110011000111001110010101000
000000000000000000000000000000000000000000000000000000000000001100011010000000101100000000010010
000000000000000000000000000000000000000000000000000000000000110010101011010101100010110001111000
000000000000000000000000000000000000000000000000000000000000000010100110011000011100100000111100
000000000000000000000000000000000000000000000000000000000000000111001011010111100011010000101100
000000000000000000000000000000000000000000000000000000000000100101000111000111001010001011110001
000000000000000000000000000000000000000000000000000000000000001010011011100001101110011001101100
000000000000000000000000000000000000000000000000000000000000011000010111010010101010011100110011
000000000000000000000000000000000000000000000000000000000000010000101011111000010011001000000101
000000000000000000000000000000000000000000000000000000000000001011010100011011101100100001000000
000000000000000000000000000000000000000000000000000000000000101011001001010011101111010010111000
000000000000000000000000000000000000000000000000000000000000001011011100000111001111011010111010
000000000000000000000000000000000000000000000000000000000000010101011111010101111110110000101000
000000000000000000000000000000000000000000000000000000000000000010000100100000001100111110000000
000000000000000000000000000000000000000000000000000000000000010111100110000000000001011100110100
000000000000000000000000000000000000000000000000000000000000111110101110110011110001100110000000
000000000000000000000000000000000000000000000000000000000000011011111110001100000110100011111101
000000000000000000000000000000000000000000000000000000000000111001101001101101001100010111110101
000000000000000000000000000000000000000000000000000000000000001010110001101010000100100011000111
000000000000000000000000000000000000000000000000000000000000001100111111010010011110010110111001
000000000000000000000000000000000000000000000000000000000000010101011100110010110110010001101111
000000000000000000000000000000000000000000000000000000000000011011010101011110101001001110101000
000000000000000000000000000000000000000000000000000000000000110111110101100000000000001100101110
000000000000000000000000000000000000000000000000000000000000010010101010101100101111010110001000
000000000000000000000000000000000000000000000000000000000000011011101011011101001111101011000111
000000000000000000000000000000000000000000000000000000000000111111000001100000011001010100011101
000000000000000000000000000000000000000000000000000000000000011101010011100000111110110011011100
000000000000000000000000000000000000000000000000000000000000101011110000101011110100100011111001
000000000000000000000000000000000000000000000000000000000000110101100001100011101010010001011101
000000000000000000000000000000000000000000000000000000000000110101000011110100111010110111010010
000000000000000000000000000000000000000000000000000000000000111001100100111000111101010010011111
000000000000000000000000000000000000000000000000000000000000100111000010000011111011000010111111
000000000000000000000000000000000000000000000000000000000000001000001000101110011010000111100101
000000000000000000000000000000000000000000000000000000000000110001010101000011111101101100001011
000000000000000000000000000000000000000000000000000000000000101111001000101001000011100110000000
000000000000000000000000000000000000000000000000000000000000100110011011000000001100111000011101
000000000000000000000000000000000000000000000000000000000000110011101100001010111010011101011111
000000000000000000000000000000000000000000000000000000000000110100101111101100100100101100000111
000000000000000000000000000000000000000000000000000000000000000100000011010111101110010000101110
000000000000000000000000000000000000000000000000000000000000000011011000110101101001111001011000
000000000000000000000000000000000000000000000000000000000000100111010010001111100110000011100100
000000000000000000000000000000000000000000000000000000000000010000111100011110001110110000111001
000000000000000000000000000000000000000000000000000000000000001111010000110001011001001111000101
000000000000000000000000000000000000000000000000000000000000100000100011101110010010100010100111
000000000000000000000000000000000000000000000000000000000000000110011100000100000110001111000010
000000000000000000000000000000000000000000000000000000000000001100010001110100010101101100011000
000000000000000000000000000000000000000000000000000000000000110101110100111011110110010101010001
000000000000000000000000000000000000000000000000000000000000000011001110111100110111100111101001
000000000000000000000000000000000000000000000000000000000000000011111101110111101101011101010000
000000000000000000000000000000000000000000000000000000000000101000101000110001110110001010001001
000000000000000000000000000000000000000000000000000000000000011011100000100001100011101000100110
000000000000000000000000000000000000000000000000000000000000010000000101100111011001000000101110
000000000000000000000000000000000000000000000000000000000000100011100101100110110100000001110101
000000000000000000000000000000000000000000000000000000000000111101011010110010110001101011001111
000000000000000000000000000000000000000000000000000000000000100010100010101000001000100100010000
000000000000000000000000000000000000000000000000000000000000001010111110100011100100100110110011
000000000000000000000000000000000000000000000000000000000000111101100101000110110001101110101001
000000000000000000000000000000000000000000000000000000000000100011110010010110001110010101001111
000000000000000000000000000000000000000000000000000000000000111000011000001000001001110110000010
000000000000000000000000000000000000000000000000000000000000010011010100001110000100100010000010
000000000000000000000000000000000000000000000000000000000000101000100000011011111010010110010001
000000000000000000000000000000000000000000000000000000000000101100010001000010000100110011111000
000000000000000000000000000000000000000000000000000000000000100110011100101000111101000010101111
000000000000000000000000000000000000000000000000000000000000000111111000001011011101010010010101
000000000000000000000000000000000000000000000000000000000000111001101100001011100111010011000101
000000000000000000000000000000000000000000000000000000000000100111010110010101000011111111110000
000000000000000000000000000000000000000000000000000000000000010010100100001100000110010000111000
000000000000000000000000000000000000000000000000000000000000110001100101000011011110101110111011
000000000000000000000000000000000000000000000000000000000000100010100011000011111001111111100000
000000000000000000000000000000000000000000000000000000000000101010110010011101000001000101011101
000000000000000000000000000000000000000000000000000000000000011011010000100011011001011000100010
000000000000000000000000000000000000000000000000000000000000010000010010000000101001010010010111
000000000000000000000000000000000000000000000000000000000000000001011100110010001111011110100001
000000000000000000000000000000000000000000000000000000000000101110011011001011010011000010101101
000000000000000000000000000000000000000000000000000000000000010000101011011101001001000000101110
000000000000000000000000000000000000000000000000000000000000110110001001001010110010110100100000
000000000000000000000000000000000000000000000000000000000000101111010111000101001100100101001101
000000000000000000000000000000000000000000000000000000000000011011111100000110111100010000000101
000000000000000000000000000000000000000000000000000000000000101000111101011101011110110100101011
000000000000000000000000000000000000000000000000000000000000101110110011101001010100111110101000
000000000000000000000000000000000000000000000000000000000000010100010111101100100101111100010010
000000000000000000000000000000000000000000000000000000000000111001101001100111000011110010001000
000000000000000000000000000000000000000000000000000000000000010111100001111110111010000000101010
000000000000000000000000000000000000000000000000000000000000101110101001100011110001011011110111
000000000000000000000000000000000000000000000000000000000000100111011010000011000001000010110000
000000000000000000000000000000000000000000000000000000000000110110011110110110010001100011000000
000000000000000000000000000000000000000000000000000000000000110101110100100011101111001011111011
000000000000000000000000000000000000000000000000000000000000010111001101100100111111001010100101
000000000000000000000000000000000000000000000000000000000000111111011111000100001111001001100100
000000000000000000000000000000000000000000000000000000000000011000000001000010111000101001011010
000000000000000000000000000000000000000000000000000000000000100010011010111101000011011111000000
000000000000000000000000000000000000000000000000000000000000011111010100000010000100011101100101
000000000000000000000000000000000000000000000000000000000000111100100101000101000011010111111111
000000000000000000000000000000000000000000000000000000000000001110000001101000110000101010010100
000000000000000000000000000000000000000000000000000000000000011100111110101011000011011010011010
000000000000000000000000000000000000000000000000000000000000000010110011011101000010000010001000
000000000000000000000000000000000000000000000000000000000000010100000000000011110110111001010101
000000000000000000000000000000000000000000000000000000000000100001101011100110111000100010101010
000000000000000000000000000000000000000000000000000000000000101001000100001111111111001011011010
000000000000000000000000000000000000000000000000000000000000101110000000110110110110001001010101
000000000000000000000000000000000000000000000000000000000000010100111000001000010001001101000101
000000000000000000000000000000000000000000000000000000000000110000100110010010001100010111000011
000000000000000000000000000000000000000000000000000000000000101101011110011110000101111110000011
000000000000000000000000000000000000000000000000000000000000100011000010110100100100100100000000
000000000000000000000000000000000000000000000000000000000000000111000101011010101001100001000111
000000000000000000000000000000000000000000000000000000000000101100000011001010101100100000010001
000000000000000000000000000000000000000000000000000000000000010101110010001100000001100001101100
000000000000000000000000000000000000000000000000000000000000000101000101000011011001110100011000
000000000000000000000000000000000000000000000000000000000000011000010101111010110000110111011000
000000000000000000000000000000000000000000000000000000000000100000101110101100011111011111010000
000000000000000000000000000000000000000000000000000000000000110100101001100000000100010111101000
000000000000000000000000000000000000000000000000000000000000100100001000011000001100110111101101
000000000000000000000000000000000000000000000000000000000000111011011010000010000100111110010011
000000000000000000000000000000000000000000000000000000000000110111101101011100000100010010111001
000000000000000000000000000000000000000000000000000000000000001010000101100100110111101111010110
000000000000000000000000000000000000000000000000000000000000101000110101100110010001011111100100
000000000000000000000000000000000000000000000000000000000000001101011101010110101101011010100001
000000000000000000000000000000000000000000000000000000000000100011111011111101000111001010100101
000000000000000000000000000000000000000000000000000000000000100000000110000100111010000101010011
000000000000000000000000000000000000000000000000000000000000011100110010111001000101010011001100
000000000000000000000000000000000000000000000000000000000000000010001111101110011011111001000101
000000000000000000000000000000000000000000000000000000000000001000001101101111010110101100000000
000000000000000000000000000000000000000000000000000000000000100101100000101111010001010010100010
000000000000000000000000000000000000000000000000000000000000001001101010111110100001111011000000
000000000000000000000000000000000000000000000000000000000000110010110111010010101101101111101110
000000000000000000000000000000000000000000000000000000000000001100010010001100010110010001010101
000000000000000000000000000000000000000000000000000000000000001011101000000000000100010101110011
000000000000000000000000000000000000000000000000000000000000100110110111000100001011011010011001
000000000000000000000000000000000000000000000000000000000000111001110011010110001010101011110011
000000000000000000000000000000000000000000000000000000000000111010011000000010110010110111001110
000000000000000000000000000000000000000000000000000000000000110111000101011001111011100011011101
000000000000000000000000000000000000000000000000000000000000101101100110011011100111110101011100
000000000000000000000000000000000000000000000000000000000000100010000011100110001011011111111101
000000000000000000000000000000000000000000000000000000000000011000101000101011101101110000010111
000000000000000000000000000000000000000000000000000000000000000110110100110001011111110100000101
000000000000000000000000000000000000000000000000000000000000110000010001000110100001100111010110
000000000000000000000000000000000000000000000000000000000000100001011011111000000000011110110110
000000000000000000000000000000000000000000000000000000000000100110101100011011001011101110100011
000000000000000000000000000000000000000000000000000000000000110110000101110001111101010001101010
000000000000000000000000000000000000000000000000000000000000000101111001011001101101110101010001
000000000000000000000000000000000000000000000000000000000000100110011110011010111111111101110000
000000000000000000000000000000000000000000000000000000000000101111010011101010011010000110000000
000000000000000000000000000000000000000000000000000000000000011001011101010011110011001100010000
000000000000000000000000000000000000000000000000000000000000101110010101110011101000110100111110
000000000000000000000000000000000000000000000000000000000000001001011010011101111100111100111110
000000000000000000000000000000000000000000000000000000000000001110100011011000000010100001010010
000000000000000000000000000000000000000000000000000000000000101000011111101010100101100010000101
000000000000000000000000000000000000000000000000000000000000010011001000101111111001000110110101
000000000000000000000000000000000000000000000000000000000000000001101100110010110011101010100000
000000000000000000000000000000000000000000000000000000000000110011110011000111010100100011010101
000000000000000000000000000000000000000000000000000000000000010100001001010100010101010101010111
000000000000000000000000000000000000000000000000000000000000100100110110010000011011000111011111
000000000000000000000000000000000000000000000000000000000000110000011011110111001101011110000010
000000000000000000000000000000000000000000000000000000000000011000110011100110110000101001100001
000000000000000000000000000000000000000000000000000000000000000101010010011101010100011000101001
000000000000000000000000000000000000000000000000000000000000011011110000000100011111000101000001
000000000000000000000000000000000000000000000000000000000000010100110101011000101000011010111101
000000000000000000000000000000000000000000000000000000000000000110100100001010110101000010100010
000000000000000000000000000000000000000000000000000000000000110100110111010011011001010000000000
000000000000000000000000000000000000000000000000000000000000010111101110100010001010100110100100
000000000000000000000000000000000000000000000000000000000000010011000110001110101101101100001111
000000000000000000000000000000000000000000000000000000000000011010001110010111010000010010001011
000000000000000000000000000000000000000000000000000000000000000101000011000010010010011100110011
000000000000000000000000000000000000000000000000000000000000011101001011111101011101100110000100
000000000000000000000000000000000000000000000000000000000000110110000000110110001111101101111010
000000000000000000000000000000000000000000000000000000000000111010001010000100001110111010111111
000000000000000000000000000000000000000000000000000000000000110101010000101001110110110100100010
000000000000000000000000000000000000000000000000000000000000010101110010110101001111000110000000
000000000000000000000000000000000000000000000000000000000000111010011101101001010001110110101111
000000000000000000000000000000000000000000000000000000000000010011011100010010010010101011000101
