000000000000000000000000000000000000000000000000000000000000110101110001101110000111010101010000
000000000000000000000000000000000000000000000000000000000000011100110000000001001110100001010101
000000000000000000000000000000000000000000000000000000000000001010000001111001000111111100011000
000000000000000000000000000000000000000000000000000000000000110010101010000101010101011010110110
000000000000000000000000000000000000000000000000000000000000101001100100100001101010100111010100
000000000000000000000000000000000000000000000000000000000000010101001010001001111010001001110011
000000000000000000000000000000000000000000000000000000000000111011010011011101000011011100111010
000000000000000000000000000000000000000000000000000000000000010011110000011011101000100101111110
000000000000000000000000000000000000000000000000000000000000010011110000101001101101000111011101
000000000000000000000000000000000000000000000000000000000000000001011001110000001001110011100111
000000000000000000000000000000000000000000000000000000000000101000111110011101111001011011010110
000000000000000000000000000000000000000000000000000000000000111101001000000010010110100011100110
000000000000000000000000000000000000000000000000000000000000101110001100001111111011101010110010
000000000000000000000000000000000000000000000000000000000000111101001110000111110100011001010100
000000000000000000000000000000000000000000000000000000000000110000000010110011010111000100101100
000000000000000000000000000000000000000000000000000000000000000010110101110100101110100111100111
000000000000000000000000000000000000000000000000000000000000101111110001010110101000111000010110
000000000000000000000000000000000000000000000000000000000000101101011011010110000101110011100001
000000000000000000000000000000000000000000000000000000000000101101101011111000111111011010010011
000000000000000000000000000000000000000000000000000000000000011000100011011101001101000010000110
000000000000000000000000000000000000000000000000000000000000001010100100010110100101011100110100
000000000000000000000000000000000000000000000000000000000000000101100100110100100010001100010011
000000000000000000000000000000000000000000000000000000000000000111011100110110010101000001100010
000000000000000000000000000000000000000000000000000000000000110100000001111101110111100000100110
000000000000000000000000000000000000000000000000000000000000001110100000011011011001001101111111
000000000000000000000000000000000000000000000000000000000000000110010100010101111010000111010101
000000000000000000000000000000000000000000000000000000000000010101101100001001111000100011111110
000000000000000000000000000000000000000000000000000000000000011110001111000100010010111100100001
000000000000000000000000000000000000000000000000000000000000000100010100001000111110011100011010
000000000000000000000000000000000000000000000000000000000000001100000100000011011101100011000111
000000000000000000000000000000000000000000000000000000000000001010101000111011110101110111100100
000000000000000000000000000000000000000000000000000000000000011010011011000001110001010111010101
000000000000000000000000000000000000000000000000000000000000001001111110011000111000100111001101
000000000000000000000000000000000000000000000000000000000000111000001101010100011101001111011110
000000000000000000000000000000000000000000000000000000000000111110111011000011001011001110100100
000000000000000000000000000000000000000000000000000000000000011000101010010001101000111100111011
000000000000000000000000000000000000000000000000000000000000010110110100001101001001101001011001
000000000000000000000000000000000000000000000000000000000000100000100111011100000111011000010111
000000000000000000000000000000000000000000000000000000000000010000011110011111111101101000010000
000000000000000000000000000000000000000000000000000000000000100101100011000110111001000011000111
000000000000000000000000000000000000000000000000000000000000000111111110101100000101101110011100
000000000000000000000000000000000000000000000000000000000000000101001111011000010001001110111000
000000000000000000000000000000000000000000000000000000000000111101110100110011110010000111001011
000000000000000000000000000000000000000000000000000000000000011001000110000111101101011011110101
000000000000000000000000000000000000000000000000000000000000100011001010110000110010110101110010
000000000000000000000000000000000000000000000000000000000000101000011000110000101100010110000011
000000000000000000000000000000000000000000000000000000000000010111101101001100001011000110101011
000000000000000000000000000000000000000000000000000000000000011000010111011000100110110010000110
000000000000000000000000000000000000000000000000000000000000010011011100011010101011011110011010
000000000000000000000000000000000000000000000000000000000000010101101010011000101110010101000100
000000000000000000000000000000000000000000000000000000000000010000011001001101010000110001111101
000000000000000000000000000000000000000000000000000000000000000000000101110000100011110111100110
000000000000000000000000000000000000000000000000000000000000110001000010110111110001101010010000
000000000000000000000000000000000000000000000000000000000000010011001001000010010101110110110111
000000000000000000000000000000000000000000000000000000000000010110111100111100011011011001011100
000000000000000000000000000000000000000000000000000000000000101111100101110101000010100110101011
000000000000000000000000000000000000000000000000000000000000100001000110101011001010000101001010
000000000000000000000000000000000000000000000000000000000000011101111011011011100110110100111100
000000000000000000000000000000000000000000000000000000000000101100111000100111101000011010101000
000000000000000000000000000000000000000000000000000000000000100101011001101000111101111011110110
000000000000000000000000000000000000000000000000000000000000100110011101101001010101100010011000
000000000000000000000000000000000000000000000000000000000000010011011011011110001111101001011111
000000000000000000000000000000000000000000000000000000000000110100110100000010110101001100100010
000000000000000000000000000000000000000000000000000000000000111011101001111110100101100101010101
000000000000000000000000000000000000000000000000000000000000011100100111011010100011111101100111
000000000000000000000000000000000000000000000000000000000000001110010000010001011100010011001101
000000000000000000000000000000000000000000000000000000000000010011011001001011001101001011100000
000000000000000000000000000000000000000000000000000000000000010110100001111011111001111010100101
000000000000000000000000000000000000000000000000000000000000011011011101111010100010100100010001
000000000000000000000000000000000000000000000000000000000000011111101001010011110100000000011010
000000000000000000000000000000000000000000000000000000000000111111001101110100011001110000101110
000000000000000000000000000000000000000000000000000000000000000101000001101001111001110111000111
000000000000000000000000000000000000000000000000000000000000110000101110111110010001100100000110
000000000000000000000000000000000000000000000000000000000000111010001110100101111010100101111111
000000000000000000000000000000000000000000000000000000000000110001010011010110110010110111010011
000000000000000000000000000000000000000000000000000000000000011001101100011011000010101000010000
000000000000000000000000000000000000000000000000000000000000101111010101111000111010001101110100
000000000000000000000000000000000000000000000000000000000000000100100001111111101010100111001010
000000000000000000000000000000000000000000000000000000000000101001011110111100001001111000001100
000000000000000000000000000000000000000000000000000000000000100000011110010110100001000001101111
000000000000000000000000000000000000000000000000000000000000111101100110110110100111111111011100
000000000000000000000000000000000000000000000000000000000000111100111001111100010011110011000001
000000000000000000000000000000000000000000000000000000000000001001000001001110001111110100010000
000000000000000000000000000000000000000000000000000000000000111010000010010000011100001111001010
000000000000000000000000000000000000000000000000000000000000110100100001111010010000010110111100
000000000000000000000000000000000000000000000000000000000000100100011001001001001101111010001000
000000000000000000000000000000000000000000000000000000000000001001101001110000011100011010110001
000000000000000000000000000000000000000000000000000000000000111000111000101001100010001000001111
000000000000000000000000000000000000000000000000000000000000000010111010010011110100011101000111
000000000000000000000000000000000000000000000000000000000000010101111110110100001110010010001101
000000000000000000000000000000000000000000000000000000000000100111010111100001110111011100111110
000000000000000000000000000000000000000000000000000000000000111110110011011001011111010101010111
000000000000000000000000000000000000000000000000000000000000011111110001010100101011000000110010
000000000000000000000000000000000000000000000000000000000000011110100011111010100100110011110001
000000000000000000000000000000000000000000000000000000000000011001110010100000110101000010001101
000000000000000000000000000000000000000000000000000000000000011101101011001110101111100011011000
000000000000000000000000000000000000000000000000000000000000111100100101011001111100101100011100
000000000000000000000000000000000000000000000000000000000000011101110100001110000010100011100110
000000000000000000000000000000000000000000000000000000000000011000111100011110110110100010101100
000000000000000000000000000000000000000000000000000000000000101111111011011101110110000111001100
000000000000000000000000000000000000000000000000000000000000001100111101100100101101111000000010
000000000000000000000000000000000000000000000000000000000000001001011011111011111100100010101000
000000000000000000000000000000000000000000000000000000000000001100010000110100001101011111100111
000000000000000000000000000000000000000000000000000000000000110100000110000101011010011000111111
000000000000000000000000000000000000000000000000000000000000110101111110111111001001101111101110
000000000000000000000000000000000000000000000000000000000000001010010011110001100101111010010000
000000000000000000000000000000000000000000000000000000000000100101110111010110110010011011100101
000000000000000000000000000000000000000000000000000000000000010010111101110111110100011011010110
000000000000000000000000000000000000000000000000000000000000110010001101001110100001010000100110
000000000000000000000000000000000000000000000000000000000000000111110111101110000011110100001010
000000000000000000000000000000000000000000000000000000000000101101110010101101011100101101111011
000000000000000000000000000000000000000000000000000000000000011001100011101111001001000100001100
000000000000000000000000000000000000000000000000000000000000110011111001010001011010001100010101
000000000000000000000000000000000000000000000000000000000000010101000101100010011111100111111000
000000000000000000000000000000000000000000000000000000000000110111011001110001111010111110011111
000000000000000000000000000000000000000000000000000000000000110110101110011001111100010010111111
000000000000000000000000000000000000000000000000000000000000111000000100110011101011100111011101
000000000000000000000000000000000000000000000000000000000000110111000101111000111101111000001101
000000000000000000000000000000000000000000000000000000000000101010001011100111110001010000011100
000000000000000000000000000000000000000000000000000000000000110100110110111110001001110010011010
000000000000000000000000000000000000000000000000000000000000100001101110111010010010101001011011
000000000000000000000000000000000000000000000000000000000000011100110111011011001011001110101000
000000000000000000000000000000000000000000000000000000000000111011010010010100111000101001101011
000000000000000000000000000000000000000000000000000000000000000010010101100000100000101101101111
000000000000000000000000000000000000000000000000000000000000001110101001100010001010010110100110
000000000000000000000000000000000000000000000000000000000000001011011001010011011010100001100000
000000000000000000000000000000000000000000000000000000000000101111111001101100100011110101010110
000000000000000000000000000000000000000000000000000000000000000000110111111100110011110011101100
000000000000000000000000000000000000000000000000000000000000100100011011110110100100001100101110
000000000000000000000000000000000000000000000000000000000000010101011101100001110100101100111010
000000000000000000000000000000000000000000000000000000000000111101011001101010000010000011100010
000000000000000000000000000000000000000000000000000000000000001100000010110101110001000001011110
000000000000000000000000000000000000000000000000000000000000011101100001111100011100110101001001
000000000000000000000000000000000000000000000000000000000000111110010101110111010010000100010001
000000000000000000000000000000000000000000000000000000000000101101111101101100110010111011001001
000000000000000000000000000000000000000000000000000000000000001000001001011001011001000101001110
000000000000000000000000000000000000000000000000000000000000110101111010100001110111001011010111
000000000000000000000000000000000000000000000000000000000000110001100111010001101011100001100110
000000000000000000000000000000000000000000000000000000000000100100101100101000011110101111100011
000000000000000000000000000000000000000000000000000000000000001000000101011101110100111010111010
000000000000000000000000000000000000000000000000000000000000011110010111111010010000000110100000
000000000000000000000000000000000000000000000000000000000000000011110000101000000011111011001111
000000000000000000000000000000000000000000000000000000000000100110010001011011101110110100001011
000000000000000000000000000000000000000000000000000000000000011111000111110100101111100100110000
000000000000000000000000000000000000000000000000000000000000100010010101100100100100000100001010
000000000000000000000000000000000000000000000000000000000000001011001000100100111010010101100011
000000000000000000000000000000000000000000000000000000000000101011011000010111101110010011011011
000000000000000000000000000000000000000000000000000000000000100110011001010010001110001100100100
000000000000000000000000000000000000000000000000000000000000110010001110110000100111000100110111
000000000000000000000000000000000000000000000000000000000000011110010110110001011101001101000100
000000000000000000000000000000000000000000000000000000000000010000001010000100110011111001110010
000000000000000000000000000000000000000000000000000000000000110010100010110011110010001111010101
000000000000000000000000000000000000000000000000000000000000110101100010100011010011101010101011
000000000000000000000000000000000000000000000000000000000000011111000011000000010110101000111000
000000000000000000000000000000000000000000000000000000000000101101101011011011100001000110110010
000000000000000000000000000000000000000000000000000000000000111111000010111001110001000101111110
000000000000000000000000000000000000000000000000000000000000001010111110001101110101110100110011
000000000000000000000000000000000000000000000000000000000000101000111011100010110110101100101001
000000000000000000000000000000000000000000000000000000000000100101001101011100111100000100111010
000000000000000000000000000000000000000000000000000000000000000100111000011000110100001001011011
000000000000000000000000000000000000000000000000000000000000101101000111101110011110110101101001
000000000000000000000000000000000000000000000000000000000000001110011111010001001011101100010111
000000000000000000000000000000000000000000000000000000000000011100000011110010101111110101111011
000000000000000000000000000000000000000000000000000000000000011111100010010110000100000001101101
000000000000000000000000000000000000000000000000000000000000010101101111001101100110010111011100
000000000000000000000000000000000000000000000000000000000000110100101000110010011110101011010001
000000000000000000000000000000000000000000000000000000000000101110010100111010100111010101011101
000000000000000000000000000000000000000000000000000000000000101001101101100101101101010001101001
000000000000000000000000000000000000000000000000000000000000111101110101011010111111001010101111
000000000000000000000000000000000000000000000000000000000000011011110100010110001011100011111000
000000000000000000000000000000000000000000000000000000000000110001101100110011000110100101011110
000000000000000000000000000000000000000000000000000000000000111000010111100110001111110111111000
000000000000000000000000000000000000000000000000000000000000100011100111110111011110001000011000
000000000000000000000000000000000000000000000000000000000000000000111010111000011001111111110001
000000000000000000000000000000000000000000000000000000000000100111110111100100111110011111101101
000000000000000000000000000000000000000000000000000000000000111001001010000111100110110011010101
000000000000000000000000000000000000000000000000000000000000011010110100011101111100010110110001
000000000000000000000000000000000000000000000000000000000000110111100111010001101011100010011000
000000000000000000000000000000000000000000000000000000000000000101110011000100110101000010010001
000000000000000000000000000000000000000000000000000000000000010110101011101101010111110000111011
000000000000000000000000000000000000000000000000000000000000011100111000111101100100011010000000
000000000000000000000000000000000000000000000000000000000000010101001101001111110110010110011000
000000000000000000000000000000000000000000000000000000000000110000101001001011001110110110011000
000000000000000000000000000000000000000000000000000000000000101000110000011111111110001101101011
000000000000000000000000000000000000000000000000000000000000011110000110111101110101010000110111
000000000000000000000000000000000000000000000000000000000000011110110000100100111001001001010111
000000000000000000000000000000000000000000000000000000000000111001011010010001110101000110100001
000000000000000000000000000000000000000000000000000000000000101111111001000110000110100010011001
000000000000000000000000000000000000000000000000000000000000110010101101111001101101110011100010
000000000000000000000000000000000000000000000000000000000000011110001111011101000010000011100110
000000000000000000000000000000000000000000000000000000000000011111011111110000101111001101110010
000000000000000000000000000000000000000000000000000000000000000001110101111000010011011010100101
000000000000000000000000000000000000000000000000000000000000111010111111011010011100000111100010
000000000000000000000000000000000000000000000000000000000000011101101000010111011110101001011110
000000000000000000000000000000000000000000000000000000000000010011011010111111011011111000011100
000000000000000000000000000000000000000000000000000000000000100011101000111000001000001110000010
000000000000000000000000000000000000000000000000000000000000111111010000111000100101101110111100
000000000000000000000000000000000000000000000000000000000000001111110111101011001110000010011110
000000000000000000000000000000000000000000000000000000000000110110110100100110111000110001101010
000000000000000000000000000000000000000000000000000000000000011101111100000101110101101111000101
000000000000000000000000000000000000000000000000000000000000101110110111110100000010000111111101
000000000000000000000000000000000000000000000000000000000000010011011010010110001011101101100110
000000000000000000000000000000000000000000000000000000000000101011110010000010011111100000111000
000000000000000000000000000000000000000000000000000000000000110000111100011100110101010010011111
000000000000000000000000000000000000000000000000000000000000001100110001011111101110111111110101
000000000000000000000000000000000000000000000000000000000000001011011010111101010010100101000010
000000000000000000000000000000000000000000000000000000000000110000001100010100001100001000101100
000000000000000000000000000000000000000000000000000000000000011010001111100010011010110001111011
000000000000000000000000000000000000000000000000000000000000101100101011011101110001101101111111
000000000000000000000000000000000000000000000000000000000000111011010101110111010100111000011001
000000000000000000000000000000000000000000000000000000000000101011000100100010111101011101101000
000000000000000000000000000000000000000000000000000000000000000010111001000010001111110100010100
000000000000000000000000000000000000000000000000000000000000101100010101110110010100001011111011
000000000000000000000000000000000000000000000000000000000000101001110001100011101010111010001100
000000000000000000000000000000000000000000000000000000000000100011100101110110111100001101100001
000000000000000000000000000000000000000000000000000000000000101111000001011010110111100010000111
000000000000000000000000000000000000000000000000000000000000110001110001111010001010110111011010
000000000000000000000000000000000000000000000000000000000000101001100011011101111011010000110111
000000000000000000000000000000000000000000000000000000000000001110011101100101011100000100011101
000000000000000000000000000000000000000000000000000000000000101101111110111011111001001100000001
000000000000000000000000000000000000000000000000000000000000110001100101000110010110001011000001
000000000000000000000000000000000000000000000000000000000000001001000011000011111011001101001111
000000000000000000000000000000000000000000000000000000000000100010110111101100000000110010000111
000000000000000000000000000000000000000000000000000000000000011001001001010001001000101111100110
000000000000000000000000000000000000000000000000000000000000001011111110101100001110010111111101
000000000000000000000000000000000000000000000000000000000000111010000110010100110100001011011000
000000000000000000000000000000000000000000000000000000000000110001000000011000011101111011100111
000000000000000000000000000000000000000000000000000000000000011000010011111111000000001101010011
000000000000000000000000000000000000000000000000000000000000111100000100110100000011011001001010
000000000000000000000000000000000000000000000000000000000000101111110111010000010011100000011010
000000000000000000000000000000000000000000000000000000000000111001010101010100000000001010001010
000000000000000000000000000000000000000000000000000000000000100010110001110000010000000001111101
000000000000000000000000000000000000000000000000000000000000101100110110011000100111101100101100
000000000000000000000000000000000000000000000000000000000000110111001100100101000101100000111001
000000000000000000000000000000000000000000000000000000000000110010100011100011111100001001101000
000000000000000000000000000000000000000000000000000000000000001100100101110000111101110101101110
000000000000000000000000000000000000000000000000000000000000101111100101110101101111011000011000
000000000000000000000000000000000000000000000000000000000000100100001010010011001000000001010100
000000000000000000000000000000000000000000000000000000000000000011001000011001001111111000111000
000000000000000000000000000000000000000000000000000000000000011100001111001101110110010110111010
000000000000000000000000000000000000000000000000000000000000010110101111101100100101101010110100
000000000000000000000000000000000000000000000000000000000000100100100000000001010110001100110010
000000000000000000000000000000000000000000000000000000000000110110101001010110000010100010000101
000000000000000000000000000000000000000000000000000000000000011110101011110010101111101110110011
000000000000000000000000000000000000000000000000000000000000000000001000011010000100100001111010
000000000000000000000000000000000000000000000000000000000000100001011110111100110111110010110010
000000000000000000000000000000000000000000000000000000000000111110001111000011010010111000101011
000000000000000000000000000000000000000000000000000000000000011011101010111010000111001011110111
000000000000000000000000000000000000000000000000000000000000100111111111111001101110111111101101
000000000000000000000000000000000000000000000000000000000000011100100011001010100001100110100000
000000000000000000000000000000000000000000000000000000000000111011011001111111100011101000010001
000000000000000000000000000000000000000000000000000000000000111111001001100101111011000000001100
000000000000000000000000000000000000000000000000000000000000111000111010111111000001110110100011
000000000000000000000000000000000000000000000000000000000000110110000011010100111001101000101010
000000000000000000000000000000000000000000000000000000000000101101011101001001100100100111110001
000000000000000000000000000000000000000000000000000000000000110110010110000101101111111101101011
000000000000000000000000000000000000000000000000000000000000110100000000001010111101110111010110
000000000000000000000000000000000000000000000000000000000000100110011000111011100000001001001000
000000000000000000000000000000000000000000000000000000000000101100001010010111110110001110111110
000000000000000000000000000000000000000000000000000000000000010100100011110101000110001111110111
000000000000000000000000000000000000000000000000000000000000001011001111001100010010110101001111
000000000000000000000000000000000000000000000000000000000000001110011111001010010110001111001111
000000000000000000000000000000000000000000000000000000000000110110110110010100001100001110111011
000000000000000000000000000000000000000000000000000000000000110001100110110111111101001100101011
000000000000000000000000000000000000000000000000000000000000100110111010000010011111011010100000
000000000000000000000000000000000000000000000000000000000000001000101001011010111101101101011000
000000000000000000000000000000000000000000000000000000000000110010100010101010010100011101011000
000000000000000000000000000000000000000000000000000000000000011111010111011001001110011011010111
000000000000000000000000000000000000000000000000000000000000101100101011010010001001011110111010
000000000000000000000000000000000000000000000000000000000000001010011110011001001110000011100100
000000000000000000000000000000000000000000000000000000000000000110110000111111101000110101100010
000000000000000000000000000000000000000000000000000000000000001101010101110110011111000000101100
000000000000000000000000000000000000000000000000000000000000000100111000000101011011111110110100
000000000000000000000000000000000000000000000000000000000000010100010110111101110111000100111100
000000000000000000000000000000000000000000000000000000000000010110010010011101001000110110011011
000000000000000000000000000000000000000000000000000000000000010110000010001010001100100010000011
000000000000000000000000000000000000000000000000000000000000010110101010101011101011100001011101
000000000000000000000000000000000000000000000000000000000000101010010110100111011110000001100010
000000000000000000000000000000000000000000000000000000000000000110010111000000110100000000000111
000000000000000000000000000000000000000000000000000000000000101010010010111101100010000100111000
000000000000000000000000000000000000000000000000000000000000100101010101111000011011000101010101
000000000000000000000000000000000000000000000000000000000000100000100001110011111101010001110001
000000000000000000000000000000000000000000000000000000000000110000100100000111011010000111000011
000000000000000000000000000000000000000000000000000000000000111011001010111000101010110000000111
000000000000000000000000000000000000000000000000000000000000110101011001110111110001110100100111
000000000000000000000000000000000000000000000000000000000000010100011111101010100010010000111100
000000000000000000000000000000000000000000000000000000000000111011001101110000100111111000110001
000000000000000000000000000000000000000000000000000000000000000111101000010100101000101011011010
000000000000000000000000000000000000000000000000000000000000000001111011100001011001111010101011
000000000000000000000000000000000000000000000000000000000000001000011001000111110000100100000011
000000000000000000000000000000000000000000000000000000000000011110110101010100011011100000001101
000000000000000000000000000000000000000000000000000000000000101010000100000100110111000000100001
000000000000000000000000000000000000000000000000000000000000111101011010101010110110010100110110
000000000000000000000000000000000000000000000000000000000000011010101000000010011001110110111110
000000000000000000000000000000000000000000000000000000000000010111000001100011000011010001101101
000000000000000000000000000000000000000000000000000000000000011100000000011011111110000001001010
000000000000000000000000000000000000000000000000000000000000010011010010010100100111111101001000
000000000000000000000000000000000000000000000000000000000000100000010110010001001110101110011000
000000000000000000000000000000000000000000000000000000000000111011111010101111010000010010001101
000000000000000000000000000000000000000000000000000000000000100101100111110011001110000011010001
000000000000000000000000000000000000000000000000000000000000001001001010011100100100100111111001
000000000000000000000000000000000000000000000000000000000000111100110011010111011010011001001101
000000000000000000000000000000000000000000000000000000000000011100101100001111110101011001100011
000000000000000000000000000000000000000000000000000000000000111011100111011000110011111110011011
000000000000000000000000000000000000000000000000000000000000101100101010001101100010110000101011
000000000000000000000000000000000000000000000000000000000000110000101101000111111001110011000100
000000000000000000000000000000000000000000000000000000000000111010101100010101000010111011111010
000000000000000000000000000000000000000000000000000000000000101001110110111101110011001101110110
000000000000000000000000000000000000000000000000000000000000100101111100111101100000100100110010
000000000000000000000000000000000000000000000000000000000000000010110101001110010110000010111010
000000000000000000000000000000000000000000000000000000000000111001101101111100010110110001100111
000000000000000000000000000000000000000000000000000000000000000100011010000100001100110100001000
000000000000000000000000000000000000000000000000000000000000011011000011011010101011111011100001
000000000000000000000000000000000000000000000000000000000000101111011010011010110011100011010010
000000000000000000000000000000000000000000000000000000000000000011101000100001110100101111010110
000000000000000000000000000000000000000000000000000000000000011101111100110001101101111111001111
000000000000000000000000000000000000000000000000000000000000100111111010100101111011000000110011
000000000000000000000000000000000000000000000000000000000000001111111010101100101110001001010110
000000000000000000000000000000000000000000000000000000000000010011101111101101110001100000001000
000000000000000000000000000000000000000000000000000000000000111100111001001001000000010001100110
000000000000000000000000000000000000000000000000000000000000000010000010100000000001100000001000
000000000000000000000000000000000000000000000000000000000000110100110110111001110000100010110001
000000000000000000000000000000000000000000000000000000000000110000110001011010010011111111010100
000000000000000000000000000000000000000000000000000000000000101110001110111100010111000001100011
000000000000000000000000000000000000000000000000000000000000100100001110011001011111100001111100
000000000000000000000000000000000000000000000000000000000000111011100100010011011001111011000100
000000000000000000000000000000000000000000000000000000000000111101001011111010000100001011000100
000000000000000000000000000000000000000000000000000000000000101010010100110011001110110010100100
000000000000000000000000000000000000000000000000000000000000000001000100000101001111110001111100
000000000000000000000000000000000000000000000000000000000000010001010010011100110010101100000000
000000000000000000000000000000000000000000000000000000000000111011111100111010000101100000000000
000000000000000000000000000000000000000000000000000000000000001001101100111100100000000000011000
000000000000000000000000000000000000000000000000000000000000100111011100001011011001000111001001
000000000000000000000000000000000000000000000000000000000000111100001110111000011100001111111101
000000000000000000000000000000000000000000000000000000000000000111010101010100000001011001111001
000000000000000000000000000000000000000000000000000000000000001110100000000000010101001111011111
000000000000000000000000000000000000000000000000000000000000001111101100110010010010111001011100
000000000000000000000000000000000000000000000000000000000000101011111101111100100001110010000010
000000000000000000000000000000000000000000000000000000000000100100111111010001000000100100000011
000000000000000000000000000000000000000000000000000000000000011111010101010111101101011000111011
000000000000000000000000000000000000000000000000000000000000101111001011100011010001011000010100
000000000000000000000000000000000000000000000000000000000000100010001100010110101101101010100110
000000000000000000000000000000000000000000000000000000000000000010101001110110111111000000101001
000000000000000000000000000000000000000000000000000000000000001010101101110011010010101101000001
000000000000000000000000000000000000000000000000000000000000001011110001000011000011101010001101
000000000000000000000000000000000000000000000000000000000000111011010000100111100101001100011100
000000000000000000000000000000000000000000000000000000000000011001010100110000101001111110011011
000000000000000000000000000000000000000000000000000000000000011101100100111101001101010001011011
000000000000000000000000000000000000000000000000000000000000011111100011011111011100100001010010
000000000000000000000000000000000000000000000000000000000000100101001100101110100101010110001000
000000000000000000000000000000000000000000000000000000000000110001101001110010001101010111100001
000000000000000000000000000000000000000000000000000000000000011000110010010100000101011000010110
000000000000000000000000000000000000000000000000000000000000110101111010100110011011101010100001
000000000000000000000000000000000000000000000000000000000000101000110000011001111101111110011111
000000000000000000000000000000000000000000000000000000000000100010100101011000111011111000000100
000000000000000000000000000000000000000000000000000000000000101010111111000100001110101100001100
000000000000000000000000000000000000000000000000000000000000101100110011000111110100110011110111
000000000000000000000000000000000000000000000000000000000000010011101110000111010001000010111100
000000000000000000000000000000000000000000000000000000000000010110101001010110010111111111010000
000000000000000000000000000000000000000000000000000000000000001110010010101010010010110101001000
000000000000000000000000000000000000000000000000000000000000011001000111100010010110010100101101
000000000000000000000000000000000000000000000000000000000000001100101110010110111100111111011100
000000000000000000000000000000000000000000000000000000000000111010110111011010100000111110110111
000000000000000000000000000000000000000000000000000000000000000101100100011101000011011110111000
000000000000000000000000000000000000000000000000000000000000111001011001011000000010011001100101
000000000000000000000000000000000000000000000000000000000000101111000100000000010001010010010110
000000000000000000000000000000000000000000000000000000000000101110101111000001111011111010011100
000000000000000000000000000000000000000000000000000000000000000000001101100001001011110000111110
000000000000000000000000000000000000000000000000000000000000011010011011011101001000011110101010
000000000000000000000000000000000000000000000000000000000000001111011010110000000100000000101011
000000000000000000000000000000000000000000000000000000000000010111010101111011010011001001111111
000000000000000000000000000000000000000000000000000000000000111101110110010000110010001101010011
000000000000000000000000000000000000000000000000000000000000111111001001100101001001001001100100
000000000000000000000000000000000000000000000000000000000000001101101011101110110100101110100110
000000000000000000000000000000000000000000000000000000000000111001010000011001001100101111101000
000000000000000000000000000000000000000000000000000000000000110010101101001000011011001011100011
000000000000000000000000000000000000000000000000000000000000010010011000111001101001100100111010
000000000000000000000000000000000000000000000000000000000000110001111101111001101000011001101110
000000000000000000000000000000000000000000000000000000000000111000011010001100100110001110110000
000000000000000000000000000000000000000000000000000000000000000010111110001100111001100010011000
000000000000000000000000000000000000000000000000000000000000110011101000100111111110001101001011
000000000000000000000000000000000000000000000000000000000000000010101110001101010111101111011010
000000000000000000000000000000000000000000000000000000000000001001111010110111110100001111101011
000000000000000000000000000000000000000000000000000000000000011100111111001011110010001001101000
000000000000000000000000000000000000000000000000000000000000110110100000010011111111010100000110
000000000000000000000000000000000000000000000000000000000000000011011111010000000010111111110100
000000000000000000000000000000000000000000000000000000000000000100001011011110100011110010011100
000000000000000000000000000000000000000000000000000000000000001011111000001000001110101111000011
000000000000000000000000000000000000000000000000000000000000101100111000010001011101011001011101
000000000000000000000000000000000000000000000000000000000000010000111100000110101011111100110100
000000000000000000000000000000000000000000000000000000000000010001000111110011100110001110110010
000000000000000000000000000000000000000000000000000000000000110011110001101010010010000100001000
000000000000000000000000000000000000000000000000000000000000001000000101010001001110100001100010
000000000000000000000000000000000000000000000000000000000000100100111100110100100001001001100110
000000000000000000000000000000000000000000000000000000000000110000011011010011100111101000001001
000000000000000000000000000000000000000000000000000000000000111100000100010000101101100011110100
000000000000000000000000000000000000000000000000000000000000011110001001010010000001010010100110
000000000000000000000000000000000000000000000000000000000000010110100000101101000011010110000001
000000000000000000000000000000000000000000000000000000000000011011110001100111111100101101100100
000000000000000000000000000000000000000000000000000000000000010010001011110111110110101101111111
000000000000000000000000000000000000000000000000000000000000000101101101000101010100100000110111
000000000000000000000000000000000000000000000000000000000000100011111101100111000111010111101011
000000000000000000000000000000000000000000000000000000000000100010000101000110001100000100111011
000000000000000000000000000000000000000000000000000000000000101011110001000110101011100111110011
000000000000000000000000000000000000000000000000000000000000001101010101110101000100100001000110
000000000000000000000000000000000000000000000000000000000000001000100011000100001001110000011110
000000000000000000000000000000000000000000000000000000000000101011110101111110101011111011000101
000000000000000000000000000000000000000000000000000000000000010111111010001110011101111000001001
000000000000000000000000000000000000000000000000000000000000100011100110000000000100011000101100
000000000000000000000000000000000000000000000000000000000000001000101010011001001100100001111001
000000000000000000000000000000000000000000000000000000000000011100011100001111100000111000110001
000000000000000000000000000000000000000000000000000000000000100111111000110111000111000000010010
000000000000000000000000000000000000000000000000000000000000011010111111110110110010010010011011
000000000000000000000000000000000000000000000000000000000000111110110111111000011010010100101110
000000000000000000000000000000000000000000000000000000000000011000110001110001000111111110101000
000000000000000000000000000000000000000000000000000000000000000001000011111000001000100011011101
000000000000000000000000000000000000000000000000000000000000100000000110001000001110110010001011
000000000000000000000000000000000000000000000000000000000000111110110101011111101100011101111000
000000000000000000000000000000000000000000000000000000000000100000000111111000010110010101101010
000000000000000000000000000000000000000000000000000000000000111001111110110110111111011001000011
000000000000000000000000000000000000000000000000000000000000110101001110100011100010001011111000
000000000000000000000000000000000000000000000000000000000000110011001000001111001100110101101100
000000000000000000000000000000000000000000000000000000000000100110010111100000111010101100001001
000000000000000000000000000000000000000000000000000000000000110100101001001001000100111000001100
000000000000000000000000000000000000000000000000000000000000111000001111110100111000010100100111
000000000000000000000000000000000000000000000000000000000000000101001101011110111011011110100111
000000000000000000000000000000000000000000000000000000000000101010010010111101010010000011110101
000000000000000000000000000000000000000000000000000000000000000011011000110111001101000101110111
000000000000000000000000000000000000000000000000000000000000011010000110010000111001010111000101
000000000000000000000000000000000000000000000000000000000000010000100111100101000000011001100001
000000000000000000000000000000000000000000000000000000000000011100010010110000010011110100101110
000000000000000000000000000000000000000000000000000000000000001111010111111000100010101011011110
000000000000000000000000000000000000000000000000000000000000101110010010111110111100111011000001
000000000000000000000000000000000000000000000000000000000000101001100001000110111000111101111111
000000000000000000000000000000000000000000000000000000000000110111011101110111101000000000000111
000000000000000000000000000000000000000000000000000000000000101001101001100010111000011001010110
000000000000000000000000000000000000000000000000000000000000110101000001100101100101001100101001
000000000000000000000000000000000000000000000000000000000000000110110000001101010001110001010110
000000000000000000000000000000000000000000000000000000000000111000101000011010100101110011001000
000000000000000000000000000000000000000000000000000000000000000110101101110101000010100001111110
000000000000000000000000000000000000000000000000000000000000000100001101000101001100001000011001
000000000000000000000000000000000000000000000000000000000000010101010000100011010001100110000101
000000000000000000000000000000000000000000000000000000000000101011001010011111001000010001101111
000000000000000000000000000000000000000000000000000000000000000000001000010000101001000111011001
000000000000000000000000000000000000000000000000000000000000101011011111010011100011010101010001
000000000000000000000000000000000000000000000000000000000000011010101111011011010110000101000100
000000000000000000000000000000000000000000000000000000000000001010010101011010111000111101010001
000000000000000000000000000000000000000000000000000000000000101101001001010001111100100100010010
000000000000000000000000000000000000000000000000000000000000110101001101100100001011101011000110
000000000000000000000000000000000000000000000000000000000000101011100000100001111000000111000101
000000000000000000000000000000000000000000000000000000000000100011110101100001100100111000111110
000000000000000000000000000000000000000000000000000000000000101111010001001010100000011000111100
000000000000000000000000000000000000000000000000000000000000111101011111101001000001100010110001
000000000000000000000000000000000000000000000000000000000000110010010100000001100101101010000001
000000000000000000000000000000000000000000000000000000000000001010101100010111010010000000110001
000000000000000000000000000000000000000000000000000000000000111001010111100100011011101101101110
000000000000000000000000000000000000000000000000000000000000010111001001100010000101110001011010
000000000000000000000000000000000000000000000000000000000000000010000100101010000111000011111101
000000000000000000000000000000000000000000000000000000000000111001011000000100110001011000110110
000000000000000000000000000000000000000000000000000000000000000100111001010011010110100011101010
000000000000000000000000000000000000000000000000000000000000110110011110001011100011100110101101
000000000000000000000000000000000000000000000000000000000000001001110101010000001111110100110011
000000000000000000000000000000000000000000000000000000000000010010010101011000000001010000001011
000000000000000000000000000000000000000000000000000000000000111111110111111001010000010010110111
000000000000000000000000000000000000000000000000000000000000100011111011100011010100010000011001
000000000000000000000000000000000000000000000000000000000000001001101001101100001001001110000011
000000000000000000000000000000000000000000000000000000000000011110111010011011111100001001000111
000000000000000000000000000000000000000000000000000000000000000100010100111011100000100010111100
000000000000000000000000000000000000000000000000000000000000111101001010110001010001111101011111
000000000000000000000000000000000000000000000000000000000000000111011001110110011111110000010010
000000000000000000000000000000000000000000000000000000000000011101110110011001111100110110111100
000000000000000000000000000000000000000000000000000000000000010010001000100110101100010000000000
000000000000000000000000000000000000000000000000000000000000100110011010010010001011000011010110
000000000000000000000000000000000000000000000000000000000000010111011111111011011000110101011101
000000000000000000000000000000000000000000000000000000000000100000110101111110000001001001111010
000000000000000000000000000000000000000000000000000000000000101011100111000001010110000001110110
000000000000000000000000000000000000000000000000000000000000001001011110111001100100111101000110
000000000000000000000000000000000000000000000000000000000000001011100001000000010101100101001111
000000000000000000000000000000000000000000000000000000000000010010101100101100010010110101111011
000000000000000000000000000000000000000000000000000000000000011011110001100110110010001110101111
000000000000000000000000000000000000000000000000000000000000101100010100001101111101000000101011
000000000000000000000000000000000000000000000000000000000000001001100111001111000111011111011110
000000000000000000000000000000000000000000000000000000000000100111100011011001000100011101100111
000000000000000000000000000000000000000000000000000000000000100100111100011111001110111101001001
000000000000000000000000000000000000000000000000000000000000001000010110010001100010000011111101
000000000000000000000000000000000000000000000000000000000000111000010010110001111010010101111101
000000000000000000000000000000000000000000000000000000000000110000000011100101001000101001110110
000000000000000000000000000000000000000000000000000000000000101111010011001100100100000001100001
000000000000000000000000000000000000000000000000000000000000011001111100001100100111011001010011
000000000000000000000000000000000000000000000000000000000000001011010110110010101000110011011100
000000000000000000000000000000000000000000000000000000000000001111010101001110011001001010111001
000000000000000000000000000000000000000000000000000000000000110001010110011010100010110110110001
000000000000000000000000000000000000000000000000000000000000110000011011111111111010110110011011
000000000000000000000000000000000000000000000000000000000000010000011000111110100011110010111110
000000000000000000000000000000000000000000000000000000000000000110110001111001101000110111111010
000000000000000000000000000000000000000000000000000000000000100101010110001001100011110100010011
000000000000000000000000000000000000000000000000000000000000000001010100111000001110011110110010
000000000000000000000000000000000000000000000000000000000000101001000111011001010011010101000011
000000000000000000000000000000000000000000000000000000000000111000001100101101001010100111100010
000000000000000000000000000000000000000000000000000000000000100000001111011100001001101010100000
