000000000000000000000000000000000000000000000000000000000000011001110101001010000100100110100111
000000000000000000000000000000000000000000000000000000000000110110000101100010011100111000010111
000000000000000000000000000000000000000000000000000000000000000110111000100010111111011100110000
000000000000000000000000000000000000000000000000000000000000100101001111111001010010100001011101
000000000000000000000000000000000000000000000000000000000000010001100101110010101000111001111100
000000000000000000000000000000000000000000000000000000000000000010111101110010000000000000000110
000000000000000000000000000000000000000000000000000000000000110011110000100001101001001100111100
000000000000000000000000000000000000000000000000000000000000000011000110011101101011100000101010
000000000000000000000000000000000000000000000000000000000000001001011010101101110111011010100010
000000000000000000000000000000000000000000000000000000000000111101000100100110111110010010101111
000000000000000000000000000000000000000000000000000000000000110101011101011010110101110010001001
000000000000000000000000000000000000000000000000000000000000101000100100111100101100011110110011
000000000000000000000000000000000000000000000000000000000000000011111010100111011100111111010011
000000000000000000000000000000000000000000000000000000000000111110100100111110000101111011111101
000000000000000000000000000000000000000000000000000000000000011110100000100010110000110011011010
000000000000000000000000000000000000000000000000000000000000111000111000111000001101110011001101
000000000000000000000000000000000000000000000000000000000000000101111000001000101110101010111110
000000000000000000000000000000000000000000000000000000000000010111101001000100101100000111000110
000000000000000000000000000000000000000000000000000000000000010100110111101100000001011111011010
000000000000000000000000000000000000000000000000000000000000001000000100111111101101101011010111
000000000000000000000000000000000000000000000000000000000000010010000100101100110100100111100100
000000000000000000000000000000000000000000000000000000000000110110000011111110010000111001011101
000000000000000000000000000000000000000000000000000000000000110101110100001000001110010100111001
000000000000000000000000000000000000000000000000000000000000110001101111101110111100000011011001
000000000000000000000000000000000000000000000000000000000000010100011000101011000000111011011100
000000000000000000000000000000000000000000000000000000000000111101000111011100010101010100000110
000000000000000000000000000000000000000000000000000000000000110001100011000110000110011000111101
000000000000000000000000000000000000000000000000000000000000011110110101000100001100011011000100
000000000000000000000000000000000000000000000000000000000000000111111100011110111100110001101011
000000000000000000000000000000000000000000000000000000000000100010101111100111101111011101010001
000000000000000000000000000000000000000000000000000000000000101101011101011101110110110011111110
000000000000000000000000000000000000000000000000000000000000111000111110111001110100001010110100
000000000000000000000000000000000000000000000000000000000000010101111000000010110100110111011110
000000000000000000000000000000000000000000000000000000000000111001001100101100101001100111110101
000000000000000000000000000000000000000000000000000000000000100100010110111010011001110101000100
000000000000000000000000000000000000000000000000000000000000001001100110100011001001010010100101
000000000000000000000000000000000000000000000000000000000000110001111010001011111001110000100101
000000000000000000000000000000000000000000000000000000000000000111100111001000101000101010001011
000000000000000000000000000000000000000000000000000000000000000011001010010111110111101100001001
000000000000000000000000000000000000000000000000000000000000000001010011011010111010111010010110
000000000000000000000000000000000000000000000000000000000000010011111011011010001011101000101111
000000000000000000000000000000000000000000000000000000000000101101010110100000011010101111101010
000000000000000000000000000000000000000000000000000000000000100100110010101011000110000000111010
000000000000000000000000000000000000000000000000000000000000001010011111011111001110110110010010
000000000000000000000000000000000000000000000000000000000000111101001100100101111000100000000010
000000000000000000000000000000000000000000000000000000000000011001010100100010000111000101110010
000000000000000000000000000000000000000000000000000000000000010110111101101110111000001010001000
000000000000000000000000000000000000000000000000000000000000010100111111000000101000010001100010
000000000000000000000000000000000000000000000000000000000000101000010000010101011110111011111110
000000000000000000000000000000000000000000000000000000000000010100100100111101011100001110111001
000000000000000000000000000000000000000000000000000000000000111000001101011100100000011111000110
000000000000000000000000000000000000000000000000000000000000000100110011001111100110010000000001
000000000000000000000000000000000000000000000000000000000000110101101101110101101001000000100110
000000000000000000000000000000000000000000000000000000000000100000101000110000001001110000110110
000000000000000000000000000000000000000000000000000000000000110001111010100110010001101000101100
000000000000000000000000000000000000000000000000000000000000100000010101101110011011001110111101
000000000000000000000000000000000000000000000000000000000000000001101111010011001101000101010100
000000000000000000000000000000000000000000000000000000000000111010100010110010001100110001101000
000000000000000000000000000000000000000000000000000000000000001001001100100011011110011111010001
000000000000000000000000000000000000000000000000000000000000100110111001111001001010110011100001
000000000000000000000000000000000000000000000000000000000000011011101100111110011000010110110011
000000000000000000000000000000000000000000000000000000000000000101111111010011110111111110011101
000000000000000000000000000000000000000000000000000000000000000100100110011100110011001000110110
000000000000000000000000000000000000000000000000000000000000100011011101101110000101110111000111
000000000000000000000000000000000000000000000000000000000000101010001111000010111111111110011001
000000000000000000000000000000000000000000000000000000000000011101110101110100111111110000000010
000000000000000000000000000000000000000000000000000000000000001000010001001000011100110101011101
000000000000000000000000000000000000000000000000000000000000011110101010011010011101101000110100
000000000000000000000000000000000000000000000000000000000000011110001000011001100011010011001011
000000000000000000000000000000000000000000000000000000000000111111100001011000011000100001011110
000000000000000000000000000000000000000000000000000000000000001010101001000000101111101101010101
000000000000000000000000000000000000000000000000000000000000001000100111011101010111011100011001
000000000000000000000000000000000000000000000000000000000000101011000111000001110101000110011000
000000000000000000000000000000000000000000000000000000000000011101011100100101010000001111011011
000000000000000000000000000000000000000000000000000000000000001101001100110111111011011001110011
000000000000000000000000000000000000000000000000000000000000100001001011011011101111101101100111
000000000000000000000000000000000000000000000000000000000000010011010000001101011000111010100101
000000000000000000000000000000000000000000000000000000000000101010011010101111100111011001100111
000000000000000000000000000000000000000000000000000000000000001001000011101110100010110011001110
000000000000000000000000000000000000000000000000000000000000000001111110011011011011111001011010
000000000000000000000000000000000000000000000000000000000000001111010010011101101101010100111010
000000000000000000000000000000000000000000000000000000000000010101110011000100010111111101111110
000000000000000000000000000000000000000000000000000000000000110111101001111001101111010010000000
000000000000000000000000000000000000000000000000000000000000000111010011101001111110011100110010
000000000000000000000000000000000000000000000000000000000000010111110000000000100001110100001100
000000000000000000000000000000000000000000000000000000000000010111011100001100011111010101100000
000000000000000000000000000000000000000000000000000000000000011110110011000000110010011100001001
000000000000000000000000000000000000000000000000000000000000011111110110100101010111111101111010
000000000000000000000000000000000000000000000000000000000000111110111111100010011001101110100111
000000000000000000000000000000000000000000000000000000000000001110000101010111010110111100011111
000000000000000000000000000000000000000000000000000000000000111100110001010011101010101010001100
000000000000000000000000000000000000000000000000000000000000001010001101011010100101100010100011
000000000000000000000000000000000000000000000000000000000000000100011010111101000010001000000001
000000000000000000000000000000000000000000000000000000000000101100001010001001001101011101010001
000000000000000000000000000000000000000000000000000000000000111101001110001011000100001001101000
000000000000000000000000000000000000000000000000000000000000001110101100100110010101100111001001
000000000000000000000000000000000000000000000000000000000000010101110100000000111100011111100100
000000000000000000000000000000000000000000000000000000000000001001111110101110110111101100100111
000000000000000000000000000000000000000000000000000000000000001000111101111111010000110111011000
000000000000000000000000000000000000000000000000000000000000001100010010010000001101000011110111
000000000000000000000000000000000000000000000000000000000000011010001011010000110110110100001010
000000000000000000000000000000000000000000000000000000000000001100101001010011011010111011110111
000000000000000000000000000000000000000000000000000000000000111000100110001001100011110111010111
000000000000000000000000000000000000000000000000000000000000011111000000100001010000010101101001
000000000000000000000000000000000000000000000000000000000000110110100101100110011011000000110011
000000000000000000000000000000000000000000000000000000000000110000100111100000010011111000011101
000000000000000000000000000000000000000000000000000000000000110001110110010111011100001010011101
000000000000000000000000000000000000000000000000000000000000100101010100010011010011111111000100
000000000000000000000000000000000000000000000000000000000000000010101011100010001111100101101100
000000000000000000000000000000000000000000000000000000000000110100011110110110010010000100000011
000000000000000000000000000000000000000000000000000000000000101000111110110100001100000110101011
000000000000000000000000000000000000000000000000000000000000011101011001010100010011110010011100
000000000000000000000000000000000000000000000000000000000000100000010100101111101011010001111101
000000000000000000000000000000000000000000000000000000000000000011000100010011000011100001101101
000000000000000000000000000000000000000000000000000000000000100100010011101110001110100000100001
000000000000000000000000000000000000000000000000000000000000101111101000101100110110001100110110
000000000000000000000000000000000000000000000000000000000000100101001011000000001101101100011010
000000000000000000000000000000000000000000000000000000000000100111011110010000111000001111000011
000000000000000000000000000000000000000000000000000000000000100111000110010010101010010000101110
000000000000000000000000000000000000000000000000000000000000101010010011110100011010100000010010
000000000000000000000000000000000000000000000000000000000000101011101110111110011010011011101000
000000000000000000000000000000000000000000000000000000000000010001011111000100010001011100011011
000000000000000000000000000000000000000000000000000000000000111000101010111011001100100000100101
000000000000000000000000000000000000000000000000000000000000101001010110000010110110011101000100
000000000000000000000000000000000000000000000000000000000000101010100101010111110011111010000110
000000000000000000000000000000000000000000000000000000000000100111100100011001001000101001101111
000000000000000000000000000000000000000000000000000000000000110010110010001010001000011001100011
000000000000000000000000000000000000000000000000000000000000001101100011100011110111000101111111
000000000000000000000000000000000000000000000000000000000000101100110101000010111010100000001100
000000000000000000000000000000000000000000000000000000000000110011000110110010010110000010101000
000000000000000000000000000000000000000000000000000000000000010100100001010110010010000001010100
000000000000000000000000000000000000000000000000000000000000000001011010000001101101111100011110
000000000000000000000000000000000000000000000000000000000000011110111100100100000100101100010111
000000000000000000000000000000000000000000000000000000000000001100101001110000100000001101100001
000000000000000000000000000000000000000000000000000000000000101100000110010011100011001100101111
000000000000000000000000000000000000000000000000000000000000010111000001000101011000011110111111
000000000000000000000000000000000000000000000000000000000000000010101101111010010000101101010011
000000000000000000000000000000000000000000000000000000000000110111101110010000100011010000010100
000000000000000000000000000000000000000000000000000000000000110000000110111110000001001000101000
000000000000000000000000000000000000000000000000000000000000001001011110001000111110001110000101
000000000000000000000000000000000000000000000000000000000000010110101101110110000100001010101010
000000000000000000000000000000000000000000000000000000000000010111001001000001011111101111111101
000000000000000000000000000000000000000000000000000000000000011010010000100011111010100101010110
000000000000000000000000000000000000000000000000000000000000101111101011101101100111111010000110
000000000000000000000000000000000000000000000000000000000000010110111011010111110000011111110110
000000000000000000000000000000000000000000000000000000000000111001100111011010001000101011001001
000000000000000000000000000000000000000000000000000000000000011101001100111101000111101001100111
000000000000000000000000000000000000000000000000000000000000001011111000110010100011001110001101
000000000000000000000000000000000000000000000000000000000000101110000001110001001010100100111101
000000000000000000000000000000000000000000000000000000000000110111000000011111010111011011000000
000000000000000000000000000000000000000000000000000000000000001001001001100111010010011101010011
000000000000000000000000000000000000000000000000000000000000001010001111101001000110100001010110
000000000000000000000000000000000000000000000000000000000000101001100001010011010001000100011110
000000000000000000000000000000000000000000000000000000000000001000010110010011101000001111001110
000000000000000000000000000000000000000000000000000000000000101010010101001000100100010001000011
000000000000000000000000000000000000000000000000000000000000010011101111001010101111110101000110
000000000000000000000000000000000000000000000000000000000000100111001010001001110101001111000111
000000000000000000000000000000000000000000000000000000000000010000101010100110100001010011010101
000000000000000000000000000000000000000000000000000000000000011101110100110000101000010101010101
000000000000000000000000000000000000000000000000000000000000111001001001101000100111100110011011
000000000000000000000000000000000000000000000000000000000000011011100101111110110100100101001010
000000000000000000000000000000000000000000000000000000000000110011111101101011101111111110001100
000000000000000000000000000000000000000000000000000000000000000011110010101111100010100010010001
000000000000000000000000000000000000000000000000000000000000110111001010000011100111000011001000
000000000000000000000000000000000000000000000000000000000000100111101011011010100101001001111100
000000000000000000000000000000000000000000000000000000000000100011100001001101010010111101010000
000000000000000000000000000000000000000000000000000000000000001000010010110010111000110110111110
000000000000000000000000000000000000000000000000000000000000110011111101111011100010100001111010
000000000000000000000000000000000000000000000000000000000000001001010001000001001000111011010101
000000000000000000000000000000000000000000000000000000000000101100001010011010101011010111010010
000000000000000000000000000000000000000000000000000000000000000000110001100110110010110011101000
000000000000000000000000000000000000000000000000000000000000010001001111110000010011110110000110
000000000000000000000000000000000000000000000000000000000000100010111110111000100100011101101000
000000000000000000000000000000000000000000000000000000000000000001100001010011010011001100010100
000000000000000000000000000000000000000000000000000000000000000001111110001000010010111011011110
000000000000000000000000000000000000000000000000000000000000111100101010101111101110101100010010
000000000000000000000000000000000000000000000000000000000000000110000001000000101101101010100100
000000000000000000000000000000000000000000000000000000000000010001000101011101111111101011000000
000000000000000000000000000000000000000000000000000000000000111011000000011011000010010000010001
000000000000000000000000000000000000000000000000000000000000101100010101001001101000001000110100
000000000000000000000000000000000000000000000000000000000000001111101011100000111100011010000101
000000000000000000000000000000000000000000000000000000000000001000001011000000000110100000110100
000000000000000000000000000000000000000000000000000000000000111001100000101111101111000111110110
000000000000000000000000000000000000000000000000000000000000001011100111000111000010111101001010
000000000000000000000000000000000000000000000000000000000000000010101000010100001011110110110001
000000000000000000000000000000000000000000000000000000000000110010101001001111010111000110001110
000000000000000000000000000000000000000000000000000000000000110100101111110100111000100010001011
000000000000000000000000000000000000000000000000000000000000011010101110001011000010100100010000
000000000000000000000000000000000000000000000000000000000000010011001000101101100111100011001001
000000000000000000000000000000000000000000000000000000000000100110011111111100111110111011000000
000000000000000000000000000000000000000000000000000000000000111111111011111000000111111111000110
000000000000000000000000000000000000000000000000000000000000001010101101010001001001110010111111
000000000000000000000000000000000000000000000000000000000000111001000100011101011011001100101001
000000000000000000000000000000000000000000000000000000000000101011000111000100010000010000100111
000000000000000000000000000000000000000000000000000000000000101001001101101111101101101011100011
000000000000000000000000000000000000000000000000000000000000010001111110111000001101111010010111
000000000000000000000000000000000000000000000000000000000000111111001100111111101011111101000111
000000000000000000000000000000000000000000000000000000000000100001100111100001011100100010011111
000000000000000000000000000000000000000000000000000000000000010011101100000011000100110111001100
000000000000000000000000000000000000000000000000000000000000000001100101111001100010000001100000
000000000000000000000000000000000000000000000000000000000000001010010001011101101010101111011000
000000000000000000000000000000000000000000000000000000000000100000110011000000111000101000111101
000000000000000000000000000000000000000000000000000000000000011000100001001010100010011101000001
000000000000000000000000000000000000000000000000000000000000101101010000111000111111101110111101
000000000000000000000000000000000000000000000000000000000000101101011111110101100110111000011010
000000000000000000000000000000000000000000000000000000000000100110000111000110100110001000001100
000000000000000000000000000000000000000000000000000000000000011001110111110101011001010001001100
000000000000000000000000000000000000000000000000000000000000010111000000101101001100100110001011
000000000000000000000000000000000000000000000000000000000000000000001010000100000010001010011000
000000000000000000000000000000000000000000000000000000000000010100101000010101110101000110011011
000000000000000000000000000000000000000000000000000000000000011001000111010000110100000111111110
000000000000000000000000000000000000000000000000000000000000000100010011100010001111101011101011
000000000000000000000000000000000000000000000000000000000000101011000001111001000111110101001010
000000000000000000000000000000000000000000000000000000000000100101011100100111011011100100111011
000000000000000000000000000000000000000000000000000000000000111110100100000001010001001000011010
000000000000000000000000000000000000000000000000000000000000111010111111100011110000111001111100
000000000000000000000000000000000000000000000000000000000000001001111001000111100001101000110111
000000000000000000000000000000000000000000000000000000000000010110001001111001101111110000111111
000000000000000000000000000000000000000000000000000000000000001100111010000101010010000000101011
000000000000000000000000000000000000000000000000000000000000000001000111101101101101000111111111
000000000000000000000000000000000000000000000000000000000000000011011101010000011110000000000111
000000000000000000000000000000000000000000000000000000000000011110110000010001010101011111100011
000000000000000000000000000000000000000000000000000000000000001101101011001110110001101110010011
000000000000000000000000000000000000000000000000000000000000010010101000000001101010001101100001
000000000000000000000000000000000000000000000000000000000000101010011111101001101111101011100101
000000000000000000000000000000000000000000000000000000000000111011100011011010111101011010000010
000000000000000000000000000000000000000000000000000000000000111000110100000100000000101001010000
000000000000000000000000000000000000000000000000000000000000100001011001110010110000111011011101
000000000000000000000000000000000000000000000000000000000000011000010101011001001101100111010011
000000000000000000000000000000000000000000000000000000000000001000100111110110101101011011100101
000000000000000000000000000000000000000000000000000000000000000011100001101000000101101110010000
000000000000000000000000000000000000000000000000000000000000100111010011111000000100101111010011
000000000000000000000000000000000000000000000000000000000000110000011100001010010010011101010010
000000000000000000000000000000000000000000000000000000000000011101100001101000000001110100111110
000000000000000000000000000000000000000000000000000000000000010100110010011101110100100110001011
000000000000000000000000000000000000000000000000000000000000000111010000110000111100100110001110
000000000000000000000000000000000000000000000000000000000000100100111001010011100110101001110110
000000000000000000000000000000000000000000000000000000000000001001101010001111000110001101001001
000000000000000000000000000000000000000000000000000000000000100001111101010001010000101010000010
000000000000000000000000000000000000000000000000000000000000011001010011110010010001000011100000
000000000000000000000000000000000000000000000000000000000000110001101110100110001010100110001010
000000000000000000000000000000000000000000000000000000000000101011100001010100101100111011001101
000000000000000000000000000000000000000000000000000000000000101110011110001101101110010110001011
000000000000000000000000000000000000000000000000000000000000000001100101111010000010111100001001
000000000000000000000000000000000000000000000000000000000000101010111011011001001010110100011101
000000000000000000000000000000000000000000000000000000000000111111001110001010101110100001110011
000000000000000000000000000000000000000000000000000000000000101011100010001001001001100001010110
000000000000000000000000000000000000000000000000000000000000110110001111001011101000010110000100
000000000000000000000000000000000000000000000000000000000000111010101011010000110110011000001000
000000000000000000000000000000000000000000000000000000000000001111100101111011001011011011111110
000000000000000000000000000000000000000000000000000000000000101101010000001111110011100010101110
000000000000000000000000000000000000000000000000000000000000110011000001100101000100100011000010
000000000000000000000000000000000000000000000000000000000000001110010001000001110000000110011010
000000000000000000000000000000000000000000000000000000000000000000101001110110100010000011101101
000000000000000000000000000000000000000000000000000000000000100110110101110101110010100110011001
000000000000000000000000000000000000000000000000000000000000100001001111011011000110000101000010
000000000000000000000000000000000000000000000000000000000000010001101110001100011111100011100110
000000000000000000000000000000000000000000000000000000000000110101111111000000100100110111001010
000000000000000000000000000000000000000000000000000000000000101101110111110101100111010111010011
000000000000000000000000000000000000000000000000000000000000101001010100011000101101111001101101
000000000000000000000000000000000000000000000000000000000000010101011110010110110010010111000101
000000000000000000000000000000000000000000000000000000000000011100010100110111001110111010110000
000000000000000000000000000000000000000000000000000000000000011101110100000000011110010110010100
000000000000000000000000000000000000000000000000000000000000001011001100101010101101110100101000
000000000000000000000000000000000000000000000000000000000000000010000010011100101111111111111100
000000000000000000000000000000000000000000000000000000000000110011100011011111110010001100000010
000000000000000000000000000000000000000000000000000000000000101100000010100001111101110000000101
000000000000000000000000000000000000000000000000000000000000111111111010010100011101110001110110
000000000000000000000000000000000000000000000000000000000000111001111101000110111110010110110101
000000000000000000000000000000000000000000000000000000000000111010000100100111101110011010011000
000000000000000000000000000000000000000000000000000000000000010001010010111100001011001001101010
000000000000000000000000000000000000000000000000000000000000101100011000001011011101101001101000
000000000000000000000000000000000000000000000000000000000000110100000100110100010001011011011011
000000000000000000000000000000000000000000000000000000000000011010000110100000101010001001011101
000000000000000000000000000000000000000000000000000000000000011010001000000100111100111100100111
000000000000000000000000000000000000000000000000000000000000000011110001100110110011101010001000
000000000000000000000000000000000000000000000000000000000000001111111010000110011001010110111000
000000000000000000000000000000000000000000000000000000000000010001100011110100100000101101000101
000000000000000000000000000000000000000000000000000000000000010011101011011011111001100101010111
000000000000000000000000000000000000000000000000000000000000100101110000000001000000110010011011
000000000000000000000000000000000000000000000000000000000000001000010001111111100010010111011101
000000000000000000000000000000000000000000000000000000000000101011001000001101011010100000111010
000000000000000000000000000000000000000000000000000000000000100100011110001011101100001110010011
000000000000000000000000000000000000000000000000000000000000101000010110011010010000001111101011
000000000000000000000000000000000000000000000000000000000000000011010100000111000101110111011010
000000000000000000000000000000000000000000000000000000000000100100001110011010011000110011001000
000000000000000000000000000000000000000000000000000000000000011100101101010111110110110110011101
000000000000000000000000000000000000000000000000000000000000000100110101001110100011110010011100
000000000000000000000000000000000000000000000000000000000000011010010001111010101100010100101001
000000000000000000000000000000000000000000000000000000000000110000001011111110100100010110001010
000000000000000000000000000000000000000000000000000000000000000000100011110010100000010101101110
000000000000000000000000000000000000000000000000000000000000000000111101001010010101001101100100
000000000000000000000000000000000000000000000000000000000000100100010000100101110111011000011100
000000000000000000000000000000000000000000000000000000000000100010111011000000011001110101010011
000000000000000000000000000000000000000000000000000000000000110110010100010001000000110001100111
000000000000000000000000000000000000000000000000000000000000011101100010011101000111101110110100
000000000000000000000000000000000000000000000000000000000000011101000110100100100101100101011001
000000000000000000000000000000000000000000000000000000000000000011101001010010010101011111101110
000000000000000000000000000000000000000000000000000000000000001111011001110000100100001001010110
000000000000000000000000000000000000000000000000000000000000110101111101011011001111001010101101
000000000000000000000000000000000000000000000000000000000000101101011101001001011100000010011000
000000000000000000000000000000000000000000000000000000000000010011011000000111110100101100110111
000000000000000000000000000000000000000000000000000000000000011011011010010101001001010001100101
000000000000000000000000000000000000000000000000000000000000100101001101001001010110000011101000
000000000000000000000000000000000000000000000000000000000000000110111110110111001111011000110110
000000000000000000000000000000000000000000000000000000000000100010100011000011010100011111111110
000000000000000000000000000000000000000000000000000000000000101101001101100111100101111110111101
000000000000000000000000000000000000000000000000000000000000110011101110111000000010111011101010
000000000000000000000000000000000000000000000000000000000000110101010001000110010101011011111101
000000000000000000000000000000000000000000000000000000000000010100100110011101110110101011111010
000000000000000000000000000000000000000000000000000000000000110000100000111010001011011100001101
000000000000000000000000000000000000000000000000000000000000100111000101011110101000111010110011
000000000000000000000000000000000000000000000000000000000000110100100000011110100110000111010100
000000000000000000000000000000000000000000000000000000000000110111100101110110001111111010110011
000000000000000000000000000000000000000000000000000000000000000000011010010101001111111011101100
000000000000000000000000000000000000000000000000000000000000111101010111110010001110001101010110
000000000000000000000000000000000000000000000000000000000000101110000111100000000001000111100010
000000000000000000000000000000000000000000000000000000000000001010111111011001100110011000000011
000000000000000000000000000000000000000000000000000000000000001101101101010001101001110100001011
000000000000000000000000000000000000000000000000000000000000101000000010000110000011010001011101
000000000000000000000000000000000000000000000000000000000000100001000010110010000101000111101011
000000000000000000000000000000000000000000000000000000000000101110100101100011011011011001111001
000000000000000000000000000000000000000000000000000000000000111100001100110011110010100010101011
000000000000000000000000000000000000000000000000000000000000000011101001011011100011011010010110
000000000000000000000000000000000000000000000000000000000000110011100111001010011110000001111011
000000000000000000000000000000000000000000000000000000000000010010101010100011111000100010011101
000000000000000000000000000000000000000000000000000000000000100010111101011010111011001001001110
000000000000000000000000000000000000000000000000000000000000001000101101100110010011111011110100
000000000000000000000000000000000000000000000000000000000000110100001111100000011010101100000010
000000000000000000000000000000000000000000000000000000000000101010001001100001100011001100011110
000000000000000000000000000000000000000000000000000000000000010001110100100010101101000110010000
000000000000000000000000000000000000000000000000000000000000011000101111011100110011100101001010
000000000000000000000000000000000000000000000000000000000000000110001101001010000000011010001111
000000000000000000000000000000000000000000000000000000000000000011100000001000010101101101011011
000000000000000000000000000000000000000000000000000000000000110000010111110101000101100101110011
000000000000000000000000000000000000000000000000000000000000000110100101011100010000110010000101
000000000000000000000000000000000000000000000000000000000000100010100000010001001100111110001000
000000000000000000000000000000000000000000000000000000000000101100000000111001010011000010010010
000000000000000000000000000000000000000000000000000000000000101111010110110010110101100011011110
000000000000000000000000000000000000000000000000000000000000001010010001001001011011111001100110
000000000000000000000000000000000000000000000000000000000000110000000110101011111110111001010111
000000000000000000000000000000000000000000000000000000000000101000010000110010101100010101101101
000000000000000000000000000000000000000000000000000000000000100000000101110111000110000110111000
000000000000000000000000000000000000000000000000000000000000011111100111101110010000000100100110
000000000000000000000000000000000000000000000000000000000000100011101101111010111011110011110011
000000000000000000000000000000000000000000000000000000000000000101101111111000100111011100001100
000000000000000000000000000000000000000000000000000000000000011001111001100000100011101111110000
000000000000000000000000000000000000000000000000000000000000001000101111000001110010100101001110
000000000000000000000000000000000000000000000000000000000000110111111101000000110100111010011011
000000000000000000000000000000000000000000000000000000000000011111111010000111001010001000001000
000000000000000000000000000000000000000000000000000000000000110101000011111010110100111100011101
000000000000000000000000000000000000000000000000000000000000110001010100111100011110010111101111
000000000000000000000000000000000000000000000000000000000000000100111001000011101010100111010010
000000000000000000000000000000000000000000000000000000000000100010101111000111111000000000100101
000000000000000000000000000000000000000000000000000000000000111000110100000010011111100001001101
000000000000000000000000000000000000000000000000000000000000100000000010100101110010110010010110
000000000000000000000000000000000000000000000000000000000000101111010010101010011110100101011001
000000000000000000000000000000000000000000000000000000000000000000110011110100000010010101010000
000000000000000000000000000000000000000000000000000000000000011100001010110000111101000111110000
000000000000000000000000000000000000000000000000000000000000101111111100110110000001000111001010
000000000000000000000000000000000000000000000000000000000000011010010101100010111010100111100011
000000000000000000000000000000000000000000000000000000000000110111100011010001010100110111010100
000000000000000000000000000000000000000000000000000000000000111000101101101101100011000011100001
000000000000000000000000000000000000000000000000000000000000110101110001101001100101111111011001
000000000000000000000000000000000000000000000000000000000000101101110101010111011100110100110001
000000000000000000000000000000000000000000000000000000000000110010111000110101011110011001010101
000000000000000000000000000000000000000000000000000000000000110111000010011110111000100010101000
000000000000000000000000000000000000000000000000000000000000001010110001111001001010010011010101
000000000000000000000000000000000000000000000000000000000000011111110001000010100111010110001000
000000000000000000000000000000000000000000000000000000000000101110111000100100101100110110011111
000000000000000000000000000000000000000000000000000000000000000110100001101011100010111111001010
000000000000000000000000000000000000000000000000000000000000100001000100111010110011111011010000
000000000000000000000000000000000000000000000000000000000000101001111100001000001110010001110010
000000000000000000000000000000000000000000000000000000000000010101100101001000101111100100011110
000000000000000000000000000000000000000000000000000000000000010111000011101000000001100011010110
000000000000000000000000000000000000000000000000000000000000101101001100000000010110110000100110
000000000000000000000000000000000000000000000000000000000000001000101110100011110000001100111010
000000000000000000000000000000000000000000000000000000000000010110110111110100100011101001011011
000000000000000000000000000000000000000000000000000000000000001001011101101111101010011110001101
000000000000000000000000000000000000000000000000000000000000101001101101110100011111011000001100
000000000000000000000000000000000000000000000000000000000000101000001110000111001010010010111001
000000000000000000000000000000000000000000000000000000000000101110101100101011000110111000000000
000000000000000000000000000000000000000000000000000000000000101001001000000011001001110110001001
000000000000000000000000000000000000000000000000000000000000011010011000011000001010101000110010
000000000000000000000000000000000000000000000000000000000000111001101100001000100100101110100000
000000000000000000000000000000000000000000000000000000000000111011111010000100110001111001101001
000000000000000000000000000000000000000000000000000000000000110010100001110100111101110010011010
000000000000000000000000000000000000000000000000000000000000100000101100010001110100100110110100
000000000000000000000000000000000000000000000000000000000000101000100111011000110111001000011010
000000000000000000000000000000000000000000000000000000000000011000001011101011001010110000001110
000000000000000000000000000000000000000000000000000000000000110000100110111011001010110100110000
000000000000000000000000000000000000000000000000000000000000110100111101000011110011001100111001
000000000000000000000000000000000000000000000000000000000000000000110111010000111000011100001110
000000000000000000000000000000000000000000000000000000000000110110111011100110011010100101001110
000000000000000000000000000000000000000000000000000000000000111100011110101101101011001000010010
000000000000000000000000000000000000000000000000000000000000000000010011001010100110101011010110
000000000000000000000000000000000000000000000000000000000000011010000110111011111110001110110101
000000000000000000000000000000000000000000000000000000000000111110011000110011101010110000010111
000000000000000000000000000000000000000000000000000000000000010111001010101110001000101000010110
000000000000000000000000000000000000000000000000000000000000100111001110011011011101010000000111
000000000000000000000000000000000000000000000000000000000000110001101101111000000011001011010001
000000000000000000000000000000000000000000000000000000000000000110011100000111101000111011111110
000000000000000000000000000000000000000000000000000000000000110101110101011101000111110100100010
000000000000000000000000000000000000000000000000000000000000010010100100011011100011001010010101
000000000000000000000000000000000000000000000000000000000000100111000011011000010111010011011111
000000000000000000000000000000000000000000000000000000000000010101110101100110010000011111000111
000000000000000000000000000000000000000000000000000000000000001101100000011110011000100101111010
000000000000000000000000000000000000000000000000000000000000111001101000101110100100100111110001
000000000000000000000000000000000000000000000000000000000000000010101101111110010111000011111011
000000000000000000000000000000000000000000000000000000000000010101101101100101011101010000111100
000000000000000000000000000000000000000000000000000000000000011100110100100111100011100011000010
000000000000000000000000000000000000000000000000000000000000010111000101101011011000110101111100
000000000000000000000000000000000000000000000000000000000000011000101101110011101111011111010000
000000000000000000000000000000000000000000000000000000000000111110010111011100110111101000111110
000000000000000000000000000000000000000000000000000000000000111000010110100110010100011010110111
000000000000000000000000000000000000000000000000000000000000011010010111011110010111010000111110
000000000000000000000000000000000000000000000000000000000000101010000110010100000000000100101111
000000000000000000000000000000000000000000000000000000000000111001010000101000001001100001011000
000000000000000000000000000000000000000000000000000000000000011010000111100000010010001011100000
000000000000000000000000000000000000000000000000000000000000011000111100101001111110100101011101
000000000000000000000000000000000000000000000000000000000000100000101111001111110011000010111111
000000000000000000000000000000000000000000000000000000000000101010110010110110000101101011000111
000000000000000000000000000000000000000000000000000000000000100100011100011111100110101011101000
000000000000000000000000000000000000000000000000000000000000000100100010001111011101001101010110
000000000000000000000000000000000000000000000000000000000000010100110111010011001100110110111101
000000000000000000000000000000000000000000000000000000000000011110011110011010010011011010000000
000000000000000000000000000000000000000000000000000000000000011011100100010110011100001100010001
000000000000000000000000000000000000000000000000000000000000000111001110001110001001010111000010
000000000000000000000000000000000000000000000000000000000000011011011101010110011000010001101100
000000000000000000000000000000000000000000000000000000000000001110101101111001001000111101000000
000000000000000000000000000000000000000000000000000000000000101110111101010101110000000111110101
000000000000000000000000000000000000000000000000000000000000100100001111110000111000001011110011
000000000000000000000000000000000000000000000000000000000000101011000000100101110000111111101000
000000000000000000000000000000000000000000000000000000000000101010000101011000001010100001110110
000000000000000000000000000000000000000000000000000000000000110001101101110110101100001000100000
000000000000000000000000000000000000000000000000000000000000001001101001011110010001101011000111
000000000000000000000000000000000000000000000000000000000000001101110010011000110001011010101011
000000000000000000000000000000000000000000000000000000000000010100111110001101001101111010111010
000000000000000000000000000000000000000000000000000000000000111111101101101101000001101111010010
000000000000000000000000000000000000000000000000000000000000111010011100000010010111101111101111
000000000000000000000000000000000000000000000000000000000000000110100011111110010101101000001000
000000000000000000000000000000000000000000000000000000000000010101110001011101100010010100000110
000000000000000000000000000000000000000000000000000000000000011111001001111101001010110010010101
000000000000000000000000000000000000000000000000000000000000101110111010011000001111011001111001
000000000000000000000000000000000000000000000000000000000000110011000111011000001110111110101001
000000000000000000000000000000000000000000000000000000000000100001011000110101110110101101100110
000000000000000000000000000000000000000000000000000000000000101010000010011011001001010011001001
000000000000000000000000000000000000000000000000000000000000010010111100001110010111100100001011
000000000000000000000000000000000000000000000000000000000000010011110001000000001010100001010011
000000000000000000000000000000000000000000000000000000000000100100000010001110010110000011010010
000000000000000000000000000000000000000000000000000000000000111011100010010101111111100001110110
000000000000000000000000000000000000000000000000000000000000100011001110100101010010101101101100
000000000000000000000000000000000000000000000000000000000000000100010101101101100110010101010011
000000000000000000000000000000000000000000000000000000000000111110111111001001100010110110001010
000000000000000000000000000000000000000000000000000000000000110101111011111001010010100010100010
000000000000000000000000000000000000000000000000000000000000101111010011111100110000101111100110
000000000000000000000000000000000000000000000000000000000000011011100011010000001000100010110011
000000000000000000000000000000000000000000000000000000000000011000100100100001011001100110001010
000000000000000000000000000000000000000000000000000000000000100011101001011000000111011110000011
000000000000000000000000000000000000000000000000000000000000001010000000001001111110110100011011
000000000000000000000000000000000000000000000000000000000000010000001100101100010010101011111101
000000000000000000000000000000000000000000000000000000000000101001010000111001001001000101000001
000000000000000000000000000000000000000000000000000000000000101111010001000111101001001110110000
000000000000000000000000000000000000000000000000000000000000111110010110011010111100000101001010
000000000000000000000000000000000000000000000000000000000000110011000111111110010001100001110110
000000000000000000000000000000000000000000000000000000000000100000010001110110011001100000011000
000000000000000000000000000000000000000000000000000000000000110101001110010000101000111000111111
000000000000000000000000000000000000000000000000000000000000001001011101001000001101001011001001
000000000000000000000000000000000000000000000000000000000000111001000110100010010111111111111101
000000000000000000000000000000000000000000000000000000000000100011101100100001111110111011111110
000000000000000000000000000000000000000000000000000000000000111100100111011111111010001011111010
000000000000000000000000000000000000000000000000000000000000111001101010110001111110100010110111
000000000000000000000000000000000000000000000000000000000000110111011011111111010000010100010100
000000000000000000000000000000000000000000000000000000000000001111000110001111010110010101110010
000000000000000000000000000000000000000000000000000000000000001100000001101001000010000001011110
000000000000000000000000000000000000000000000000000000000000111000111000011110110000110111001010
000000000000000000000000000000000000000000000000000000000000001011101101001110100101110001010001
000000000000000000000000000000000000000000000000000000000000010100100001110101101100110101000000
000000000000000000000000000000000000000000000000000000000000000101100110011010010100001001011101
000000000000000000000000000000000000000000000000000000000000111110000000011000101101001110101010
000000000000000000000000000000000000000000000000000000000000001011010010111000011010000010001010
000000000000000000000000000000000000000000000000000000000000111111111010111000000110010010100110
000000000000000000000000000000000000000000000000000000000000011011001101110100000110111111110101
000000000000000000000000000000000000000000000000000000000000010100011010010100001111011101010000
000000000000000000000000000000000000000000000000000000000000001111111110101000001100011000010010
000000000000000000000000000000000000000000000000000000000000111001111111001011010001111011011100
000000000000000000000000000000000000000000000000000000000000111000110010111100000111010010100100
000000000000000000000000000000000000000000000000000000000000111001001100111110011100111100110111
000000000000000000000000000000000000000000000000000000000000001100011111001000000101010111010001
000000000000000000000000000000000000000000000000000000000000011011010100110110000000111100101110
000000000000000000000000000000000000000000000000000000000000011110000110001000010100000100100100
000000000000000000000000000000000000000000000000000000000000000100000100100011111001001111001010
000000000000000000000000000000000000000000000000000000000000100100111110111011111011000111001011
000000000000000000000000000000000000000000000000000000000000110100000111011100001101101101111010
000000000000000000000000000000000000000000000000000000000000010000101011100011111000101000001110
000000000000000000000000000000000000000000000000000000000000110001000111000110001001000110100101
000000000000000000000000000000000000000000000000000000000000111110010001100011100001100011100001
000000000000000000000000000000000000000000000000000000000000111010011110101111010011011011111000
000000000000000000000000000000000000000000000000000000000000110101100001000100000000111101010000
000000000000000000000000000000000000000000000000000000000000011101111101001000100100111101111011
