100011111001100100111001011101101100000000000000000000000000000000000000000000000000000000000000
010110000111001001101100011111101110000000000000000000000000000000000000000000000000000000000000
111000110110011100001100000101001110000000000000000000000000000000000000000000000000000000000000
010001110001101011100000111010010100000000000000000000000000000000000000000000000000000000000000
011010110000111000101010001101111110000000000000000000000000000000000000000000000000000000000000
001110001111110100111101100111110110000000000000000000000000000000000000000000000000000000000000
011100001100010010001001110101001010000000000000000000000000000000000000000000000000000000000000
001111110000010011111001100101000100000000000000000000000000000000000000000000000000000000000000
111101101111000101111110001010000101000000000000000000000000000000000000000000000000000000000000
100010011110100111110010110111000001000000000000000000000000000000000000000000000000000000000000
010110100101000011110110001010001100000000000000000000000000000000000000000000000000000000000000
011001100011100001111110011100110111000000000000000000000000000000000000000000000000000000000000
011100110001100000010111100001101101000000000000000000000000000000000000000000000000000000000000
011110110110111110011011101000111011000000000000000000000000000000000000000000000000000000000000
000100110000011100011001111001110000000000000000000000000000000000000000000000000000000000000000
000000111011000110010000000100011001000000000000000000000000000000000000000000000000000000000000
110000101001100110000000000011101000000000000000000000000000000000000000000000000000000000000000
111111001111011001011101000100100111000000000000000000000000000000000000000000000000000000000000
111101100100111110101101000111000110000000000000000000000000000000000000000000000000000000000000
101111010010010101110001011111111101000000000000000000000000000000000000000000000000000000000000
111001111001000111010110110011101000000000000000000000000000000000000000000000000000000000000000
110001100101100101110100110111010101000000000000000000000000000000000000000000000000000000000000
101010000010001011110101000010000000000000000000000000000000000000000000000000000000000000000000
111010000101100001000110010000100101000000000000000000000000000000000000000000000000000000000000
011001000000001011100110010011100001000000000000000000000000000000000000000000000000000000000000
000110000010110100100011000110111101000000000000000000000000000000000000000000000000000000000000
101111011001000001010011111100011010000000000000000000000000000000000000000000000000000000000000
000001010110001110010010011101111011000000000000000000000000000000000000000000000000000000000000
011100110110100110101100101111000101000000000000000000000000000000000000000000000000000000000000
110001010001011100011100100100101010000000000000000000000000000000000000000000000000000000000000
111111000100111011110001111100010000000000000000000000000000000000000000000000000000000000000000
000110011110100011111110000011100101000000000000000000000000000000000000000000000000000000000000
101000100010011010111001001101010001000000000000000000000000000000000000000000000000000000000000
011010110010110110001011000100110101000000000000000000000000000000000000000000000000000000000000
011001011010010000001010001101110011000000000000000000000000000000000000000000000000000000000000
101101001000101111111111000101010010000000000000000000000000000000000000000000000000000000000000
011101100000100010110111001100001111000000000000000000000000000000000000000000000000000000000000
111000101000101101101011111111110110000000000000000000000000000000000000000000000000000000000000
101001011000100011110101011011011010000000000000000000000000000000000000000000000000000000000000
110001010111101111000001110110111011000000000000000000000000000000000000000000000000000000000000
100110101110100100100110111111101111000000000000000000000000000000000000000000000000000000000000
000100000011010111010110111010001000000000000000000000000000000000000000000000000000000000000000
101011001001111111000011001111001111000000000000000000000000000000000000000000000000000000000000
110001011100010110101100001011100101000000000000000000000000000000000000000000000000000000000000
000010011000110000000101111111001011000000000000000000000000000000000000000000000000000000000000
011110001111101000000101110100101101000000000000000000000000000000000000000000000000000000000000
000110101001000011110000101100110011000000000000000000000000000000000000000000000000000000000000
110110001100001000111001000110010111000000000000000000000000000000000000000000000000000000000000
110000000100001110000001001000000111000000000000000000000000000000000000000000000000000000000000
000100010011111100010100111010010000000000000000000000000000000000000000000000000000000000000000
111000110010010100010010001110110111000000000000000000000000000000000000000000000000000000000000
011010101010110010001001011011111100000000000000000000000000000000000000000000000000000000000000
111000000111101111111010100101011000000000000000000000000000000000000000000000000000000000000000
001111010001110000100010011100001011000000000000000000000000000000000000000000000000000000000000
111011110001000111011000111111011011000000000000000000000000000000000000000000000000000000000000
101010100010010000111101001110100010000000000000000000000000000000000000000000000000000000000000
110011011011101011001100101001000010000000000000000000000000000000000000000000000000000000000000
101010110001011111101001111110011011000000000000000000000000000000000000000000000000000000000000
111001010111010011000000100000011110000000000000000000000000000000000000000000000000000000000000
000011110101111000101001010101011111000000000000000000000000000000000000000000000000000000000000
000110111010011100100000000001000100000000000000000000000000000000000000000000000000000000000000
001100110111110011100011100000000011000000000000000000000000000000000000000000000000000000000000
110000101001000011110001000111111110000000000000000000000000000000000000000000000000000000000000
011000010100101001000011010010100001000000000000000000000000000000000000000000000000000000000000
101000111111110111110011010011111011000000000000000000000000000000000000000000000000000000000000
010000010111110010111111101010111100000000000000000000000000000000000000000000000000000000000000
001010010101010010101000101010011011000000000000000000000000000000000000000000000000000000000000
101000100011001110001101000000001100000000000000000000000000000000000000000000000000000000000000
000011001010100000110011001011010000000000000000000000000000000000000000000000000000000000000000
000110011011110110100000110110101100000000000000000000000000000000000000000000000000000000000000
001011011100111100011011101101110011000000000000000000000000000000000000000000000000000000000000
100111011010110011101100010101000000000000000000000000000000000000000000000000000000000000000000
010100001110111100100101110101100000000000000000000000000000000000000000000000000000000000000000
000100100010111111111010100001011001000000000000000000000000000000000000000000000000000000000000
101001111111011111110000100101000100000000000000000000000000000000000000000000000000000000000000
101000010010010011101110011001110100000000000000000000000000000000000000000000000000000000000000
101100101111011100010011101100010001000000000000000000000000000000000000000000000000000000000000
111010000100000011001110010011011010000000000000000000000000000000000000000000000000000000000000
111110101001001001111101101001010100000000000000000000000000000000000000000000000000000000000000
101011101011101111111010000000111111000000000000000000000000000000000000000000000000000000000000
001001010000101000001000101011010100000000000000000000000000000000000000000000000000000000000000
010101100001100100111111111001110101000000000000000000000000000000000000000000000000000000000000
010011111110100000100010011111011011000000000000000000000000000000000000000000000000000000000000
000100001001001000010001110000001101000000000000000000000000000000000000000000000000000000000000
000100100111100100010111100000000100000000000000000000000000000000000000000000000000000000000000
100011111011000000001000101001101100000000000000000000000000000000000000000000000000000000000000
000100101010011101010010010010101110000000000000000000000000000000000000000000000000000000000000
110110011101010010011110101100100010000000000000000000000000000000000000000000000000000000000000
010100001000100111101111000101110101000000000000000000000000000000000000000000000000000000000000
101100010001001011110101011100111000000000000000000000000000000000000000000000000000000000000000
101100010000111010001100111110001110000000000000000000000000000000000000000000000000000000000000
101101110001000000010010111010110100000000000000000000000000000000000000000000000000000000000000
001011011101101010010010111110100100000000000000000000000000000000000000000000000000000000000000
011100100011010111011111001110100100000000000000000000000000000000000000000000000000000000000000
000001110010101100001111111000101100000000000000000000000000000000000000000000000000000000000000
100001010101011000010110100001101101000000000000000000000000000000000000000000000000000000000000
010011011000110111011010100010011000000000000000000000000000000000000000000000000000000000000000
010111010110001010111100110101110011000000000000000000000000000000000000000000000000000000000000
101100111000101101000001010111111011000000000000000000000000000000000000000000000000000000000000
101011101110110000000000110111100100000000000000000000000000000000000000000000000000000000000000
