110001010110011010011101011010001010000000000000000000000000000000000000000000000000000000000000
101100010010111110000101001011111011000000000000000000000000000000000000000000000000000000000000
001010100110111001101100010010001011000000000000000000000000000000000000000000000000000000000000
010100111001100100100110010111101000000000000000000000000000000000000000000000000000000000000000
100010110011111000111101010100101101000000000000000000000000000000000000000000000000000000000000
000011001000000011101011000111011001000000000000000000000000000000000000000000000000000000000000
111000101100111111111011011100000110000000000000000000000000000000000000000000000000000000000000
101001111011101110111010110010101111000000000000000000000000000000000000000000000000000000000000
111001011010110110010100001011111111000000000000000000000000000000000000000000000000000000000000
110111000101010100110000011100101001000000000000000000000000000000000000000000000000000000000000
111100111111100011011100110101100011000000000000000000000000000000000000000000000000000000000000
100000001010111001111001110100110101000000000000000000000000000000000000000000000000000000000000
111101101111110000001111011100100000000000000000000000000000000000000000000000000000000000000000
101001110111111100011011110011110100000000000000000000000000000000000000000000000000000000000000
100001010001001110110011101000100110000000000000000000000000000000000000000000000000000000000000
001010101100001010110110001010110111000000000000000000000000000000000000000000000000000000000000
100000010001001101011001101100111111000000000000000000000000000000000000000000000000000000000000
110101110011011111011000001100101101000000000000000000000000000000000000000000000000000000000000
110100111000110011101010101101111001000000000000000000000000000000000000000000000000000000000000
110110110011111100000010101101000100000000000000000000000000000000000000000000000000000000000000
100011010101000001100000111111011001000000000000000000000000000000000000000000000000000000000000
001001010011111111010001100101001001000000000000000000000000000000000000000000000000000000000000
001011010000001110011100110010000100000000000000000000000000000000000000000000000000000000000000
101010001011100001101001101010000001000000000000000000000000000000000000000000000000000000000000
101000000010100001111111101101001111000000000000000000000000000000000000000000000000000000000000
101001100001101000100001000110101110000000000000000000000000000000000000000000000000000000000000
111100110110111101111101111110011000000000000000000000000000000000000000000000000000000000000000
100100110011100001011001111011000010000000000000000000000000000000000000000000000000000000000000
011110111100101000111010001110111001000000000000000000000000000000000000000000000000000000000000
000110011001100100010000101011001101000000000000000000000000000000000000000000000000000000000000
110011111101100011111100011111011101000000000000000000000000000000000000000000000000000000000000
110001000010000111000111110010011000000000000000000000000000000000000000000000000000000000000000
111110011100010001111011100101001110000000000000000000000000000000000000000000000000000000000000
010001001100000111001000011111010101000000000000000000000000000000000000000000000000000000000000
110110010001100100101100001001110010000000000000000000000000000000000000000000000000000000000000
000101010011001010100010100100100100000000000000000000000000000000000000000000000000000000000000
110100010010111110111100100010101001000000000000000000000000000000000000000000000000000000000000
000000000100011111010010000011110001000000000000000000000000000000000000000000000000000000000000
010111011101101001011001000010010000000000000000000000000000000000000000000000000000000000000000
100110100010011111110001010001000100000000000000000000000000000000000000000000000000000000000000
100001111100001010110111000011111001000000000000000000000000000000000000000000000000000000000000
101011001011000011110100000011011111000000000000000000000000000000000000000000000000000000000000
111111111010111000000010010101000011000000000000000000000000000000000000000000000000000000000000
001111100111101011110100001111001110000000000000000000000000000000000000000000000000000000000000
000100100110011111001100100100011100000000000000000000000000000000000000000000000000000000000000
010001000001100100110111100100101001000000000000000000000000000000000000000000000000000000000000
101110011010011010100010100110100110000000000000000000000000000000000000000000000000000000000000
110010001010000011111111111100100110000000000000000000000000000000000000000000000000000000000000
010110010110110001001101000010011110000000000000000000000000000000000000000000000000000000000000
010100111100000010001011101110101010000000000000000000000000000000000000000000000000000000000000
110010001001110101001111101011110100000000000000000000000000000000000000000000000000000000000000
101100111111011101110101010110111110000000000000000000000000000000000000000000000000000000000000
010000010101011101011011001111101000000000000000000000000000000000000000000000000000000000000000
111100101010101101110011011010110001000000000000000000000000000000000000000000000000000000000000
010111111011100110001111010101011111000000000000000000000000000000000000000000000000000000000000
000101101110111001000001111100010001000000000000000000000000000000000000000000000000000000000000
010111111010010011101001011001100001000000000000000000000000000000000000000000000000000000000000
000100001000010010000011111101001000000000000000000000000000000000000000000000000000000000000000
101101110100000011011100011111100101000000000000000000000000000000000000000000000000000000000000
111101111011101010000000101111000101000000000000000000000000000000000000000000000000000000000000
100100000011011110110011000111001100000000000000000000000000000000000000000000000000000000000000
010110010001100110110111100110011111000000000000000000000000000000000000000000000000000000000000
110100000010001110110001001011010010000000000000000000000000000000000000000000000000000000000000
000001100001100110110011010100001000000000000000000000000000000000000000000000000000000000000000
111010110000011011001000000010111100000000000000000000000000000000000000000000000000000000000000
000001110000111010011100111010000110000000000000000000000000000000000000000000000000000000000000
111100101110010011111100110100001011000000000000000000000000000000000000000000000000000000000000
011111011101011010100010110110110100000000000000000000000000000000000000000000000000000000000000
100110010010000110111110100010011111000000000000000000000000000000000000000000000000000000000000
111010100001111000000110011011101100000000000000000000000000000000000000000000000000000000000000
101111100010011001100111110011000000000000000000000000000000000000000000000000000000000000000000
101111111001110011111010100011110011000000000000000000000000000000000000000000000000000000000000
111111110101100110111010111000000011000000000000000000000000000000000000000000000000000000000000
101000010100000010111000000010110001000000000000000000000000000000000000000000000000000000000000
100010001010111100010011110110101001000000000000000000000000000000000000000000000000000000000000
101100111100001101011011000110000011000000000000000000000000000000000000000000000000000000000000
101100010101010111111110000100001100000000000000000000000000000000000000000000000000000000000000
100110110001001101110110000100110100000000000000000000000000000000000000000000000000000000000000
111001011100011100010101110100100100000000000000000000000000000000000000000000000000000000000000
111000000011101000010111101101101101000000000000000000000000000000000000000000000000000000000000
010000111111111010001011001100000011000000000000000000000000000000000000000000000000000000000000
101010000101010101010100001110011110000000000000000000000000000000000000000000000000000000000000
011000001000111100011011100110111111000000000000000000000000000000000000000000000000000000000000
010100001100010111001110000010001000000000000000000000000000000000000000000000000000000000000000
111111100100101010111010011000000101000000000000000000000000000000000000000000000000000000000000
101100010100000110001100110001110110000000000000000000000000000000000000000000000000000000000000
110101100011101110111110101011111001000000000000000000000000000000000000000000000000000000000000
100001001100101100011010111010100000000000000000000000000000000000000000000000000000000000000000
110101001011100001110011111011001110000000000000000000000000000000000000000000000000000000000000
100000000010001010101010011010010000000000000000000000000000000000000000000000000000000000000000
010101001110100101011100111100100100000000000000000000000000000000000000000000000000000000000000
000110101110010000100110101111100111000000000000000000000000000000000000000000000000000000000000
100100001101000111110000000100001011000000000000000000000000000000000000000000000000000000000000
000000001111100110110100011110000100000000000000000000000000000000000000000000000000000000000000
100101111110100111011010011100101110000000000000000000000000000000000000000000000000000000000000
000111001000110001010111000001110101000000000000000000000000000000000000000000000000000000000000
000100110001100111001011010100101001000000000000000000000000000000000000000000000000000000000000
111001010010111010100110101001110111000000000000000000000000000000000000000000000000000000000000
101001110000111110001000110111010001000000000000000000000000000000000000000000000000000000000000
110010111101001111000000101110010010000000000000000000000000000000000000000000000000000000000000
