011010001110111001010000000011011110000000000000000000000000000000000000000000000000000000000000
110010001000110001101110101110111101000000000000000000000000000000000000000000000000000000000000
010110100100001011111110110101000111000000000000000000000000000000000000000000000000000000000000
011011110101000010010100111001001111000000000000000000000000000000000000000000000000000000000000
011100001000101000000111100111111001000000000000000000000000000000000000000000000000000000000000
100101001100011011000000101100001000000000000000000000000000000000000000000000000000000000000000
000010111001001100110100011010001001000000000000000000000000000000000000000000000000000000000000
011100101100110101011111111001000001000000000000000000000000000000000000000000000000000000000000
000010010101100110010111100010111000000000000000000000000000000000000000000000000000000000000000
011100000000100010000001111111100000000000000000000000000000000000000000000000000000000000000000
100100110001111000000001001010001110000000000000000000000000000000000000000000000000000000000000
101010100101110000110101100001001100000000000000000000000000000000000000000000000000000000000000
100101100011010001010110001000110010000000000000000000000000000000000000000000000000000000000000
110111001100101011000111001010101100000000000000000000000000000000000000000000000000000000000000
011100111110110001111111110110101000000000000000000000000000000000000000000000000000000000000000
000101101000110001101011001111000110000000000000000000000000000000000000000000000000000000000000
110010001011011101000101110101000111000000000000000000000000000000000000000000000000000000000000
110011011011101000110001111110111000000000000000000000000000000000000000000000000000000000000000
011110000100101001110001011010000100000000000000000000000000000000000000000000000000000000000000
001010101000010110010101101100010110000000000000000000000000000000000000000000000000000000000000
010111000011000111110100010111110101000000000000000000000000000000000000000000000000000000000000
101011110101000001001111100011001111000000000000000000000000000000000000000000000000000000000000
111100100100011011010010111011001100000000000000000000000000000000000000000000000000000000000000
010001110000100001001111111011100000000000000000000000000000000000000000000000000000000000000000
011010001011110100010111001101000000000000000000000000000000000000000000000000000000000000000000
100100011111110111000000101001000010000000000000000000000000000000000000000000000000000000000000
011000101010001101110101011100000001000000000000000000000000000000000000000000000000000000000000
101001100001001101100111100110010101000000000000000000000000000000000000000000000000000000000000
001111001011011100100101010101100001000000000000000000000000000000000000000000000000000000000000
100100111110000110101110110000001111000000000000000000000000000000000000000000000000000000000000
100100000100110101100111110110111001000000000000000000000000000000000000000000000000000000000000
111001111000000000001001101110011000000000000000000000000000000000000000000000000000000000000000
011110100101011101010001111000000010000000000000000000000000000000000000000000000000000000000000
001111110101101100000000100001110000000000000000000000000000000000000000000000000000000000000000
110101100001111111100011011111101011000000000000000000000000000000000000000000000000000000000000
111001010011010010111100100100111111000000000000000000000000000000000000000000000000000000000000
010110010110010111000001111111011000000000000000000000000000000000000000000000000000000000000000
110101110010010011000111011010011101000000000000000000000000000000000000000000000000000000000000
100101011001000111011011000110011111000000000000000000000000000000000000000000000000000000000000
111000010010111111111100101001010101000000000000000000000000000000000000000000000000000000000000
101100100110001011001110111001100000000000000000000000000000000000000000000000000000000000000000
111011100101110011100101100110010000000000000000000000000000000000000000000000000000000000000000
010000111010011110010011011010100111000000000000000000000000000000000000000000000000000000000000
011000000011101101000000011001100110000000000000000000000000000000000000000000000000000000000000
111111011101101110010100011000111000000000000000000000000000000000000000000000000000000000000000
111011001100010000110000110110110110000000000000000000000000000000000000000000000000000000000000
000110011100110000111000101000010101000000000000000000000000000000000000000000000000000000000000
000100000011111011100111010101111110000000000000000000000000000000000000000000000000000000000000
101100100000001111010100011100000111000000000000000000000000000000000000000000000000000000000000
101010100011100101110101111100001111000000000000000000000000000000000000000000000000000000000000
010100110000101001100100110101011100000000000000000000000000000000000000000000000000000000000000
000001111101100101010000000001111000000000000000000000000000000000000000000000000000000000000000
101000000010000101001010110110010110000000000000000000000000000000000000000000000000000000000000
011000001110101101001101010010100111000000000000000000000000000000000000000000000000000000000000
011010110110000001101100110011101110000000000000000000000000000000000000000000000000000000000000
001100101011111000000011010110000011000000000000000000000000000000000000000000000000000000000000
010000100010011101100010110100100000000000000000000000000000000000000000000000000000000000000000
100110001010110000111011001101000001000000000000000000000000000000000000000000000000000000000000
100101110101000111101111011011010101000000000000000000000000000000000000000000000000000000000000
000111111101000111100111000110111100000000000000000000000000000000000000000000000000000000000000
100110001101101001111101111000000000000000000000000000000000000000000000000000000000000000000000
101000000001111100101100000100101001000000000000000000000000000000000000000000000000000000000000
000011111101010111110111111100110111000000000000000000000000000000000000000000000000000000000000
001011110000111000001011000100010101000000000000000000000000000000000000000000000000000000000000
111101110011110110101011100111100001000000000000000000000000000000000000000000000000000000000000
100110111010000101101011011101100101000000000000000000000000000000000000000000000000000000000000
101100011000101110110001000010100100000000000000000000000000000000000000000000000000000000000000
100000100101110010101001001100111000000000000000000000000000000000000000000000000000000000000000
001111011111010100101000101111111000000000000000000000000000000000000000000000000000000000000000
000111001100110000011000000000101001000000000000000000000000000000000000000000000000000000000000
011000010100000000000010000001000010000000000000000000000000000000000000000000000000000000000000
000111000000110011001111101000010001000000000000000000000000000000000000000000000000000000000000
001001011110010011100100010111111010000000000000000000000000000000000000000000000000000000000000
111001011001111010101101110001011110000000000000000000000000000000000000000000000000000000000000
001100100100110110000001000101111000000000000000000000000000000000000000000000000000000000000000
110011000101100010101111101100000111000000000000000000000000000000000000000000000000000000000000
100001111011001110010110111110100111000000000000000000000000000000000000000000000000000000000000
010011100011010000111010010100110101000000000000000000000000000000000000000000000000000000000000
011100000111100010110000010001110000000000000000000000000000000000000000000000000000000000000000
010110100101111111101011110110011010000000000000000000000000000000000000000000000000000000000000
011110110111010100110100110011100101000000000000000000000000000000000000000000000000000000000000
111100000011101101111000000011001110000000000000000000000000000000000000000000000000000000000000
110001101000111110111100101101101110000000000000000000000000000000000000000000000000000000000000
001000000001010111001100001110000011000000000000000000000000000000000000000000000000000000000000
100111011100101101001111001101101000000000000000000000000000000000000000000000000000000000000000
010011001011011011000111110100101111000000000000000000000000000000000000000000000000000000000000
001000010011011100101010011001111110000000000000000000000000000000000000000000000000000000000000
100011001111010110110101001101101001000000000000000000000000000000000000000000000000000000000000
110100101010101000101001110001110000000000000000000000000000000000000000000000000000000000000000
011011000000001001000100110001111111000000000000000000000000000000000000000000000000000000000000
001100111011000001000101101100000101000000000000000000000000000000000000000000000000000000000000
010111010010110000111000011101001010000000000000000000000000000000000000000000000000000000000000
001111001111011001010011000100000000000000000000000000000000000000000000000000000000000000000000
010100100100100111010111001111110101000000000000000000000000000000000000000000000000000000000000
111001010111011011011110010011001010000000000000000000000000000000000000000000000000000000000000
000110011001000010111000110011100000000000000000000000000000000000000000000000000000000000000000
100000000000000010101101000110000101000000000000000000000000000000000000000000000000000000000000
101100100100101001000011110100001100000000000000000000000000000000000000000000000000000000000000
000001010100110100001011000110110001000000000000000000000000000000000000000000000000000000000000
111100011100100011000000000101010001000000000000000000000000000000000000000000000000000000000000
