100011111001011110011100000001111110000000000000000000000000000000000000000000000000000000000000
010010101011110001110111100101011110000000000000000000000000000000000000000000000000000000000000
011111000000010000011111010100000110000000000000000000000000000000000000000000000000000000000000
111011011000101100000010001010001011000000000000000000000000000000000000000000000000000000000000
111011010111001111001100100101011101000000000000000000000000000000000000000000000000000000000000
000011100100101110011100000000010110000000000000000000000000000000000000000000000000000000000000
010110111000101100110110011010010100000000000000000000000000000000000000000000000000000000000000
110010011001101110000111010110110110000000000000000000000000000000000000000000000000000000000000
010110101111101111001010011100000111000000000000000000000000000000000000000000000000000000000000
111111100100111110001101010100110111000000000000000000000000000000000000000000000000000000000000
001101111001010110001101110000001010000000000000000000000000000000000000000000000000000000000000
010100011111111001011111011010011010000000000000000000000000000000000000000000000000000000000000
011110100101100000011111111110111000000000000000000000000000000000000000000000000000000000000000
110011010100011010000001001000010100000000000000000000000000000000000000000000000000000000000000
101010000100010101000011111001110111000000000000000000000000000000000000000000000000000000000000
010010010110010000011010110001010010000000000000000000000000000000000000000000000000000000000000
111010110010000110100110100001010010000000000000000000000000000000000000000000000000000000000000
100101110001011101010000011111101000000000000000000000000000000000000000000000000000000000000000
110101110010000011101111111001010010000000000000000000000000000000000000000000000000000000000000
100011111100001110101000011100110110000000000000000000000000000000000000000000000000000000000000
011110100100010100111111110110000100000000000000000000000000000000000000000000000000000000000000
110011010101010010100101111011001101000000000000000000000000000000000000000000000000000000000000
010101001110000101010000011000101101000000000000000000000000000000000000000000000000000000000000
111011100010110000010010001011000110000000000000000000000000000000000000000000000000000000000000
111100000010111110001010011010111111000000000000000000000000000000000000000000000000000000000000
110110100000100001010000110011001001000000000000000000000000000000000000000000000000000000000000
011110001000101011011010110110100110000000000000000000000000000000000000000000000000000000000000
110111011001011110010111111011010010000000000000000000000000000000000000000000000000000000000000
001011010111000010111111011010001010000000000000000000000000000000000000000000000000000000000000
101110101110110000010110100100000100000000000000000000000000000000000000000000000000000000000000
001010100101100000100100001111110111000000000000000000000000000000000000000000000000000000000000
100101110000111111100101000111110110000000000000000000000000000000000000000000000000000000000000
101000000100100001000001000000001010000000000000000000000000000000000000000000000000000000000000
010100101110010000010011111010010011000000000000000000000000000000000000000000000000000000000000
010001100011101000001110001000000000000000000000000000000000000000000000000000000000000000000000
100101000101000101011001111100101111000000000000000000000000000000000000000000000000000000000000
011101000010111000010011101111010111000000000000000000000000000000000000000000000000000000000000
111101001101001011110110011010001010000000000000000000000000000000000000000000000000000000000000
011010000101100010000100111110010110000000000000000000000000000000000000000000000000000000000000
100011100101011011011101011011111110000000000000000000000000000000000000000000000000000000000000
111111011001100010011011001100110001000000000000000000000000000000000000000000000000000000000000
000010001011011001011110001001000000000000000000000000000000000000000000000000000000000000000000
100111110110111000100101001110011001000000000000000000000000000000000000000000000000000000000000
011000001111111101001000100111101001000000000000000000000000000000000000000000000000000000000000
010001101110000011001010011000001010000000000000000000000000000000000000000000000000000000000000
100110110011111110100101011010110111000000000000000000000000000000000000000000000000000000000000
010000111100111001011111000011111001000000000000000000000000000000000000000000000000000000000000
000011001101110101101011111000101101000000000000000000000000000000000000000000000000000000000000
011100111010001101001110101100000101000000000000000000000000000000000000000000000000000000000000
010100000000010000010010001010001001000000000000000000000000000000000000000000000000000000000000
101010011001000000011011100110001011000000000000000000000000000000000000000000000000000000000000
101010101011100011100001101110111010000000000000000000000000000000000000000000000000000000000000
010100100110000100000101010110010100000000000000000000000000000000000000000000000000000000000000
010111001001010101010101111001110101000000000000000000000000000000000000000000000000000000000000
001000101001101001110111100011100100000000000000000000000000000000000000000000000000000000000000
111100001001101110011100101111010000000000000000000000000000000000000000000000000000000000000000
111001010110000011011011001011010110000000000000000000000000000000000000000000000000000000000000
101001111000101010111100110111111101000000000000000000000000000000000000000000000000000000000000
011001011011001011000011111100001010000000000000000000000000000000000000000000000000000000000000
110000001001101111101101011100111010000000000000000000000000000000000000000000000000000000000000
100101000011101100000001101011011110000000000000000000000000000000000000000000000000000000000000
000000000101000111000011101101101110000000000000000000000000000000000000000000000000000000000000
101001001100011111110110010010011111000000000000000000000000000000000000000000000000000000000000
100101101111100010111100111110111000000000000000000000000000000000000000000000000000000000000000
111100100000110110100000100101110011000000000000000000000000000000000000000000000000000000000000
111110100101100000010000100011001100000000000000000000000000000000000000000000000000000000000000
110101010011101100111110110110110111000000000000000000000000000000000000000000000000000000000000
011111011000011100011000000000000101000000000000000000000000000000000000000000000000000000000000
010100110011001111001001110011001101000000000000000000000000000000000000000000000000000000000000
011110100001100011001101111001010101000000000000000000000000000000000000000000000000000000000000
111101111100000001110110000010001100000000000000000000000000000000000000000000000000000000000000
000000000111101100110110011101101000000000000000000000000000000000000000000000000000000000000000
010101110100011111010101010101010010000000000000000000000000000000000000000000000000000000000000
000110100111100110010100011000011100000000000000000000000000000000000000000000000000000000000000
110100111001011101000100010000011000000000000000000000000000000000000000000000000000000000000000
001000101011110011111000011001111111000000000000000000000000000000000000000000000000000000000000
111000101111100101001010001101010101000000000000000000000000000000000000000000000000000000000000
100100100001101010001101001100100011000000000000000000000000000000000000000000000000000000000000
111111101100100111000010001110111010000000000000000000000000000000000000000000000000000000000000
011111010011110011100111110110000010000000000000000000000000000000000000000000000000000000000000
010111111101010011001011111100111111000000000000000000000000000000000000000000000000000000000000
111100001110000110010111000101101111000000000000000000000000000000000000000000000000000000000000
011011011000101001100000111010000000000000000000000000000000000000000000000000000000000000000000
001011010101100110010000001110010010000000000000000000000000000000000000000000000000000000000000
010100010001000010001101100111100101000000000000000000000000000000000000000000000000000000000000
001101110000010110100000011110011011000000000000000000000000000000000000000000000000000000000000
101100001001011110101000101100001000000000000000000000000000000000000000000000000000000000000000
111111100001100100001001011011111001000000000000000000000000000000000000000000000000000000000000
101001001110011111010001111100100111000000000000000000000000000000000000000000000000000000000000
110011011010010101011100000110000110000000000000000000000000000000000000000000000000000000000000
001100101101111111111110110011110100000000000000000000000000000000000000000000000000000000000000
000000000101111110010010010001001100000000000000000000000000000000000000000000000000000000000000
000111111100001000000000101001011010000000000000000000000000000000000000000000000000000000000000
000000011100111011001111101111010101000000000000000000000000000000000000000000000000000000000000
100110000110000110001010111001001000000000000000000000000000000000000000000000000000000000000000
001110101100101100001000100000100100000000000000000000000000000000000000000000000000000000000000
000001111100101111010100000011111111000000000000000000000000000000000000000000000000000000000000
001100100001110111000101000110010010000000000000000000000000000000000000000000000000000000000000
111010000011000101000010101000001011000000000000000000000000000000000000000000000000000000000000
101111000110101101000001011101000101000000000000000000000000000000000000000000000000000000000000
