011101110110010111001111010010000100000000000000000000000000000000000000000000000000000000000000
110100110101000011010001011011110110000000000000000000000000000000000000000000000000000000000000
101010000001101101100100111101001000000000000000000000000000000000000000000000000000000000000000
100100011011110010001101010001100101000000000000000000000000000000000000000000000000000000000000
001110111100010111011000111111101101000000000000000000000000000000000000000000000000000000000000
111001001101011010011101111010000010000000000000000000000000000000000000000000000000000000000000
010010111010100111011011001101000010000000000000000000000000000000000000000000000000000000000000
010001110100000011010011001111111110000000000000000000000000000000000000000000000000000000000000
000010111001110010001101100100100110000000000000000000000000000000000000000000000000000000000000
001101001101101111001001011110111010000000000000000000000000000000000000000000000000000000000000
010111011001111010000010000010010010000000000000000000000000000000000000000000000000000000000000
010010100111001011011111110100011001000000000000000000000000000000000000000000000000000000000000
100101100111001000111010001101011010000000000000000000000000000000000000000000000000000000000000
000011100010101101000001011110101111000000000000000000000000000000000000000000000000000000000000
001101000001110101100000110101000011000000000000000000000000000000000000000000000000000000000000
100011001111010010010101000010100110000000000000000000000000000000000000000000000000000000000000
100100000011101001100000011011010001000000000000000000000000000000000000000000000000000000000000
000011101110101110111011010101001110000000000000000000000000000000000000000000000000000000000000
010000101100010010101100110010111111000000000000000000000000000000000000000000000000000000000000
000011100100001000111010101100010000000000000000000000000000000000000000000000000000000000000000
100100101101011010011111000110001101000000000000000000000000000000000000000000000000000000000000
011010100000101011000001001011011101000000000000000000000000000000000000000000000000000000000000
011010100110001011011001111100011111000000000000000000000000000000000000000000000000000000000000
101000110001011110111110101100001110000000000000000000000000000000000000000000000000000000000000
100010011000101100001111011101101011000000000000000000000000000000000000000000000000000000000000
111010010010100011010000010000001101000000000000000000000000000000000000000000000000000000000000
111110010111011001111000100110001111000000000000000000000000000000000000000000000000000000000000
101110011000011110100101011001110000000000000000000000000000000000000000000000000000000000000000
111101100100101000000100110001110011000000000000000000000000000000000000000000000000000000000000
001001101101110010011010010010100110000000000000000000000000000000000000000000000000000000000000
010010110001111000000110101000011111000000000000000000000000000000000000000000000000000000000000
101100110011001011111101110110110000000000000000000000000000000000000000000000000000000000000000
111000000100000011101010101000011100000000000000000000000000000000000000000000000000000000000000
100111010011010001100111001010111111000000000000000000000000000000000000000000000000000000000000
011111011101101000110110000011011101000000000000000000000000000000000000000000000000000000000000
111110101111111100011100111010111000000000000000000000000000000000000000000000000000000000000000
010001010110100001110111011100010110000000000000000000000000000000000000000000000000000000000000
000010111010010011101011000011000111000000000000000000000000000000000000000000000000000000000000
101110110100001001111111101110000000000000000000000000000000000000000000000000000000000000000000
000111101001110101110100011000111110000000000000000000000000000000000000000000000000000000000000
100001000011010110100111101100100110000000000000000000000000000000000000000000000000000000000000
000111111010000010001000001011101000000000000000000000000000000000000000000000000000000000000000
010100011111010101001110001111100110000000000000000000000000000000000000000000000000000000000000
011001110100100001001001001100110001000000000000000000000000000000000000000000000000000000000000
111011001101110100111010010111011100000000000000000000000000000000000000000000000000000000000000
100000110010001010011000101000100010000000000000000000000000000000000000000000000000000000000000
001111100000101011000110101000101001000000000000000000000000000000000000000000000000000000000000
101010100010011101101000100101001000000000000000000000000000000000000000000000000000000000000000
011110001101110101010001111011010101000000000000000000000000000000000000000000000000000000000000
110110110010011101100011000100100010000000000000000000000000000000000000000000000000000000000000
011001000001101111001011000110100000000000000000000000000000000000000000000000000000000000000000
111000010111100011000111010010101000000000000000000000000000000000000000000000000000000000000000
101001000110101011000001001010101111000000000000000000000000000000000000000000000000000000000000
110100100001111110111100110110101011000000000000000000000000000000000000000000000000000000000000
000011101101110111001001100001010111000000000000000000000000000000000000000000000000000000000000
111111111111101011010100001100010101000000000000000000000000000000000000000000000000000000000000
110100100101101011011011010110010000000000000000000000000000000000000000000000000000000000000000
000011100001000111101011111111111000000000000000000000000000000000000000000000000000000000000000
011000010010010001111011110101010001000000000000000000000000000000000000000000000000000000000000
110011000000001000110111110110001000000000000000000000000000000000000000000000000000000000000000
110100101101010111101010011000100001000000000000000000000000000000000000000000000000000000000000
010111011000110011000111100010011001000000000000000000000000000000000000000000000000000000000000
111100001011011011011000111000010010000000000000000000000000000000000000000000000000000000000000
001100000010001100011111001101010001000000000000000000000000000000000000000000000000000000000000
010010110110110111010100011001101111000000000000000000000000000000000000000000000000000000000000
101110000100101010010001111011010101000000000000000000000000000000000000000000000000000000000000
110110100110010000101110011010001101000000000000000000000000000000000000000000000000000000000000
101011000110110110011000111000110100000000000000000000000000000000000000000000000000000000000000
001001001100011100100010011011110100000000000000000000000000000000000000000000000000000000000000
001010100101101010001111111101010111000000000000000000000000000000000000000000000000000000000000
000101100111010001111100101111101010000000000000000000000000000000000000000000000000000000000000
001001101100010101010100100001000011000000000000000000000000000000000000000000000000000000000000
000110010011110000010000110101110110000000000000000000000000000000000000000000000000000000000000
100101101111010110011001110100010100000000000000000000000000000000000000000000000000000000000000
101010010111101100110101000100011101000000000000000000000000000000000000000000000000000000000000
101110001010111100100000110100111000000000000000000000000000000000000000000000000000000000000000
101010010100010110110111111100101100000000000000000000000000000000000000000000000000000000000000
110010000111111001110010100111110110000000000000000000000000000000000000000000000000000000000000
100100000100010111110100001110110100000000000000000000000000000000000000000000000000000000000000
001000000101001000111001100001010100000000000000000000000000000000000000000000000000000000000000
101010100101011000011010110011100101000000000000000000000000000000000000000000000000000000000000
101001111100011101111100011001000011000000000000000000000000000000000000000000000000000000000000
111110100110110001001001101101001010000000000000000000000000000000000000000000000000000000000000
000110011111001000101010000111100110000000000000000000000000000000000000000000000000000000000000
010100001111001000100011001011010001000000000000000000000000000000000000000000000000000000000000
001001001110111110110011110101000111000000000000000000000000000000000000000000000000000000000000
010100111100101111000101000010101111000000000000000000000000000000000000000000000000000000000000
000100000010100011011000010101101011000000000000000000000000000000000000000000000000000000000000
111101100001100100010111101010000101000000000000000000000000000000000000000000000000000000000000
011000000110011010011001110100011011000000000000000000000000000000000000000000000000000000000000
000101110010010011010101011010100001000000000000000000000000000000000000000000000000000000000000
110011110111100110111000111110110011000000000000000000000000000000000000000000000000000000000000
011010011111100111011100101100100011000000000000000000000000000000000000000000000000000000000000
111101010001001011101000110101101111000000000000000000000000000000000000000000000000000000000000
101110101110010110011100100010001111000000000000000000000000000000000000000000000000000000000000
011010011000101110010110111011000111000000000000000000000000000000000000000000000000000000000000
111110010111010010101111111100101100000000000000000000000000000000000000000000000000000000000000
010011110011001010110001111010001101000000000000000000000000000000000000000000000000000000000000
100010000010110110100101010000001010000000000000000000000000000000000000000000000000000000000000
001101001111111101111110100100001000000000000000000000000000000000000000000000000000000000000000
