110110001000111001110001100010111100000000000000000000000000000000000000000000000000000000000000
110001110111101110001000011110101101000000000000000000000000000000000000000000000000000000000000
100010000111110101111000000000001101000000000000000000000000000000000000000000000000000000000000
111100100001110011010010010000111101000000000000000000000000000000000000000000000000000000000000
010110000111010001000010011001110000000000000000000000000000000000000000000000000000000000000000
100001011101111000010001011010100010000000000000000000000000000000000000000000000000000000000000
101110110011010110000111000110010010000000000000000000000000000000000000000000000000000000000000
101100010100100111000010110001001101000000000000000000000000000000000000000000000000000000000000
100010010001001000010100100011110111000000000000000000000000000000000000000000000000000000000000
010111001100110100010010011111111000000000000000000000000000000000000000000000000000000000000000
010110100011010100110000001000010001000000000000000000000000000000000000000000000000000000000000
110110011110000100011010000100001010000000000000000000000000000000000000000000000000000000000000
010000001001110010101111001111001011000000000000000000000000000000000000000000000000000000000000
001110100100001001010010110111001001000000000000000000000000000000000000000000000000000000000000
110100010001011000111010111011101111000000000000000000000000000000000000000000000000000000000000
101101100110001010001010000011110110000000000000000000000000000000000000000000000000000000000000
010110011011010011000001111110000010000000000000000000000000000000000000000000000000000000000000
000011010111111011000110101110101100000000000000000000000000000000000000000000000000000000000000
110001110101110101010110110110010101000000000000000000000000000000000000000000000000000000000000
011101010011101111110010011010111101000000000000000000000000000000000000000000000000000000000000
101110011001000011100101100100001110000000000000000000000000000000000000000000000000000000000000
101111001100000111001010011101001001000000000000000000000000000000000000000000000000000000000000
010111010000111100000010001100010001000000000000000000000000000000000000000000000000000000000000
001111000101011010100101011101100011000000000000000000000000000000000000000000000000000000000000
101010111111111111100101001101011001000000000000000000000000000000000000000000000000000000000000
100100100111101100010010000101110010000000000000000000000000000000000000000000000000000000000000
000011100001100001101110100011001011000000000000000000000000000000000000000000000000000000000000
101010111000010110111101100100110100000000000000000000000000000000000000000000000000000000000000
011011010001111000111111100111010000000000000000000000000000000000000000000000000000000000000000
101000001111000011001011011111101001000000000000000000000000000000000000000000000000000000000000
101111100000110111001001011010010110000000000000000000000000000000000000000000000000000000000000
001111001010101010111100100110111111000000000000000000000000000000000000000000000000000000000000
010110101000101001011111000111101001000000000000000000000000000000000000000000000000000000000000
000010110101100100101001101101011001000000000000000000000000000000000000000000000000000000000000
010100010001110010000101011111110011000000000000000000000000000000000000000000000000000000000000
110100110001010001001011011101110001000000000000000000000000000000000000000000000000000000000000
000010101110000000111100111101101010000000000000000000000000000000000000000000000000000000000000
111111001000001110011000101111101000000000000000000000000000000000000000000000000000000000000000
011011100111101001110100110010101001000000000000000000000000000000000000000000000000000000000000
110000100110010000111010001100111011000000000000000000000000000000000000000000000000000000000000
000111100100110110000000000010110001000000000000000000000000000000000000000000000000000000000000
001111100010110100000011110010101011000000000000000000000000000000000000000000000000000000000000
111110001000010000010001110000000001000000000000000000000000000000000000000000000000000000000000
010001011110001000001110110001111111000000000000000000000000000000000000000000000000000000000000
110001111111011001011110111111101110000000000000000000000000000000000000000000000000000000000000
110010000011100100011010011110100000000000000000000000000000000000000000000000000000000000000000
111111010011011110001100110000011011000000000000000000000000000000000000000000000000000000000000
111100000000001011110010000110011011000000000000000000000000000000000000000000000000000000000000
010000011111010110101001000001010011000000000000000000000000000000000000000000000000000000000000
011110101101011100001011110101001011000000000000000000000000000000000000000000000000000000000000
100111111010100111110001100111001011000000000000000000000000000000000000000000000000000000000000
111000000010001101001110010110001100000000000000000000000000000000000000000000000000000000000000
010101111100111010111101111110001000000000000000000000000000000000000000000000000000000000000000
110011011000000101010100011111110001000000000000000000000000000000000000000000000000000000000000
101110001001101100101001011011100111000000000000000000000000000000000000000000000000000000000000
000011000000001001000111011100011011000000000000000000000000000000000000000000000000000000000000
000110011100111111101111100110011000000000000000000000000000000000000000000000000000000000000000
000101001101010010001110101010100110000000000000000000000000000000000000000000000000000000000000
000111010010000011000011100000100101000000000000000000000000000000000000000000000000000000000000
001001100111001010001011000001111001000000000000000000000000000000000000000000000000000000000000
011111001110111010011110001000000001000000000000000000000000000000000000000000000000000000000000
100110001000111010000001110110000100000000000000000000000000000000000000000000000000000000000000
101100011101111000000110011011111100000000000000000000000000000000000000000000000000000000000000
100101110110101110011100110000011000000000000000000000000000000000000000000000000000000000000000
010010000111110110011011001000001001000000000000000000000000000000000000000000000000000000000000
001100111100001010010010011000000001000000000000000000000000000000000000000000000000000000000000
100111000110011101001111010001111011000000000000000000000000000000000000000000000000000000000000
100110100111000111011000111101111111000000000000000000000000000000000000000000000000000000000000
011110111111010101010111001110101110000000000000000000000000000000000000000000000000000000000000
000110110000111100100100101011000100000000000000000000000000000000000000000000000000000000000000
011111001010100101001101001000111110000000000000000000000000000000000000000000000000000000000000
000011100111101111100010111010000001000000000000000000000000000000000000000000000000000000000000
010011000001011010111101111110101010000000000000000000000000000000000000000000000000000000000000
110010011101110100100110000110110101000000000000000000000000000000000000000000000000000000000000
000110010111011011010100010010101011000000000000000000000000000000000000000000000000000000000000
101001001101011000100001001001001011000000000000000000000000000000000000000000000000000000000000
000011110011110101011111010110101000000000000000000000000000000000000000000000000000000000000000
010100001001011100111011000001110101000000000000000000000000000000000000000000000000000000000000
010000001010110111101010111010100000000000000000000000000000000000000000000000000000000000000000
100001010011010101010110010101011011000000000000000000000000000000000000000000000000000000000000
001011111100001100111011010110000011000000000000000000000000000000000000000000000000000000000000
010110110101100000010000000100101011000000000000000000000000000000000000000000000000000000000000
001111011011110011011111000001000110000000000000000000000000000000000000000000000000000000000000
101100001110110110110111000111110110000000000000000000000000000000000000000000000000000000000000
100111001010110110111111001010100011000000000000000000000000000000000000000000000000000000000000
101101111111111101101100011011000010000000000000000000000000000000000000000000000000000000000000
011100101000100001001100101110100001000000000000000000000000000000000000000000000000000000000000
001001111101000001011111001101111000000000000000000000000000000000000000000000000000000000000000
100100111101100111110010011001110010000000000000000000000000000000000000000000000000000000000000
110101110011011100110011011000101000000000000000000000000000000000000000000000000000000000000000
101011001010100101000010100000001010000000000000000000000000000000000000000000000000000000000000
101110000001000111001000000010011111000000000000000000000000000000000000000000000000000000000000
111100010011011010011010001110001100000000000000000000000000000000000000000000000000000000000000
001010010101000011010100001101111111000000000000000000000000000000000000000000000000000000000000
000000110111111110111100100100010011000000000000000000000000000000000000000000000000000000000000
111001101001100000011110111001100101000000000000000000000000000000000000000000000000000000000000
111001110001110111101111110000110110000000000000000000000000000000000000000000000000000000000000
011111001101000000011011101100111100000000000000000000000000000000000000000000000000000000000000
000000101010100000010101001000111010000000000000000000000000000000000000000000000000000000000000
111101010100110011011110000101010011000000000000000000000000000000000000000000000000000000000000
001000011101101101111100111111011111000000000000000000000000000000000000000000000000000000000000
011000010000111001011110010000011110000000000000000000000000000000000000000000000000000000000000
110011100001110100011110100110101010000000000000000000000000000000000000000000000000000000000000
111010110111000010000110000010001100000000000000000000000000000000000000000000000000000000000000
100011001000011110101010011000101011000000000000000000000000000000000000000000000000000000000000
110111001000111101001101110011011001000000000000000000000000000000000000000000000000000000000000
100101011101110100101111001100110011000000000000000000000000000000000000000000000000000000000000
010000001110101101000011001010101110000000000000000000000000000000000000000000000000000000000000
111011110101110100001001001011011100000000000000000000000000000000000000000000000000000000000000
110011001000101010000001000111100000000000000000000000000000000000000000000000000000000000000000
111001110100000110001011110001011101000000000000000000000000000000000000000000000000000000000000
001101011101010111010111000100101001000000000000000000000000000000000000000000000000000000000000
110010100011011100111101010110101010000000000000000000000000000000000000000000000000000000000000
100000110000011010000011111110100010000000000000000000000000000000000000000000000000000000000000
001011001111000001110100001111110111000000000000000000000000000000000000000000000000000000000000
000010100001001111000100010101001110000000000000000000000000000000000000000000000000000000000000
000010011110000111011101100011001000000000000000000000000000000000000000000000000000000000000000
110100010110111010111100111100001000000000000000000000000000000000000000000000000000000000000000
011110110100111111111000010000101011000000000000000000000000000000000000000000000000000000000000
010001011011110000100100010010101110000000000000000000000000000000000000000000000000000000000000
001100100011010010110111111111011010000000000000000000000000000000000000000000000000000000000000
101001000100110110111010101101111000000000000000000000000000000000000000000000000000000000000000
111000000110110110001001011001100011000000000000000000000000000000000000000000000000000000000000
100110100001011101011011101001000000000000000000000000000000000000000000000000000000000000000000
100111001001000100010011111110100001000000000000000000000000000000000000000000000000000000000000
110100010111111011100110100110101000000000000000000000000000000000000000000000000000000000000000
100001000011110110101010111110100011000000000000000000000000000000000000000000000000000000000000
110100000110111010111001101001100000000000000000000000000000000000000000000000000000000000000000
010100111100011000010100101101011011000000000000000000000000000000000000000000000000000000000000
011100101100101001010111110001011111000000000000000000000000000000000000000000000000000000000000
010010010001010100010111010111100110000000000000000000000000000000000000000000000000000000000000
101011010101100000110001100011100111000000000000000000000000000000000000000000000000000000000000
111110101111100011101011111110111100000000000000000000000000000000000000000000000000000000000000
011000000111110110110011101110110111000000000000000000000000000000000000000000000000000000000000
101111001101101010010110010011101101000000000000000000000000000000000000000000000000000000000000
111101000110110010000001001000000101000000000000000000000000000000000000000000000000000000000000
000001110110100001001111100110001000000000000000000000000000000000000000000000000000000000000000
010111100001011001000000011111011110000000000000000000000000000000000000000000000000000000000000
011000000101011010001111000010011110000000000000000000000000000000000000000000000000000000000000
000010110100001001011101010010001110000000000000000000000000000000000000000000000000000000000000
110111111111011010100111000011001001000000000000000000000000000000000000000000000000000000000000
010000110100110011001101001101010111000000000000000000000000000000000000000000000000000000000000
111001110110001001110100100101011101000000000000000000000000000000000000000000000000000000000000
100001011001011111001101001010100010000000000000000000000000000000000000000000000000000000000000
010001011100001010100000101001010101000000000000000000000000000000000000000000000000000000000000
110110100101100000001001000000100100000000000000000000000000000000000000000000000000000000000000
110100110110111100011111101011010001000000000000000000000000000000000000000000000000000000000000
010010101000010010000010000011101011000000000000000000000000000000000000000000000000000000000000
100110111011100100011000110110111110000000000000000000000000000000000000000000000000000000000000
111000111100100100110101010011011010000000000000000000000000000000000000000000000000000000000000
101100101000111111001101110110110100000000000000000000000000000000000000000000000000000000000000
001010011011111001111000000100101110000000000000000000000000000000000000000000000000000000000000
110110100101111100011101111000001110000000000000000000000000000000000000000000000000000000000000
010001010100111110010011101001011001000000000000000000000000000000000000000000000000000000000000
101010110011001101100111100110100010000000000000000000000000000000000000000000000000000000000000
010000001010010100001111100100011011000000000000000000000000000000000000000000000000000000000000
011100100100001110110101010000010110000000000000000000000000000000000000000000000000000000000000
011110011110100111110100101000101011000000000000000000000000000000000000000000000000000000000000
011010001111110111011010110100101011000000000000000000000000000000000000000000000000000000000000
101101011110100101110000011101011010000000000000000000000000000000000000000000000000000000000000
101111100000101001110100110101111101000000000000000000000000000000000000000000000000000000000000
010000100110111111011010111010100010000000000000000000000000000000000000000000000000000000000000
111101100001100011001010111110001100000000000000000000000000000000000000000000000000000000000000
101010000000010101100001000010100010000000000000000000000000000000000000000000000000000000000000
100110011000010100001011110100111010000000000000000000000000000000000000000000000000000000000000
001011101101000101110001111100001011000000000000000000000000000000000000000000000000000000000000
111011001101100111111100111000001111000000000000000000000000000000000000000000000000000000000000
110110111000100111010011110100001000000000000000000000000000000000000000000000000000000000000000
000101010100111101011101001001000000000000000000000000000000000000000000000000000000000000000000
010011001001100001100101010110100100000000000000000000000000000000000000000000000000000000000000
110001100010111111111101010101010110000000000000000000000000000000000000000000000000000000000000
110011010010011110001101010100010100000000000000000000000000000000000000000000000000000000000000
000010001110011010000000000010000010000000000000000000000000000000000000000000000000000000000000
001111101010111110000010000011001110000000000000000000000000000000000000000000000000000000000000
100001101010010010110110111001111000000000000000000000000000000000000000000000000000000000000000
010110111100011010110100011111100010000000000000000000000000000000000000000000000000000000000000
110101011111001000010010000110000011000000000000000000000000000000000000000000000000000000000000
111011101110010111101010001110010111000000000000000000000000000000000000000000000000000000000000
111001100111001011011001100101000000000000000000000000000000000000000000000000000000000000000000
111000010000010010110010111111000110000000000000000000000000000000000000000000000000000000000000
100010001001111000001110001101100111000000000000000000000000000000000000000000000000000000000000
110001000010001100000010111011001000000000000000000000000000000000000000000000000000000000000000
001101110110111110000110000001110110000000000000000000000000000000000000000000000000000000000000
010100111111001110111011001010110001000000000000000000000000000000000000000000000000000000000000
010100011100110001001111000000000101000000000000000000000000000000000000000000000000000000000000
101011101100111010101011100011001101000000000000000000000000000000000000000000000000000000000000
001101000101001101101111010001010100000000000000000000000000000000000000000000000000000000000000
111000101101101001100010011000001101000000000000000000000000000000000000000000000000000000000000
011100100001010111110101010110111100000000000000000000000000000000000000000000000000000000000000
000011000001001101010000000010001101000000000000000000000000000000000000000000000000000000000000
111000110101100001101111001101001011000000000000000000000000000000000000000000000000000000000000
001000101000100000000000110001111000000000000000000000000000000000000000000000000000000000000000
001100101011001110110100010110100101000000000000000000000000000000000000000000000000000000000000
101101101000010100110001010001010101000000000000000000000000000000000000000000000000000000000000
001101011100011011101001001000000101000000000000000000000000000000000000000000000000000000000000
111011101111010100110000000011100100000000000000000000000000000000000000000000000000000000000000
111111110100101101001001101011001000000000000000000000000000000000000000000000000000000000000000
011100001011110110011000010100100011000000000000000000000000000000000000000000000000000000000000
100000000011100111010100000110010001000000000000000000000000000000000000000000000000000000000000
110110000111000100000111100010010010000000000000000000000000000000000000000000000000000000000000
010101011010010001000001110001100111000000000000000000000000000000000000000000000000000000000000
001011010111011110010000000010101110000000000000000000000000000000000000000000000000000000000000
010001101001110010110001000000101010000000000000000000000000000000000000000000000000000000000000
110100000010000000100001000101001100000000000000000000000000000000000000000000000000000000000000
001100010100011000001101011000011100000000000000000000000000000000000000000000000000000000000000
111010101011111100000011000000100001000000000000000000000000000000000000000000000000000000000000
100010101111011110111000010101011101000000000000000000000000000000000000000000000000000000000000
110110110000101110010100101000010111000000000000000000000000000000000000000000000000000000000000
001000000110010110001010001100000010000000000000000000000000000000000000000000000000000000000000
010110000011100000101101010001100100000000000000000000000000000000000000000000000000000000000000
111011001011001010011111100110100100000000000000000000000000000000000000000000000000000000000000
001110100110101110111010101011001001000000000000000000000000000000000000000000000000000000000000
111111011011110010110010010000100000000000000000000000000000000000000000000000000000000000000000
001010100000110011010101110001011101000000000000000000000000000000000000000000000000000000000000
110110000111100111011111110010010101000000000000000000000000000000000000000000000000000000000000
101011011001001000100100001011111100000000000000000000000000000000000000000000000000000000000000
101100011011010001011011101011100110000000000000000000000000000000000000000000000000000000000000
111010100100011000000000100011110011000000000000000000000000000000000000000000000000000000000000
111110001110110100001010001100010010000000000000000000000000000000000000000000000000000000000000
100110101010000100000100100001110111000000000000000000000000000000000000000000000000000000000000
000001000001100111110100010000010100000000000000000000000000000000000000000000000000000000000000
000100101001011010101010100111001100000000000000000000000000000000000000000000000000000000000000
001100010101110001010100010001110001000000000000000000000000000000000000000000000000000000000000
010110111110110110011101001011001101000000000000000000000000000000000000000000000000000000000000
101011111010110110101101111011001101000000000000000000000000000000000000000000000000000000000000
001011011111011101000000100011011110000000000000000000000000000000000000000000000000000000000000
000000101001001010001000110001110001000000000000000000000000000000000000000000000000000000000000
101010110000111010110110001101111011000000000000000000000000000000000000000000000000000000000000
100000110001100001101001100000000100000000000000000000000000000000000000000000000000000000000000
110011110001101111001100110110011001000000000000000000000000000000000000000000000000000000000000
001010101011010000101101110000101110000000000000000000000000000000000000000000000000000000000000
011111111101001001110101010101111010000000000000000000000000000000000000000000000000000000000000
100100100010100000110010100001111010000000000000000000000000000000000000000000000000000000000000
011011101100101101111101001100101001000000000000000000000000000000000000000000000000000000000000
000101111010011001101100011100111111000000000000000000000000000000000000000000000000000000000000
011111000010100011110011100101101011000000000000000000000000000000000000000000000000000000000000
000010001101011010000000110011000110000000000000000000000000000000000000000000000000000000000000
110110001011101111100001101000110010000000000000000000000000000000000000000000000000000000000000
000000010000010011101000110100010000000000000000000000000000000000000000000000000000000000000000
111010111001110100101010001001100111000000000000000000000000000000000000000000000000000000000000
010011001110000101111111010100100101000000000000000000000000000000000000000000000000000000000000
110101010011000010101010100110100000000000000000000000000000000000000000000000000000000000000000
101010011111011111100100011110010000000000000000000000000000000000000000000000000000000000000000
110010001010100000000001001101011101000000000000000000000000000000000000000000000000000000000000
110111101011011011000100001011110111000000000000000000000000000000000000000000000000000000000000
101111011110100110011111101111001011000000000000000000000000000000000000000000000000000000000000
111011011011100100011011001010110011000000000000000000000000000000000000000000000000000000000000
111100100001101101011110001001001011000000000000000000000000000000000000000000000000000000000000
001000011010010110010001111110100100000000000000000000000000000000000000000000000000000000000000
100000111100101110111111000101101011000000000000000000000000000000000000000000000000000000000000
100111110111101010011001010001100100000000000000000000000000000000000000000000000000000000000000
011001000001110000001000000001100100000000000000000000000000000000000000000000000000000000000000
000101101010010111110001001110110001000000000000000000000000000000000000000000000000000000000000
010011100011101111110111101111110000000000000000000000000000000000000000000000000000000000000000
011000010100101001001111111000001000000000000000000000000000000000000000000000000000000000000000
111011100101011010000001010010111100000000000000000000000000000000000000000000000000000000000000
110011111100011100011010000110010110000000000000000000000000000000000000000000000000000000000000
000100001111110110100100111000011100000000000000000000000000000000000000000000000000000000000000
100110110100001010001010111001011001000000000000000000000000000000000000000000000000000000000000
100010101011001100110110010011011001000000000000000000000000000000000000000000000000000000000000
100110101111110011010110001011100111000000000000000000000000000000000000000000000000000000000000
001111011001100000100000110100101110000000000000000000000000000000000000000000000000000000000000
010110001101011000011101111010000001000000000000000000000000000000000000000000000000000000000000
100110100101010001110100100011100111000000000000000000000000000000000000000000000000000000000000
101001010000110100001100111001011001000000000000000000000000000000000000000000000000000000000000
110000000001000010001110100101101101000000000000000000000000000000000000000000000000000000000000
100100011000011101100011001101001001000000000000000000000000000000000000000000000000000000000000
001110000100001000110110011101000000000000000000000000000000000000000000000000000000000000000000
001011010110100010110101110011011100000000000000000000000000000000000000000000000000000000000000
010001101111000000100110110011000111000000000000000000000000000000000000000000000000000000000000
011100110000000100101110110111110110000000000000000000000000000000000000000000000000000000000000
001101010010010000100000111101000010000000000000000000000000000000000000000000000000000000000000
000010001010101111100100001110010001000000000000000000000000000000000000000000000000000000000000
110101111111000000010100110010010101000000000000000000000000000000000000000000000000000000000000
100001011110010011000111111111100010000000000000000000000000000000000000000000000000000000000000
101111001101111101111101010110110001000000000000000000000000000000000000000000000000000000000000
111100011110100100111001011111001010000000000000000000000000000000000000000000000000000000000000
001011101011001011111100011001011000000000000000000000000000000000000000000000000000000000000000
101010101010100111001110001001001000000000000000000000000000000000000000000000000000000000000000
111011110100001111010110001101110010000000000000000000000000000000000000000000000000000000000000
111000011010111011111101101110011101000000000000000000000000000000000000000000000000000000000000
111011010101011110010001001111000110000000000000000000000000000000000000000000000000000000000000
110010001011010111000010111101101011000000000000000000000000000000000000000000000000000000000000
011100110111111110000100111110100101000000000000000000000000000000000000000000000000000000000000
100110100001011111111000001010110010000000000000000000000000000000000000000000000000000000000000
000010000010000001000110110101001011000000000000000000000000000000000000000000000000000000000000
101111000110111000011111100000010101000000000000000000000000000000000000000000000000000000000000
001101011111111111111000011001010000000000000000000000000000000000000000000000000000000000000000
100100101010101001000011000000101100000000000000000000000000000000000000000000000000000000000000
101010101010000000001000111101000000000000000000000000000000000000000000000000000000000000000000
100010010110010100101011101110111000000000000000000000000000000000000000000000000000000000000000
010011001001000101111110101010001111000000000000000000000000000000000000000000000000000000000000
110110000110110000100111001110001100000000000000000000000000000000000000000000000000000000000000
111101110010110101110001000101101000000000000000000000000000000000000000000000000000000000000000
101100010110011011110110110110001000000000000000000000000000000000000000000000000000000000000000
101010010101101100111001101110110010000000000000000000000000000000000000000000000000000000000000
010111010000111010100100101000100000000000000000000000000000000000000000000000000000000000000000
110001110000010110110101110011011011000000000000000000000000000000000000000000000000000000000000
010000111110100000011100000001100101000000000000000000000000000000000000000000000000000000000000
001000101001011111101000001100101111000000000000000000000000000000000000000000000000000000000000
010101111011111111010111000011100110000000000000000000000000000000000000000000000000000000000000
101011011111100100010100101001001010000000000000000000000000000000000000000000000000000000000000
011111011100111101000010011001101110000000000000000000000000000000000000000000000000000000000000
011011000101110010101010110101101110000000000000000000000000000000000000000000000000000000000000
010100111110001001110110100101101001000000000000000000000000000000000000000000000000000000000000
110100000101010100011010101000110110000000000000000000000000000000000000000000000000000000000000
100000011000100111000010001010011100000000000000000000000000000000000000000000000000000000000000
111111011100110010111101010010010001000000000000000000000000000000000000000000000000000000000000
101001011010111010001100001000000001000000000000000000000000000000000000000000000000000000000000
100000011010011011110110110100000101000000000000000000000000000000000000000000000000000000000000
110010110101011011111101010010110101000000000000000000000000000000000000000000000000000000000000
011100110011010011010100111100000111000000000000000000000000000000000000000000000000000000000000
110111110010001111101110010100100001000000000000000000000000000000000000000000000000000000000000
101100100100101000101001101000011101000000000000000000000000000000000000000000000000000000000000
111000010011010100110011100110101010000000000000000000000000000000000000000000000000000000000000
100111111100100101100010111010000111000000000000000000000000000000000000000000000000000000000000
011000110100011100110111001010000010000000000000000000000000000000000000000000000000000000000000
011000101110010110100110111000000000000000000000000000000000000000000000000000000000000000000000
100110010000010011111110111111111110000000000000000000000000000000000000000000000000000000000000
111010111010001010110000010111010010000000000000000000000000000000000000000000000000000000000000
110100110010111110000110010111100001000000000000000000000000000000000000000000000000000000000000
110110110000010001101110101100001100000000000000000000000000000000000000000000000000000000000000
100110110000101101011101110010001011000000000000000000000000000000000000000000000000000000000000
011010101100101010100010111001000010000000000000000000000000000000000000000000000000000000000000
101100000101110110010011111001111101000000000000000000000000000000000000000000000000000000000000
010110001001011100000101011100110000000000000000000000000000000000000000000000000000000000000000
101100111001010000100111011000100011000000000000000000000000000000000000000000000000000000000000
010101000011110011101000000110110111000000000000000000000000000000000000000000000000000000000000
101001000001101100101101111010100111000000000000000000000000000000000000000000000000000000000000
101001110110101101011001000101111100000000000000000000000000000000000000000000000000000000000000
100000110010101101001001110010111111000000000000000000000000000000000000000000000000000000000000
011110001110111101001100011111010011000000000000000000000000000000000000000000000000000000000000
101101110010101010100111000000011100000000000000000000000000000000000000000000000000000000000000
100001011011010001111101111010110110000000000000000000000000000000000000000000000000000000000000
100110011000100101110110100111001011000000000000000000000000000000000000000000000000000000000000
001000000010101111011101011101101001000000000000000000000000000000000000000000000000000000000000
001000001011010001011101111001000010000000000000000000000000000000000000000000000000000000000000
001101100001111000110111000110011011000000000000000000000000000000000000000000000000000000000000
111010111110101110100010100001101001000000000000000000000000000000000000000000000000000000000000
111011010110001011001101110000110111000000000000000000000000000000000000000000000000000000000000
000001010000000101000111010001011100000000000000000000000000000000000000000000000000000000000000
011001111101110100100010101000101001000000000000000000000000000000000000000000000000000000000000
010000101110000000011100111011010110000000000000000000000000000000000000000000000000000000000000
100010000001011100110011001111111101000000000000000000000000000000000000000000000000000000000000
010010000101001000111010101000101010000000000000000000000000000000000000000000000000000000000000
111001001101111001101101000010100101000000000000000000000000000000000000000000000000000000000000
101100100011001011011000110101001101000000000000000000000000000000000000000000000000000000000000
010001111100111010110011001101010110000000000000000000000000000000000000000000000000000000000000
100111101011010110111001100100110011000000000000000000000000000000000000000000000000000000000000
101111001101001001110001010101110010000000000000000000000000000000000000000000000000000000000000
010011100011000100010000111011101010000000000000000000000000000000000000000000000000000000000000
010110100100000110110011100110010001000000000000000000000000000000000000000000000000000000000000
100100110100111010000111001110110010000000000000000000000000000000000000000000000000000000000000
110011100100011100000010001011000110000000000000000000000000000000000000000000000000000000000000
111111111000110111001011010000001010000000000000000000000000000000000000000000000000000000000000
110100111110110110010110011101001100000000000000000000000000000000000000000000000000000000000000
000101111101001101111010110011101000000000000000000000000000000000000000000000000000000000000000
000011110100110010100011010010001011000000000000000000000000000000000000000000000000000000000000
110000000110111011110110101101101110000000000000000000000000000000000000000000000000000000000000
100001010011010000001111110101101010000000000000000000000000000000000000000000000000000000000000
101100010101001100100100110001000100000000000000000000000000000000000000000000000000000000000000
000001001110110111011110101000001111000000000000000000000000000000000000000000000000000000000000
000010010001011010001100000011001101000000000000000000000000000000000000000000000000000000000000
011100110011111001010110110001001011000000000000000000000000000000000000000000000000000000000000
000110011000000011100010001011110110000000000000000000000000000000000000000000000000000000000000
100110001001011110010000010101100100000000000000000000000000000000000000000000000000000000000000
000001100001010111011011000001111000000000000000000000000000000000000000000000000000000000000000
101001111100111111101001101001010011000000000000000000000000000000000000000000000000000000000000
111010110110011000111000001001111011000000000000000000000000000000000000000000000000000000000000
010000111001010110110110010101101111000000000000000000000000000000000000000000000000000000000000
111110101000001101111010110111100101000000000000000000000000000000000000000000000000000000000000
110110010100110011001111000011011000000000000000000000000000000000000000000000000000000000000000
001101101001100010111100100001100011000000000000000000000000000000000000000000000000000000000000
100000111010011000010001110111011000000000000000000000000000000000000000000000000000000000000000
110001111110101110111011101110111101000000000000000000000000000000000000000000000000000000000000
100001100001101000000011100000001100000000000000000000000000000000000000000000000000000000000000
110011010000000110111110101101010001000000000000000000000000000000000000000000000000000000000000
001011101001001011111010111000100010000000000000000000000000000000000000000000000000000000000000
100011000100101111110010111010010101000000000000000000000000000000000000000000000000000000000000
110000011101101111100010000011000010000000000000000000000000000000000000000000000000000000000000
011010101010101010000111101110001010000000000000000000000000000000000000000000000000000000000000
111000010101001100000001010011100100000000000000000000000000000000000000000000000000000000000000
010001011010001101111110010010101011000000000000000000000000000000000000000000000000000000000000
001000000111111010100010100001101110000000000000000000000000000000000000000000000000000000000000
000011000000001111011111100011111010000000000000000000000000000000000000000000000000000000000000
001011000000010111011001000101111110000000000000000000000000000000000000000000000000000000000000
100011001101000111000011010000100011000000000000000000000000000000000000000000000000000000000000
011010101000010101100011101111101010000000000000000000000000000000000000000000000000000000000000
011000001110010010110110101001100111000000000000000000000000000000000000000000000000000000000000
011110100110110010100110011011110000000000000000000000000000000000000000000000000000000000000000
101100010001010010101110001110000110000000000000000000000000000000000000000000000000000000000000
100001110110001011010100101000001011000000000000000000000000000000000000000000000000000000000000
111101111100101110000011011110011001000000000000000000000000000000000000000000000000000000000000
110000001101001111000001101000010101000000000000000000000000000000000000000000000000000000000000
011110110101110110011101101010001011000000000000000000000000000000000000000000000000000000000000
110010001011111011110000111100111101000000000000000000000000000000000000000000000000000000000000
011010110111111110111011110111010110000000000000000000000000000000000000000000000000000000000000
010110110011000001000001000110111011000000000000000000000000000000000000000000000000000000000000
111001110001001101000110001010101100000000000000000000000000000000000000000000000000000000000000
101101111111010100100000100100100100000000000000000000000000000000000000000000000000000000000000
000101000010111011000101100101101010000000000000000000000000000000000000000000000000000000000000
010111000100100010000011010011010100000000000000000000000000000000000000000000000000000000000000
011001000110110010000101111101110011000000000000000000000000000000000000000000000000000000000000
010001001101000000001000011101011001000000000000000000000000000000000000000000000000000000000000
100010101101111011000000010000001110000000000000000000000000000000000000000000000000000000000000
100100100010101010100000001011111001000000000000000000000000000000000000000000000000000000000000
101000001100010101110101111100101111000000000000000000000000000000000000000000000000000000000000
111101011111100011101001101100111010000000000000000000000000000000000000000000000000000000000000
011000110110110110011010111100000000000000000000000000000000000000000000000000000000000000000000
111111101100100110101111001111011011000000000000000000000000000000000000000000000000000000000000
011001100101100111100111111101000001000000000000000000000000000000000000000000000000000000000000
111101110010011101110010110101010001000000000000000000000000000000000000000000000000000000000000
110100010100100101100001000010111011000000000000000000000000000000000000000000000000000000000000
101000100101001011111011111010011000000000000000000000000000000000000000000000000000000000000000
011000010001111001110111010001000111000000000000000000000000000000000000000000000000000000000000
101000001101110101100011000010001111000000000000000000000000000000000000000000000000000000000000
011101111111001000011001110110100111000000000000000000000000000000000000000000000000000000000000
000001110010011111000011011000110011000000000000000000000000000000000000000000000000000000000000
101100010110100111001010110010100111000000000000000000000000000000000000000000000000000000000000
111010101000001100011100001101010110000000000000000000000000000000000000000000000000000000000000
000010011010011101010100011010011001000000000000000000000000000000000000000000000000000000000000
011110010100110101110110010111100110000000000000000000000000000000000000000000000000000000000000
010011100101111000001101011101000010000000000000000000000000000000000000000000000000000000000000
111101110100011010100000010111001001000000000000000000000000000000000000000000000000000000000000
010111010001000000110011101110110000000000000000000000000000000000000000000000000000000000000000
001111110101111101110100011100111011000000000000000000000000000000000000000000000000000000000000
101110100001001111101011100011101111000000000000000000000000000000000000000000000000000000000000
001100100111001011110010100111011110000000000000000000000000000000000000000000000000000000000000
111001000001111110100011000101011010000000000000000000000000000000000000000000000000000000000000
101110110011000011011100100110110111000000000000000000000000000000000000000000000000000000000000
010111101110010000011111110100110110000000000000000000000000000000000000000000000000000000000000
101100000011010111111000001111001100000000000000000000000000000000000000000000000000000000000000
011011000101101011100110101000101011000000000000000000000000000000000000000000000000000000000000
100011001011000101000111000100101000000000000000000000000000000000000000000000000000000000000000
001110011000011011011000001100001000000000000000000000000000000000000000000000000000000000000000
011101001011000100001100111000000101000000000000000000000000000000000000000000000000000000000000
000011101101111010100000010001111010000000000000000000000000000000000000000000000000000000000000
101010001111100101011111100011110101000000000000000000000000000000000000000000000000000000000000
110111110001010010101000111111110001000000000000000000000000000000000000000000000000000000000000
010011101100010100100100111011100101000000000000000000000000000000000000000000000000000000000000
010110001010001101110111100011010111000000000000000000000000000000000000000000000000000000000000
101011110011110110001001110001001110000000000000000000000000000000000000000000000000000000000000
111100101010111010111010001110010011000000000000000000000000000000000000000000000000000000000000
010101110110010100001000001100011101000000000000000000000000000000000000000000000000000000000000
111011100000000011101101000001111001000000000000000000000000000000000000000000000000000000000000
000011101010111010000001010001000100000000000000000000000000000000000000000000000000000000000000
110110001111001001110001101110010100000000000000000000000000000000000000000000000000000000000000
110010011100011101000010101100000110000000000000000000000000000000000000000000000000000000000000
010101101100010011011010101010100101000000000000000000000000000000000000000000000000000000000000
011100010011100011000010110111110001000000000000000000000000000000000000000000000000000000000000
011100111001011010001000111000011000000000000000000000000000000000000000000000000000000000000000
001001011010011111101100110011000101000000000000000000000000000000000000000000000000000000000000
011100101110111101000000001110111001000000000000000000000000000000000000000000000000000000000000
000101110010101001100111110110001101000000000000000000000000000000000000000000000000000000000000
000010011001100111110010110000101001000000000000000000000000000000000000000000000000000000000000
111001100100110100101101101011111111000000000000000000000000000000000000000000000000000000000000
100001111000110000101100110111101101000000000000000000000000000000000000000000000000000000000000
000101011000010100000001101011000010000000000000000000000000000000000000000000000000000000000000
010011010010000000000010111001011101000000000000000000000000000000000000000000000000000000000000
110000001101011101011111010101010100000000000000000000000000000000000000000000000000000000000000
110011111001110101001100110111110000000000000000000000000000000000000000000000000000000000000000
110111011101111010000100000000011011000000000000000000000000000000000000000000000000000000000000
111000011011101000001011100001101111000000000000000000000000000000000000000000000000000000000000
001111111011101011100011000001001010000000000000000000000000000000000000000000000000000000000000
001100010100010101011101100111101110000000000000000000000000000000000000000000000000000000000000
100111011010001011110111100111010000000000000000000000000000000000000000000000000000000000000000
011110010000110011011110010100001101000000000000000000000000000000000000000000000000000000000000
110001100011001110001111001011011001000000000000000000000000000000000000000000000000000000000000
000000101111101011110000011110100000000000000000000000000000000000000000000000000000000000000000
101101001101111000001100100010000010000000000000000000000000000000000000000000000000000000000000
011000010111100111101011100101111100000000000000000000000000000000000000000000000000000000000000
010011101100101101000101101001001111000000000000000000000000000000000000000000000000000000000000
010011110111001011110000001010011101000000000000000000000000000000000000000000000000000000000000
000111010111000000011101000110100110000000000000000000000000000000000000000000000000000000000000
101001100111010000100011110100100001000000000000000000000000000000000000000000000000000000000000
111010111010010110011010101010100010000000000000000000000000000000000000000000000000000000000000
111101000110110101011010010000100010000000000000000000000000000000000000000000000000000000000000
110010100001001010111001100101100101000000000000000000000000000000000000000000000000000000000000
101101010100000101110100110010100101000000000000000000000000000000000000000000000000000000000000
111101001011011111101001011110011101000000000000000000000000000000000000000000000000000000000000
001111111101101110000010100011101111000000000000000000000000000000000000000000000000000000000000
101111110111001101111010011000011000000000000000000000000000000000000000000000000000000000000000
010010011100101000000101111010000101000000000000000000000000000000000000000000000000000000000000
001100011111100100001001011011010110000000000000000000000000000000000000000000000000000000000000
101011100010001001001000010011100101000000000000000000000000000000000000000000000000000000000000
010001101000010000001011101110111000000000000000000000000000000000000000000000000000000000000000
011110110110011111110000000100101100000000000000000000000000000000000000000000000000000000000000
011011110000000100000111111001000001000000000000000000000000000000000000000000000000000000000000
101011010101011110111000100010110001000000000000000000000000000000000000000000000000000000000000
111001001110110010100100000010100000000000000000000000000000000000000000000000000000000000000000
110000101101100110001010101101011010000000000000000000000000000000000000000000000000000000000000
111010111101000000100000000101100101000000000000000000000000000000000000000000000000000000000000
011011111000000100001100010110100110000000000000000000000000000000000000000000000000000000000000
100100010100000101101011011011011011000000000000000000000000000000000000000000000000000000000000
101111001011000100000000011110110110000000000000000000000000000000000000000000000000000000000000
110101110000101101100000000100110001000000000000000000000000000000000000000000000000000000000000
111110011011010111010101000001101000000000000000000000000000000000000000000000000000000000000000
010110101001111101111000011000100011000000000000000000000000000000000000000000000000000000000000
101011110000111101010100001000000010000000000000000000000000000000000000000000000000000000000000
101101011000101010011011000101011010000000000000000000000000000000000000000000000000000000000000
101101111100010101011000010111110100000000000000000000000000000000000000000000000000000000000000
010011100110011010001101111111111010000000000000000000000000000000000000000000000000000000000000
001111100010111011000001101010101110000000000000000000000000000000000000000000000000000000000000
100011101111000001110010111000101110000000000000000000000000000000000000000000000000000000000000
101111001111110011001011000110000010000000000000000000000000000000000000000000000000000000000000
100011111000010011111111011011100100000000000000000000000000000000000000000000000000000000000000
010111000100011000011101010110010010000000000000000000000000000000000000000000000000000000000000
001111111101100111010001000101100110000000000000000000000000000000000000000000000000000000000000
110010001110000110011100110011101000000000000000000000000000000000000000000000000000000000000000
110100101111001100000001100100001110000000000000000000000000000000000000000000000000000000000000
111000010011001000000101101110111010000000000000000000000000000000000000000000000000000000000000
111110010100101000111000100000110100000000000000000000000000000000000000000000000000000000000000
111010010100110000010101010100101111000000000000000000000000000000000000000000000000000000000000
001010100011011001001101011110010101000000000000000000000000000000000000000000000000000000000000
000111001010000111001010000111111011000000000000000000000000000000000000000000000000000000000000
110000010110110111010101111000010010000000000000000000000000000000000000000000000000000000000000
000101011000111101010101010110001111000000000000000000000000000000000000000000000000000000000000
101101011111010011101110000100100101000000000000000000000000000000000000000000000000000000000000
001011010011010110011011111000010001000000000000000000000000000000000000000000000000000000000000
110001011100100011011011010101001100000000000000000000000000000000000000000000000000000000000000
111101101110111010011111000101111001000000000000000000000000000000000000000000000000000000000000
010001000101001011100011100110001001000000000000000000000000000000000000000000000000000000000000
110000110010110010001001100001000101000000000000000000000000000000000000000000000000000000000000
100100100111110110001001110010101111000000000000000000000000000000000000000000000000000000000000
100110100001011001000010010110110011000000000000000000000000000000000000000000000000000000000000
011110010110110101101000101000101101000000000000000000000000000000000000000000000000000000000000
110111010111101011011010010010001001000000000000000000000000000000000000000000000000000000000000
100100010001000101010111111001010001000000000000000000000000000000000000000000000000000000000000
010111010001101011111011011111110010000000000000000000000000000000000000000000000000000000000000
101000110110010100100011011001011111000000000000000000000000000000000000000000000000000000000000
000010101101011010000101111110011010000000000000000000000000000000000000000000000000000000000000
111001011011101111100100101011110000000000000000000000000000000000000000000000000000000000000000
100011110000101101111110011111100111000000000000000000000000000000000000000000000000000000000000
001110010111000100000000010110111110000000000000000000000000000000000000000000000000000000000000
000110010101010010100010100010110010000000000000000000000000000000000000000000000000000000000000
001011000110100010110101100110100101000000000000000000000000000000000000000000000000000000000000
111101110000110010010000110100110100000000000000000000000000000000000000000000000000000000000000
011011110001111111001011000110001000000000000000000000000000000000000000000000000000000000000000
100001000110111010100010010110010010000000000000000000000000000000000000000000000000000000000000
010111011001011010000011110000001001000000000000000000000000000000000000000000000000000000000000
010011010110000011000011101100000110000000000000000000000000000000000000000000000000000000000000
001111101000101000110101111011111100000000000000000000000000000000000000000000000000000000000000
001111011100011000011001111011110111000000000000000000000000000000000000000000000000000000000000
000001101010111001111010011011110001000000000000000000000000000000000000000000000000000000000000
010001100001101000110100011010100100000000000000000000000000000000000000000000000000000000000000
001011000111101110011111011010011001000000000000000000000000000000000000000000000000000000000000
010011010000101100010111111011101110000000000000000000000000000000000000000000000000000000000000
111111111101101100100011111101101101000000000000000000000000000000000000000000000000000000000000
011111001010110010000110110111110101000000000000000000000000000000000000000000000000000000000000
100101000111110101001101000110010000000000000000000000000000000000000000000000000000000000000000
000001111111000000001101111111100011000000000000000000000000000000000000000000000000000000000000
011101110000011111101011110100111011000000000000000000000000000000000000000000000000000000000000
011000111000010011111001011111011000000000000000000000000000000000000000000000000000000000000000
100100011100100110011111100110111010000000000000000000000000000000000000000000000000000000000000
000011011001101111000111010011011011000000000000000000000000000000000000000000000000000000000000
101100001100111000010010011111000011000000000000000000000000000000000000000000000000000000000000
101011010000010111100100110001110100000000000000000000000000000000000000000000000000000000000000
111011011000001011111110100111100010000000000000000000000000000000000000000000000000000000000000
000001100111001111000000110100101111000000000000000000000000000000000000000000000000000000000000
001110101010010101110000000010000010000000000000000000000000000000000000000000000000000000000000
001110010011001111010001011001000001000000000000000000000000000000000000000000000000000000000000
000101111011011000001111111110110001000000000000000000000000000000000000000000000000000000000000
101111110010101110110011011101001010000000000000000000000000000000000000000000000000000000000000
011101100111000100010100011011111101000000000000000000000000000000000000000000000000000000000000
111010001011000001001110101001001000000000000000000000000000000000000000000000000000000000000000
110111111011101011000110000011011001000000000000000000000000000000000000000000000000000000000000
001100000000011001100001011000100111000000000000000000000000000000000000000000000000000000000000
110101010011111010001101010100101101000000000000000000000000000000000000000000000000000000000000
010001101011000101110100110010101100000000000000000000000000000000000000000000000000000000000000
101011101111000110101101100111000001000000000000000000000000000000000000000000000000000000000000
101111101101010001000101011011000001000000000000000000000000000000000000000000000000000000000000
000010111011000000001101011101011111000000000000000000000000000000000000000000000000000000000000
111111100001011100101101000110110110000000000000000000000000000000000000000000000000000000000000
110001000100000101010101101011011110000000000000000000000000000000000000000000000000000000000000
101011101010110110011101100011110000000000000000000000000000000000000000000000000000000000000000
001010100110111010011101111000001111000000000000000000000000000000000000000000000000000000000000
010011001110000010001100011010011010000000000000000000000000000000000000000000000000000000000000
001100000001100011001001000010010010000000000000000000000000000000000000000000000000000000000000
011110111100010001101110011010101011000000000000000000000000000000000000000000000000000000000000
110111101011110000000111010110010111000000000000000000000000000000000000000000000000000000000000
000101011010110010011001000011011000000000000000000000000000000000000000000000000000000000000000
111101010110011101011000100010101110000000000000000000000000000000000000000000000000000000000000
001110000101001100001110000101100100000000000000000000000000000000000000000000000000000000000000
101110101000110010111000100101111110000000000000000000000000000000000000000000000000000000000000
011111110110111110011101101111001100000000000000000000000000000000000000000000000000000000000000
111001110010011011000101101101101100000000000000000000000000000000000000000000000000000000000000
011001010001000000000100110101000100000000000000000000000000000000000000000000000000000000000000
011111100010001101011100101111111011000000000000000000000000000000000000000000000000000000000000
011111011111000101001001001100100011000000000000000000000000000000000000000000000000000000000000
101000101000110110001011101100110010000000000000000000000000000000000000000000000000000000000000
100001100010100010011110011110100010000000000000000000000000000000000000000000000000000000000000
010110000011110101001111111011001100000000000000000000000000000000000000000000000000000000000000
000101101011010100111100100100101000000000000000000000000000000000000000000000000000000000000000
000101010000110000001101000010101110000000000000000000000000000000000000000000000000000000000000
101100111001100101101110001011101011000000000000000000000000000000000000000000000000000000000000
000000110101000011011110010101000100000000000000000000000000000000000000000000000000000000000000
111001110000100011110110001100000110000000000000000000000000000000000000000000000000000000000000
100100011001011101101101001011001111000000000000000000000000000000000000000000000000000000000000
101100010010110111100111000000001010000000000000000000000000000000000000000000000000000000000000
110010100110111101111100111001000000000000000000000000000000000000000000000000000000000000000000
