101011100010001110011110110111000110000000000000000000000000000000000000000000000000000000000000
010010111000001001010000000100011100000000000000000000000000000000000000000000000000000000000000
010110100110011110010111011110001011000000000000000000000000000000000000000000000000000000000000
110100000000111011100000001111100111000000000000000000000000000000000000000000000000000000000000
111010100011101100000001110000011111000000000000000000000000000000000000000000000000000000000000
111111000110011010111010011101011100000000000000000000000000000000000000000000000000000000000000
010000101100100100011000001111100011000000000000000000000000000000000000000000000000000000000000
010000101010101000001000111110110000000000000000000000000000000000000000000000000000000000000000
011101110010111001101101010011100000000000000000000000000000000000000000000000000000000000000000
011001110100000011111100101100011100000000000000000000000000000000000000000000000000000000000000
111111001100101001110100101011100111000000000000000000000000000000000000000000000000000000000000
101000000100111100101110110110001011000000000000000000000000000000000000000000000000000000000000
011110010000010000111011101110011111000000000000000000000000000000000000000000000000000000000000
100001001111010011001100111110001111000000000000000000000000000000000000000000000000000000000000
101011111001111111001001100101000101000000000000000000000000000000000000000000000000000000000000
100111011100100110100010011011001100000000000000000000000000000000000000000000000000000000000000
111111100011101111111001110100000000000000000000000000000000000000000000000000000000000000000000
101010100010001001111100100100011110000000000000000000000000000000000000000000000000000000000000
001110111111000100010000001011000000000000000000000000000000000000000000000000000000000000000000
100000101101110110010011101110011000000000000000000000000000000000000000000000000000000000000000
101010011101101000011111000100101100000000000000000000000000000000000000000000000000000000000000
110111100110101111111010010100010110000000000000000000000000000000000000000000000000000000000000
000111111010111000010111110111111001000000000000000000000000000000000000000000000000000000000000
100010010010111010001111100101110110000000000000000000000000000000000000000000000000000000000000
111001011100001010001011000000110111000000000000000000000000000000000000000000000000000000000000
001010011011001111110010111110001111000000000000000000000000000000000000000000000000000000000000
000001011111100100110001101010101101000000000000000000000000000000000000000000000000000000000000
010010011001010110001110001101110100000000000000000000000000000000000000000000000000000000000000
100001001111110000110111111001100111000000000000000000000000000000000000000000000000000000000000
000101011000000011111011000001001011000000000000000000000000000000000000000000000000000000000000
011010100111000110000110011110111011000000000000000000000000000000000000000000000000000000000000
011001010110000110000010011111101100000000000000000000000000000000000000000000000000000000000000
110010010010001001100010101100001011000000000000000000000000000000000000000000000000000000000000
001000101111111001101101010110000001000000000000000000000000000000000000000000000000000000000000
000001011101011000101110101100101010000000000000000000000000000000000000000000000000000000000000
011100010110010011000000110111111111000000000000000000000000000000000000000000000000000000000000
011100100101000001100000000001100110000000000000000000000000000000000000000000000000000000000000
011101101001010100011111101101111000000000000000000000000000000000000000000000000000000000000000
110000000010011001110000010101110100000000000000000000000000000000000000000000000000000000000000
000011111100010111000010001111101110000000000000000000000000000000000000000000000000000000000000
111100011000101110100010010001110001000000000000000000000000000000000000000000000000000000000000
001010100001100111101001110001100001000000000000000000000000000000000000000000000000000000000000
000011011010000010101101101101001100000000000000000000000000000000000000000000000000000000000000
001100000101111001100111101001100011000000000000000000000000000000000000000000000000000000000000
100001001011101111001010101010000111000000000000000000000000000000000000000000000000000000000000
010011100010100111100110011011101001000000000000000000000000000000000000000000000000000000000000
100000010100110100000100000101111101000000000000000000000000000000000000000000000000000000000000
110110001011001001101011111100101100000000000000000000000000000000000000000000000000000000000000
111100011011101100001010011000101000000000000000000000000000000000000000000000000000000000000000
010100001011010001010110010011001010000000000000000000000000000000000000000000000000000000000000
101011010111011111111101011010011101000000000000000000000000000000000000000000000000000000000000
101001010101111010110001010011000101000000000000000000000000000000000000000000000000000000000000
010011010110000010100001100100001101000000000000000000000000000000000000000000000000000000000000
010101111011011001011011001001001001000000000000000000000000000000000000000000000000000000000000
110110010010110110111000101110011001000000000000000000000000000000000000000000000000000000000000
110111000100110110011101101111110110000000000000000000000000000000000000000000000000000000000000
011101110011011011000001000001000000000000000000000000000000000000000000000000000000000000000000
000101100000001001010010101101101111000000000000000000000000000000000000000000000000000000000000
111010100100111111110001110011110000000000000000000000000000000000000000000000000000000000000000
011110011111100110100001000101111101000000000000000000000000000000000000000000000000000000000000
100001000101101101110111100111000010000000000000000000000000000000000000000000000000000000000000
111010011111000001011111110110011011000000000000000000000000000000000000000000000000000000000000
000011011111010001000101101001011000000000000000000000000000000000000000000000000000000000000000
011101001000101000010001011001100100000000000000000000000000000000000000000000000000000000000000
010010101111011111100011001110111100000000000000000000000000000000000000000000000000000000000000
100110110001110001011001001000101000000000000000000000000000000000000000000000000000000000000000
010001101110001100101111011001101001000000000000000000000000000000000000000000000000000000000000
000001101101100011100101011101010101000000000000000000000000000000000000000000000000000000000000
010101011110101010101001100000011101000000000000000000000000000000000000000000000000000000000000
100011100111110111101111000110101110000000000000000000000000000000000000000000000000000000000000
111111111001011001100011010000110111000000000000000000000000000000000000000000000000000000000000
011100011010100011111100111100111110000000000000000000000000000000000000000000000000000000000000
010011000011110110100010011000000100000000000000000000000000000000000000000000000000000000000000
000111101001111111011100111111111110000000000000000000000000000000000000000000000000000000000000
110011010110110101001100101000010010000000000000000000000000000000000000000000000000000000000000
100010011010000010011101100111100001000000000000000000000000000000000000000000000000000000000000
001011000100000000110101111111111110000000000000000000000000000000000000000000000000000000000000
011111110101010001011101101010000100000000000000000000000000000000000000000000000000000000000000
111110110110101100110010000111110100000000000000000000000000000000000000000000000000000000000000
100110111010111001011000010111101101000000000000000000000000000000000000000000000000000000000000
001000100101101100110011001000000100000000000000000000000000000000000000000000000000000000000000
101101111011011000010111000011000001000000000000000000000000000000000000000000000000000000000000
111111111011011001001101011111001110000000000000000000000000000000000000000000000000000000000000
101001100110101010101111110001011110000000000000000000000000000000000000000000000000000000000000
111000101011101011011111111101100010000000000000000000000000000000000000000000000000000000000000
000100100100001110111100011101001010000000000000000000000000000000000000000000000000000000000000
001110100100000101001011010011110101000000000000000000000000000000000000000000000000000000000000
101101011011111101101110010000011110000000000000000000000000000000000000000000000000000000000000
011101100001001110011000010110010000000000000000000000000000000000000000000000000000000000000000
011111011011111101100011000101110111000000000000000000000000000000000000000000000000000000000000
111010010100000111010001110110010001000000000000000000000000000000000000000000000000000000000000
100110110001000111000111111111100110000000000000000000000000000000000000000000000000000000000000
111101001001101111010111101101101010000000000000000000000000000000000000000000000000000000000000
101111110111010110011001001011010000000000000000000000000000000000000000000000000000000000000000
000000011000000100000001100110110010000000000000000000000000000000000000000000000000000000000000
110000011111110111101001011011001000000000000000000000000000000000000000000000000000000000000000
111000000100100000011101011000010010000000000000000000000000000000000000000000000000000000000000
010110011010001101000100011111100011000000000000000000000000000000000000000000000000000000000000
010001111110101100001111000101010000000000000000000000000000000000000000000000000000000000000000
100010011101011100000101001110100010000000000000000000000000000000000000000000000000000000000000
111000110111100001011010110000011010000000000000000000000000000000000000000000000000000000000000
101100001000000111000110100001110011000000000000000000000000000000000000000000000000000000000000
011001010100010110010101010010000110000000000000000000000000000000000000000000000000000000000000
010010101010010000010011110000101100000000000000000000000000000000000000000000000000000000000000
000000010011010001100001001011000110000000000000000000000000000000000000000000000000000000000000
110001110110011110011000111000110010000000000000000000000000000000000000000000000000000000000000
101001011110110111000010011010101010000000000000000000000000000000000000000000000000000000000000
100110110010001010001001101100001000000000000000000000000000000000000000000000000000000000000000
100111101011000000110100101111001110000000000000000000000000000000000000000000000000000000000000
001110001000101111010100011111100011000000000000000000000000000000000000000000000000000000000000
001110010110001010111101111100101111000000000000000000000000000000000000000000000000000000000000
010110010111101011101101101010011001000000000000000000000000000000000000000000000000000000000000
100010010010000011100111111000011111000000000000000000000000000000000000000000000000000000000000
011101001101101010110001111110100011000000000000000000000000000000000000000000000000000000000000
010110110110010111100100011011111101000000000000000000000000000000000000000000000000000000000000
000010010011101000001010111001110010000000000000000000000000000000000000000000000000000000000000
110110101011111000100110001001110010000000000000000000000000000000000000000000000000000000000000
110111110111101100110010111000010101000000000000000000000000000000000000000000000000000000000000
100100100001010001010110111011111111000000000000000000000000000000000000000000000000000000000000
110111000011111100111010011111010011000000000000000000000000000000000000000000000000000000000000
010000100000110100110000000011101111000000000000000000000000000000000000000000000000000000000000
001111110000101110001000000010000001000000000000000000000000000000000000000000000000000000000000
001110010101010011010101000000111111000000000000000000000000000000000000000000000000000000000000
001101001110001011011010011000010000000000000000000000000000000000000000000000000000000000000000
000011000001000010011111001000101001000000000000000000000000000000000000000000000000000000000000
010110111111111110100001010010111011000000000000000000000000000000000000000000000000000000000000
011000111001000100011000101011001100000000000000000000000000000000000000000000000000000000000000
001010011110111101011100101011110011000000000000000000000000000000000000000000000000000000000000
101001110010101111101111010001000101000000000000000000000000000000000000000000000000000000000000
100000110000000100100011101101101000000000000000000000000000000000000000000000000000000000000000
010111101101111011100100101110100011000000000000000000000000000000000000000000000000000000000000
000010111110110000100100011010010101000000000000000000000000000000000000000000000000000000000000
100111100110001000110001110101011100000000000000000000000000000000000000000000000000000000000000
110011011011111010010111100111011011000000000000000000000000000000000000000000000000000000000000
100100110010101000001110010001011110000000000000000000000000000000000000000000000000000000000000
111111111011001111001110111101001111000000000000000000000000000000000000000000000000000000000000
101101100011111100011001010100110110000000000000000000000000000000000000000000000000000000000000
111110100000101100000101010110011000000000000000000000000000000000000000000000000000000000000000
100010111110010100101001100000101000000000000000000000000000000000000000000000000000000000000000
111111010110100001110001100110101011000000000000000000000000000000000000000000000000000000000000
100111010011010001000000101100001110000000000000000000000000000000000000000000000000000000000000
111111110010000101001000010001000110000000000000000000000000000000000000000000000000000000000000
110000111111101001100100101110101101000000000000000000000000000000000000000000000000000000000000
110111111011000011110101101101001000000000000000000000000000000000000000000000000000000000000000
000110100110001110010101101111010110000000000000000000000000000000000000000000000000000000000000
011001111110000111011110001011100000000000000000000000000000000000000000000000000000000000000000
110111111010000010011111111111000100000000000000000000000000000000000000000000000000000000000000
101011110101111111110111000000011101000000000000000000000000000000000000000000000000000000000000
100100110010011000010010100101101000000000000000000000000000000000000000000000000000000000000000
011111010011100100110001101101000101000000000000000000000000000000000000000000000000000000000000
100000110110000101101100101110110100000000000000000000000000000000000000000000000000000000000000
001010101101110000010110110000001101000000000000000000000000000000000000000000000000000000000000
011110000111001010011101100000010001000000000000000000000000000000000000000000000000000000000000
111110001101100100100110110101101001000000000000000000000000000000000000000000000000000000000000
111001111010001100110101010010101010000000000000000000000000000000000000000000000000000000000000
101010011111010101001100101011010100000000000000000000000000000000000000000000000000000000000000
001100000011000001000100101111000111000000000000000000000000000000000000000000000000000000000000
001001110110111010110110011101101110000000000000000000000000000000000000000000000000000000000000
101100111010010100011000110111000000000000000000000000000000000000000000000000000000000000000000
010101000001000001000110000111010011000000000000000000000000000000000000000000000000000000000000
001100100110100001111000101000010011000000000000000000000000000000000000000000000000000000000000
110011101100010000111101101011010101000000000000000000000000000000000000000000000000000000000000
001110111011000110110111110000011001000000000000000000000000000000000000000000000000000000000000
000000101001111010100011101011111010000000000000000000000000000000000000000000000000000000000000
100110010010110101111010000001100010000000000000000000000000000000000000000000000000000000000000
000000010100101000101011001010100011000000000000000000000000000000000000000000000000000000000000
110111100100111010011110011100000100000000000000000000000000000000000000000000000000000000000000
000011001001111010010101100000110110000000000000000000000000000000000000000000000000000000000000
111100010000000101011101110011010100000000000000000000000000000000000000000000000000000000000000
100000111010111010000110000010111001000000000000000000000000000000000000000000000000000000000000
011000100001100110001101010101010101000000000000000000000000000000000000000000000000000000000000
100100100000111101011110101100011110000000000000000000000000000000000000000000000000000000000000
111100011110000111110101110101111011000000000000000000000000000000000000000000000000000000000000
100000111111010011001110010000101011000000000000000000000000000000000000000000000000000000000000
101011001101000001110010010011110111000000000000000000000000000000000000000000000000000000000000
110011110010111100001101010101011010000000000000000000000000000000000000000000000000000000000000
111101110100001010000001010001010000000000000000000000000000000000000000000000000000000000000000
111000000101001110010011010001101010000000000000000000000000000000000000000000000000000000000000
111101000101101001011111011010101011000000000000000000000000000000000000000000000000000000000000
110110101000001100101000010010110011000000000000000000000000000000000000000000000000000000000000
110011010111100110001001101100101011000000000000000000000000000000000000000000000000000000000000
000100100001100100101101110011101101000000000000000000000000000000000000000000000000000000000000
100110100111101100010011111010101000000000000000000000000000000000000000000000000000000000000000
011001010100001100111111000100111101000000000000000000000000000000000000000000000000000000000000
110011011101110000000110010101101100000000000000000000000000000000000000000000000000000000000000
001101010100000010000100111100110010000000000000000000000000000000000000000000000000000000000000
011010001010110111000110101010000011000000000000000000000000000000000000000000000000000000000000
010101001111110100011001011000001011000000000000000000000000000000000000000000000000000000000000
001001000110110011000110100010010011000000000000000000000000000000000000000000000000000000000000
000010010001011001100100111100100100000000000000000000000000000000000000000000000000000000000000
111011011100111110100001001000111011000000000000000000000000000000000000000000000000000000000000
011100111000110000111111011011101100000000000000000000000000000000000000000000000000000000000000
110010110000010001000100110000011100000000000000000000000000000000000000000000000000000000000000
001100101100110010110001011000111010000000000000000000000000000000000000000000000000000000000000
000001001111110001101001011110110011000000000000000000000000000000000000000000000000000000000000
000110011111101001001101100000111101000000000000000000000000000000000000000000000000000000000000
010100001101111001010000001110110101000000000000000000000000000000000000000000000000000000000000
111000111111111011111011100000100101000000000000000000000000000000000000000000000000000000000000
011100011100100111110110101101101010000000000000000000000000000000000000000000000000000000000000
010100000011011001111001011010011010000000000000000000000000000000000000000000000000000000000000
000011011011111100101011010000101111000000000000000000000000000000000000000000000000000000000000
010100100111100110010010001001001000000000000000000000000000000000000000000000000000000000000000
001001010010011011010100001100011101000000000000000000000000000000000000000000000000000000000000
011110010100011000101101111100010110000000000000000000000000000000000000000000000000000000000000
001100101011001101000101000101010000000000000000000000000000000000000000000000000000000000000000
110000111010100111111001011111100110000000000000000000000000000000000000000000000000000000000000
001010101100101000011100101010100001000000000000000000000000000000000000000000000000000000000000
010000110101000110101001100110011110000000000000000000000000000000000000000000000000000000000000
000110011101110000101000101000101011000000000000000000000000000000000000000000000000000000000000
011100011100001000111000110010000100000000000000000000000000000000000000000000000000000000000000
010011110111011000100111110110101000000000000000000000000000000000000000000000000000000000000000
001100110011000000000011000000101000000000000000000000000000000000000000000000000000000000000000
111101010101101101101110010101011001000000000000000000000000000000000000000000000000000000000000
100100001111010111110110100010111000000000000000000000000000000000000000000000000000000000000000
110010110010110110011000100101101011000000000000000000000000000000000000000000000000000000000000
101011010000001010010011100011001111000000000000000000000000000000000000000000000000000000000000
100111110101010011100011100011000010000000000000000000000000000000000000000000000000000000000000
011001001010010101000001011111011000000000000000000000000000000000000000000000000000000000000000
110100001110010010110001101001001110000000000000000000000000000000000000000000000000000000000000
100010010100101000011000111000010000000000000000000000000000000000000000000000000000000000000000
100000011010001000101000010010110000000000000000000000000000000000000000000000000000000000000000
111110010110000011111000001110001010000000000000000000000000000000000000000000000000000000000000
111011110110001010110111110010101001000000000000000000000000000000000000000000000000000000000000
110011110011010111001011111110111000000000000000000000000000000000000000000000000000000000000000
001001001111000101010010011101000000000000000000000000000000000000000000000000000000000000000000
011110110100111011011001101010111101000000000000000000000000000000000000000000000000000000000000
011011001000101000001010111010000010000000000000000000000000000000000000000000000000000000000000
111110100000111100011101111101110111000000000000000000000000000000000000000000000000000000000000
101100101001100011101101000110001010000000000000000000000000000000000000000000000000000000000000
110010101001101001000000101000001011000000000000000000000000000000000000000000000000000000000000
000011101111001011111100101010101000000000000000000000000000000000000000000000000000000000000000
100000000011010101100001001111100111000000000000000000000000000000000000000000000000000000000000
011010101010001011100110010010101001000000000000000000000000000000000000000000000000000000000000
110110110110010111100111001010100110000000000000000000000000000000000000000000000000000000000000
101000110111000011011010010010100101000000000000000000000000000000000000000000000000000000000000
101101011000101101001100111101100111000000000000000000000000000000000000000000000000000000000000
101110010111011001110111101001101101000000000000000000000000000000000000000000000000000000000000
101010100000010110100001001101011011000000000000000000000000000000000000000000000000000000000000
111001001001101101101011110011010111000000000000000000000000000000000000000000000000000000000000
110011010101100010110100000111111000000000000000000000000000000000000000000000000000000000000000
011100000011011111100000010010100111000000000000000000000000000000000000000000000000000000000000
111101101110000000111111100011010101000000000000000000000000000000000000000000000000000000000000
000101011010010101110110010100001111000000000000000000000000000000000000000000000000000000000000
011011111010011010110001000000111001000000000000000000000000000000000000000000000000000000000000
010001111100101011100001000110000100000000000000000000000000000000000000000000000000000000000000
110111000001001101100111100011011110000000000000000000000000000000000000000000000000000000000000
001001101111100101010110011010111010000000000000000000000000000000000000000000000000000000000000
100011001000110110101100101000111111000000000000000000000000000000000000000000000000000000000000
000100101100011001111100001111001010000000000000000000000000000000000000000000000000000000000000
011101010110110011101110110010001111000000000000000000000000000000000000000000000000000000000000
010100101100000111001100001110101010000000000000000000000000000000000000000000000000000000000000
001001011111010100010100011101100111000000000000000000000000000000000000000000000000000000000000
010101000111101110111001100011110111000000000000000000000000000000000000000000000000000000000000
010000110001011010011111001001011101000000000000000000000000000000000000000000000000000000000000
011101100000000100111110001110000000000000000000000000000000000000000000000000000000000000000000
000100101111111000101111011011100001000000000000000000000000000000000000000000000000000000000000
101110010010111101111011001010101100000000000000000000000000000000000000000000000000000000000000
101010111001100110111001110000000010000000000000000000000000000000000000000000000000000000000000
010000001110000011010010001011001011000000000000000000000000000000000000000000000000000000000000
001110011010001110110011111011101110000000000000000000000000000000000000000000000000000000000000
010111000111010110101000001001000111000000000000000000000000000000000000000000000000000000000000
110011100100010101010100001001100100000000000000000000000000000000000000000000000000000000000000
010110010001011111100100100001110000000000000000000000000000000000000000000000000000000000000000
101011000011001000100101011010010011000000000000000000000000000000000000000000000000000000000000
001011011001111000111110101010110100000000000000000000000000000000000000000000000000000000000000
101011001101001110111001001110011000000000000000000000000000000000000000000000000000000000000000
101111011010011001110010010110101000000000000000000000000000000000000000000000000000000000000000
011111101011111100101000010001111011000000000000000000000000000000000000000000000000000000000000
100010110010111001110101000101011000000000000000000000000000000000000000000000000000000000000000
000010010001000111101110110011010010000000000000000000000000000000000000000000000000000000000000
110010100000000101011010000100010000000000000000000000000000000000000000000000000000000000000000
100111100001011011011001001111110010000000000000000000000000000000000000000000000000000000000000
010011101001110100111101000011011110000000000000000000000000000000000000000000000000000000000000
100111110101010110001111001101011111000000000000000000000000000000000000000000000000000000000000
111011000100001000101010000100000101000000000000000000000000000000000000000000000000000000000000
001111110100100110100100100101111111000000000000000000000000000000000000000000000000000000000000
110001110011100000101001110010100011000000000000000000000000000000000000000000000000000000000000
010111111101111010110100010011011011000000000000000000000000000000000000000000000000000000000000
110101010001000100100001001111010010000000000000000000000000000000000000000000000000000000000000
111000110111100101010110001011001101000000000000000000000000000000000000000000000000000000000000
001111100001001000000111010001000111000000000000000000000000000000000000000000000000000000000000
000001100101010001111110010101101000000000000000000000000000000000000000000000000000000000000000
000101011011001110000111101011100101000000000000000000000000000000000000000000000000000000000000
010100111010101100111000100000111101000000000000000000000000000000000000000000000000000000000000
010000100111001000111010001101111001000000000000000000000000000000000000000000000000000000000000
001101001010000111101111011010111110000000000000000000000000000000000000000000000000000000000000
000111011111101101001101001001101100000000000000000000000000000000000000000000000000000000000000
110010100110111010100010010001110011000000000000000000000000000000000000000000000000000000000000
111110001000010001101000011001101011000000000000000000000000000000000000000000000000000000000000
010001011100110000110010101101011111000000000000000000000000000000000000000000000000000000000000
011111010100100111011100001000000010000000000000000000000000000000000000000000000000000000000000
100010011010000110001001100010010011000000000000000000000000000000000000000000000000000000000000
000100001000010010011000110010011000000000000000000000000000000000000000000000000000000000000000
011110001101111111010100010010011101000000000000000000000000000000000000000000000000000000000000
111110000000010000011011010011000010000000000000000000000000000000000000000000000000000000000000
000001100111101101101001110000111110000000000000000000000000000000000000000000000000000000000000
110000110010111111010101110111000011000000000000000000000000000000000000000000000000000000000000
011101100010101000010001000010010010000000000000000000000000000000000000000000000000000000000000
010000011101110111110101011010100111000000000000000000000000000000000000000000000000000000000000
100001001100000101001110100100010000000000000000000000000000000000000000000000000000000000000000
011110100101011101000001000100111000000000000000000000000000000000000000000000000000000000000000
000011000110101011000110001010001101000000000000000000000000000000000000000000000000000000000000
100001110000001110000011100111101000000000000000000000000000000000000000000000000000000000000000
110000111110111101011011111011101010000000000000000000000000000000000000000000000000000000000000
001010101111111000100011000110101101000000000000000000000000000000000000000000000000000000000000
001100101001001011001100010000000101000000000000000000000000000000000000000000000000000000000000
000110110010101000101001101111100100000000000000000000000000000000000000000000000000000000000000
011001100111110010100111111010011110000000000000000000000000000000000000000000000000000000000000
110111000001100101100001101100000000000000000000000000000000000000000000000000000000000000000000
110100000010101001010011100001010101000000000000000000000000000000000000000000000000000000000000
010110111011110110001110110011101101000000000000000000000000000000000000000000000000000000000000
011000011000001001011010111101111111000000000000000000000000000000000000000000000000000000000000
111100100110111100100100010100011101000000000000000000000000000000000000000000000000000000000000
011100110010101100110010111110010110000000000000000000000000000000000000000000000000000000000000
011010000101000000101010011000010001000000000000000000000000000000000000000000000000000000000000
101111000101011100011100001110010111000000000000000000000000000000000000000000000000000000000000
110010011100111110110011001110101110000000000000000000000000000000000000000000000000000000000000
111110100011000101101101010100010110000000000000000000000000000000000000000000000000000000000000
110100011000111010100110000011101111000000000000000000000000000000000000000000000000000000000000
110111000001111001110011000001001111000000000000000000000000000000000000000000000000000000000000
111011000100011101010001010011101001000000000000000000000000000000000000000000000000000000000000
111011000101011001100111011101110101000000000000000000000000000000000000000000000000000000000000
011000111011001111010000000111100011000000000000000000000000000000000000000000000000000000000000
111001100001100100100010110110001010000000000000000000000000000000000000000000000000000000000000
101001101001111101011011000110110000000000000000000000000000000000000000000000000000000000000000
000111110101010111010000000010010111000000000000000000000000000000000000000000000000000000000000
000100100111001111011001100100011011000000000000000000000000000000000000000000000000000000000000
100101000111010101011000100100011001000000000000000000000000000000000000000000000000000000000000
000001001100111000010110001101011001000000000000000000000000000000000000000000000000000000000000
100100110010000001111000111110000101000000000000000000000000000000000000000000000000000000000000
101011100110010110010010011000000010000000000000000000000000000000000000000000000000000000000000
111101001011011011000110011011011000000000000000000000000000000000000000000000000000000000000000
010011010000011010010110101000100110000000000000000000000000000000000000000000000000000000000000
011110100010100101010000001000101111000000000000000000000000000000000000000000000000000000000000
000001010000100110001010101011010011000000000000000000000000000000000000000000000000000000000000
000000010111111101100110110101001011000000000000000000000000000000000000000000000000000000000000
011111011001101110111111111111010100000000000000000000000000000000000000000000000000000000000000
110001111010010110101111111001111001000000000000000000000000000000000000000000000000000000000000
110100011110010110000011111010010110000000000000000000000000000000000000000000000000000000000000
111011010010000011100010010100101110000000000000000000000000000000000000000000000000000000000000
100001111100010100011000001000110110000000000000000000000000000000000000000000000000000000000000
111001001000001000111001010101010010000000000000000000000000000000000000000000000000000000000000
001001111110010101110110011011111010000000000000000000000000000000000000000000000000000000000000
000110110100011100000000101011000100000000000000000000000000000000000000000000000000000000000000
100101111111010101011000110111111100000000000000000000000000000000000000000000000000000000000000
011100010111111110110011110111111111000000000000000000000000000000000000000000000000000000000000
111110000010000001100010011000001111000000000000000000000000000000000000000000000000000000000000
011110110100100101110110111111100100000000000000000000000000000000000000000000000000000000000000
101111011101001111101001001111101001000000000000000000000000000000000000000000000000000000000000
101011100111100000100010010111010000000000000000000000000000000000000000000000000000000000000000
010100100000001100000101000101111010000000000000000000000000000000000000000000000000000000000000
000011101001101101111111101000110001000000000000000000000000000000000000000000000000000000000000
001011000011011000001111110111100011000000000000000000000000000000000000000000000000000000000000
100111110101110101100101011111000100000000000000000000000000000000000000000000000000000000000000
111000000111111110010011010000010110000000000000000000000000000000000000000000000000000000000000
111011011111100101100011111011010000000000000000000000000000000000000000000000000000000000000000
011110000010001001101001011010110000000000000000000000000000000000000000000000000000000000000000
100110000100010011011000110111001001000000000000000000000000000000000000000000000000000000000000
000100101111110011001010001010110001000000000000000000000000000000000000000000000000000000000000
010011110100100110010111011101011011000000000000000000000000000000000000000000000000000000000000
011010001010000111111010011000011011000000000000000000000000000000000000000000000000000000000000
101000110000110010100011001000000101000000000000000000000000000000000000000000000000000000000000
110101101011001000011100000100010001000000000000000000000000000000000000000000000000000000000000
111001001101000101101101100010101101000000000000000000000000000000000000000000000000000000000000
000001100101110001110011010000011010000000000000000000000000000000000000000000000000000000000000
011000100110101010010111010001100100000000000000000000000000000000000000000000000000000000000000
110101001100101010011111110000001001000000000000000000000000000000000000000000000000000000000000
100010010000010100001100010101111101000000000000000000000000000000000000000000000000000000000000
000010000110110011001111100000010101000000000000000000000000000000000000000000000000000000000000
100110010011110000101001010000100000000000000000000000000000000000000000000000000000000000000000
010000000000111011111101110010001101000000000000000000000000000000000000000000000000000000000000
000000110000101111110101111111101000000000000000000000000000000000000000000000000000000000000000
110010011111100000110110111100101011000000000000000000000000000000000000000000000000000000000000
010100000000000100010111110110011000000000000000000000000000000000000000000000000000000000000000
000001111000110101110101010101100000000000000000000000000000000000000000000000000000000000000000
101011101110011010100101011011100011000000000000000000000000000000000000000000000000000000000000
001000000101111110001000000111101010000000000000000000000000000000000000000000000000000000000000
101010010101101111100001000010111100000000000000000000000000000000000000000000000000000000000000
111111101010110110000110100110011110000000000000000000000000000000000000000000000000000000000000
101101111000010000100111110100110101000000000000000000000000000000000000000000000000000000000000
010000000010101000110100101001000100000000000000000000000000000000000000000000000000000000000000
100100011000001100110010011000010111000000000000000000000000000000000000000000000000000000000000
010110010011000111110001011010010001000000000000000000000000000000000000000000000000000000000000
101010111000111101100101111010000001000000000000000000000000000000000000000000000000000000000000
100011000011000110011100010111001100000000000000000000000000000000000000000000000000000000000000
010010011010011010010001101001100110000000000000000000000000000000000000000000000000000000000000
000011111110001111101111000100110011000000000000000000000000000000000000000000000000000000000000
101011101000010010001011110010110110000000000000000000000000000000000000000000000000000000000000
001010111110111111001001110101000001000000000000000000000000000000000000000000000000000000000000
001001100110110001001010001111101100000000000000000000000000000000000000000000000000000000000000
001110110011100010100000101010110111000000000000000000000000000000000000000000000000000000000000
111100000111110000101111001010111011000000000000000000000000000000000000000000000000000000000000
100001000001100110100111101100101100000000000000000000000000000000000000000000000000000000000000
110110101010011011010101111100111111000000000000000000000000000000000000000000000000000000000000
010111110011000000101001000000000111000000000000000000000000000000000000000000000000000000000000
000111001010110100110101101000110011000000000000000000000000000000000000000000000000000000000000
000101001001010010010110110101111101000000000000000000000000000000000000000000000000000000000000
001011011101000101100110101110110111000000000000000000000000000000000000000000000000000000000000
001001001000101101100110110010111010000000000000000000000000000000000000000000000000000000000000
001110010011111000001011000111111010000000000000000000000000000000000000000000000000000000000000
100010110101110101011100111000011010000000000000000000000000000000000000000000000000000000000000
010110010100101101010000011111001101000000000000000000000000000000000000000000000000000000000000
000011101111000011001100100000011110000000000000000000000000000000000000000000000000000000000000
000000111000001110100011001000100111000000000000000000000000000000000000000000000000000000000000
000000111101110010100011110101001000000000000000000000000000000000000000000000000000000000000000
110110101000100010000010101100110001000000000000000000000000000000000000000000000000000000000000
011011111010001000010010010100010100000000000000000000000000000000000000000000000000000000000000
010111110111100010000100100100000001000000000000000000000000000000000000000000000000000000000000
011110111010101110110101110111011010000000000000000000000000000000000000000000000000000000000000
001100101100100001001010110101110110000000000000000000000000000000000000000000000000000000000000
101100011000110100010101001010000011000000000000000000000000000000000000000000000000000000000000
100111100100100010001011101000011011000000000000000000000000000000000000000000000000000000000000
100101001111000110000100100111101111000000000000000000000000000000000000000000000000000000000000
110011010110001100110001100100100001000000000000000000000000000000000000000000000000000000000000
010011001000011100111000110001101001000000000000000000000000000000000000000000000000000000000000
101100100101011011000000001001110011000000000000000000000000000000000000000000000000000000000000
001010001110011100101110111010001101000000000000000000000000000000000000000000000000000000000000
100100111111110011110011011000111001000000000000000000000000000000000000000000000000000000000000
100000010011100110111110010001101001000000000000000000000000000000000000000000000000000000000000
100000101101100110111111000100110110000000000000000000000000000000000000000000000000000000000000
000001011010011101101011010111011100000000000000000000000000000000000000000000000000000000000000
110000001010101011110001110110000101000000000000000000000000000000000000000000000000000000000000
101100110111110110010110111001011000000000000000000000000000000000000000000000000000000000000000
010001010101011001001101101111100111000000000000000000000000000000000000000000000000000000000000
111010110010101111011110101011111010000000000000000000000000000000000000000000000000000000000000
000101011001111111010001101100000010000000000000000000000000000000000000000000000000000000000000
101101100110111011011000101101101111000000000000000000000000000000000000000000000000000000000000
001111011110000000100100111101110101000000000000000000000000000000000000000000000000000000000000
010110111101111100111111100010101000000000000000000000000000000000000000000000000000000000000000
101100101101100101001101100111010110000000000000000000000000000000000000000000000000000000000000
011000010011010001000101010000000111000000000000000000000000000000000000000000000000000000000000
001011101110011101001100001111000011000000000000000000000000000000000000000000000000000000000000
001010111000101110101111101011001111000000000000000000000000000000000000000000000000000000000000
010101010010000110111101110111000101000000000000000000000000000000000000000000000000000000000000
100011101001010010001011100100001111000000000000000000000000000000000000000000000000000000000000
110010100010100011010011111001010010000000000000000000000000000000000000000000000000000000000000
000010001101011001100001100001011010000000000000000000000000000000000000000000000000000000000000
010100010110111101101001010001100111000000000000000000000000000000000000000000000000000000000000
010011001100011101000101111000010010000000000000000000000000000000000000000000000000000000000000
110011100010001000010101000001001100000000000000000000000000000000000000000000000000000000000000
000000000001100100110000101101101101000000000000000000000000000000000000000000000000000000000000
111011101010011111111110101111110101000000000000000000000000000000000000000000000000000000000000
000101111110110010100101100010000110000000000000000000000000000000000000000000000000000000000000
101010111101011000001110010001011010000000000000000000000000000000000000000000000000000000000000
010010001100011011100101100101111100000000000000000000000000000000000000000000000000000000000000
100000000001000100001001001100101111000000000000000000000000000000000000000000000000000000000000
011001001111011001100000111000111010000000000000000000000000000000000000000000000000000000000000
111100000001110011011101111110100010000000000000000000000000000000000000000000000000000000000000
001110101011000100010001111010011010000000000000000000000000000000000000000000000000000000000000
011011111011100100001101110000010000000000000000000000000000000000000000000000000000000000000000
011110010110011110101110100001011010000000000000000000000000000000000000000000000000000000000000
001110101110011100001000110000001101000000000000000000000000000000000000000000000000000000000000
001101011111100111101000110110010001000000000000000000000000000000000000000000000000000000000000
101000110010010011110000011011101110000000000000000000000000000000000000000000000000000000000000
000111011111001110011001101001100011000000000000000000000000000000000000000000000000000000000000
101101100101010100000000110001011001000000000000000000000000000000000000000000000000000000000000
010011000101010011000000010001000011000000000000000000000000000000000000000000000000000000000000
101011011010000100011011010111001000000000000000000000000000000000000000000000000000000000000000
110101010010110000111111111110010111000000000000000000000000000000000000000000000000000000000000
111110111100010101001110111010110001000000000000000000000000000000000000000000000000000000000000
000110111111011011110100001000101001000000000000000000000000000000000000000000000000000000000000
001011101110101010001001011100110111000000000000000000000000000000000000000000000000000000000000
001011110011110010010110110100100110000000000000000000000000000000000000000000000000000000000000
011011100010111011001100011100011110000000000000000000000000000000000000000000000000000000000000
110111000001010000111101110001100000000000000000000000000000000000000000000000000000000000000000
111110110001101100110011101111101010000000000000000000000000000000000000000000000000000000000000
110000000001100011110010000100011110000000000000000000000000000000000000000000000000000000000000
011111011011001111011110001110101110000000000000000000000000000000000000000000000000000000000000
100000110101111011010010010000000011000000000000000000000000000000000000000000000000000000000000
111110111011011001011101001110100011000000000000000000000000000000000000000000000000000000000000
111001110010101011000010000101010111000000000000000000000000000000000000000000000000000000000000
010101000000100111000010110011011011000000000000000000000000000000000000000000000000000000000000
001100100011100001101110111101010011000000000000000000000000000000000000000000000000000000000000
110011111111100000100011001100110001000000000000000000000000000000000000000000000000000000000000
000001011010001101111100000110101001000000000000000000000000000000000000000000000000000000000000
111110001010010111001100011101011101000000000000000000000000000000000000000000000000000000000000
010011001100101110110101111111001100000000000000000000000000000000000000000000000000000000000000
110011101111111100111111010000101001000000000000000000000000000000000000000000000000000000000000
110001001001111011111100101011000100000000000000000000000000000000000000000000000000000000000000
110011001010101001100110001100000111000000000000000000000000000000000000000000000000000000000000
110101111011000001101011111001011001000000000000000000000000000000000000000000000000000000000000
101100111011101111001001011111000001000000000000000000000000000000000000000000000000000000000000
000010110111101001001000010001100100000000000000000000000000000000000000000000000000000000000000
000110100100101111000011111001111001000000000000000000000000000000000000000000000000000000000000
001001011011000010011010011010100110000000000000000000000000000000000000000000000000000000000000
011111010010001000110000001010001011000000000000000000000000000000000000000000000000000000000000
000010111110010111000001100000110001000000000000000000000000000000000000000000000000000000000000
111101100110101110110001110110111001000000000000000000000000000000000000000000000000000000000000
101100101101100000110110010010101111000000000000000000000000000000000000000000000000000000000000
000111001011000100011111000110100001000000000000000000000000000000000000000000000000000000000000
100101100110010001101011000101000010000000000000000000000000000000000000000000000000000000000000
111010001100110110111010010111100000000000000000000000000000000000000000000000000000000000000000
011011110011101011101001110110011001000000000000000000000000000000000000000000000000000000000000
111000110010010001100011001101001100000000000000000000000000000000000000000000000000000000000000
100000011100001011001111000100010000000000000000000000000000000000000000000000000000000000000000
000110100011010011010100100000111011000000000000000000000000000000000000000000000000000000000000
001011000110110111111010011010100010000000000000000000000000000000000000000000000000000000000000
110110001110101100110011011101010110000000000000000000000000000000000000000000000000000000000000
001111010111110000010111111101001011000000000000000000000000000000000000000000000000000000000000
100010011111110110111001110011011100000000000000000000000000000000000000000000000000000000000000
010111101100101100101010010000101101000000000000000000000000000000000000000000000000000000000000
001101010110111000001010111101001000000000000000000000000000000000000000000000000000000000000000
111010111001011100010001100011101100000000000000000000000000000000000000000000000000000000000000
111010101101001100010000101001111111000000000000000000000000000000000000000000000000000000000000
100111011010101001011011010011111111000000000000000000000000000000000000000000000000000000000000
111011000101111101000111011001101110000000000000000000000000000000000000000000000000000000000000
010111100100010011000000000100110011000000000000000000000000000000000000000000000000000000000000
101010100111100101110011010110111101000000000000000000000000000000000000000000000000000000000000
000001000101010110111100110000100001000000000000000000000000000000000000000000000000000000000000
110110001010101111110000101001011111000000000000000000000000000000000000000000000000000000000000
011110000001010011000110000101010011000000000000000000000000000000000000000000000000000000000000
110001010011001011100111000001011101000000000000000000000000000000000000000000000000000000000000
011010010000100000000101101101000001000000000000000000000000000000000000000000000000000000000000
000011110101011100101000100100110001000000000000000000000000000000000000000000000000000000000000
000100011111001000010001111111111100000000000000000000000000000000000000000000000000000000000000
000111100111011110001110000111100001000000000000000000000000000000000000000000000000000000000000
000000101000000100011111011110011110000000000000000000000000000000000000000000000000000000000000
100110101000101101111001011000111100000000000000000000000000000000000000000000000000000000000000
110111001001010001101001110100001001000000000000000000000000000000000000000000000000000000000000
101111110010100011000000111011000101000000000000000000000000000000000000000000000000000000000000
000111000000000111011100001101101111000000000000000000000000000000000000000000000000000000000000
010010000100110111100111111101010110000000000000000000000000000000000000000000000000000000000000
101101011100110111000100001010100000000000000000000000000000000000000000000000000000000000000000
110100111111001001000010101011001000000000000000000000000000000000000000000000000000000000000000
011011000110010010010110010010010001000000000000000000000000000000000000000000000000000000000000
111110111011100110110000111001000100000000000000000000000000000000000000000000000000000000000000
001111101010100111101000010101110110000000000000000000000000000000000000000000000000000000000000
000001010101100010111101111011100111000000000000000000000000000000000000000000000000000000000000
011101100101000111010010010111000101000000000000000000000000000000000000000000000000000000000000
010001111111110100100000011001110000000000000000000000000000000000000000000000000000000000000000
100110001000110001001110111101111110000000000000000000000000000000000000000000000000000000000000
011000111001101101000011011011110101000000000000000000000000000000000000000000000000000000000000
010000110011010101101111100010101110000000000000000000000000000000000000000000000000000000000000
101101110111100100011101111000010001000000000000000000000000000000000000000000000000000000000000
001001101011110000011011001011110001000000000000000000000000000000000000000000000000000000000000
001001011111000001001001110011101000000000000000000000000000000000000000000000000000000000000000
101011010000100000101001100111011111000000000000000000000000000000000000000000000000000000000000
111101111000011110101010011111010100000000000000000000000000000000000000000000000000000000000000
000010110101111101100110110111011011000000000000000000000000000000000000000000000000000000000000
110101001101101000110100000001010010000000000000000000000000000000000000000000000000000000000000
011111101100101100011110010011100011000000000000000000000000000000000000000000000000000000000000
000000111010001101000001001010100111000000000000000000000000000000000000000000000000000000000000
111110101100001110100010111000111110000000000000000000000000000000000000000000000000000000000000
100000000011101011011000010000100000000000000000000000000000000000000000000000000000000000000000
000110011101111110001100101111010110000000000000000000000000000000000000000000000000000000000000
000101101001010010110111001010011011000000000000000000000000000000000000000000000000000000000000
000011001001011111100111100101101110000000000000000000000000000000000000000000000000000000000000
101001010000110101101010001111010011000000000000000000000000000000000000000000000000000000000000
111100000010111110101110110101010101000000000000000000000000000000000000000000000000000000000000
000010001101000010000010110001100111000000000000000000000000000000000000000000000000000000000000
101101100001011010011011001110100001000000000000000000000000000000000000000000000000000000000000
000100110100010011101010110101010001000000000000000000000000000000000000000000000000000000000000
011000011110111110111111100101110100000000000000000000000000000000000000000000000000000000000000
011001110110011001110011100100010000000000000000000000000000000000000000000000000000000000000000
000010000100100011100000111001001110000000000000000000000000000000000000000000000000000000000000
000000110111000000011101101011101000000000000000000000000000000000000000000000000000000000000000
010011011100100110101000110101110101000000000000000000000000000000000000000000000000000000000000
011100101001111101111101101000010110000000000000000000000000000000000000000000000000000000000000
001101001011110000111111101101010000000000000000000000000000000000000000000000000000000000000000
101001111101011100000101111100011001000000000000000000000000000000000000000000000000000000000000
001011001101111100111010000100000010000000000000000000000000000000000000000000000000000000000000
001111011111010101100111110010001001000000000000000000000000000000000000000000000000000000000000
110111011001111110001101111010010111000000000000000000000000000000000000000000000000000000000000
101001110100001010101000010101110110000000000000000000000000000000000000000000000000000000000000
111010100010000111110101011011010001000000000000000000000000000000000000000000000000000000000000
100010100011100001111010100110001101000000000000000000000000000000000000000000000000000000000000
001011011100100100000000010001011110000000000000000000000000000000000000000000000000000000000000
000010111011100100011100101010011001000000000000000000000000000000000000000000000000000000000000
011001010000010111111000101101101011000000000000000000000000000000000000000000000000000000000000
110111100011101101000100101100100110000000000000000000000000000000000000000000000000000000000000
010100011100101000110010101011000001000000000000000000000000000000000000000000000000000000000000
001111110110111010011101000000111101000000000000000000000000000000000000000000000000000000000000
000101011101111100110111110011100000000000000000000000000000000000000000000000000000000000000000
110000011101001011101100010010100000000000000000000000000000000000000000000000000000000000000000
010001100010110100100010011101011010000000000000000000000000000000000000000000000000000000000000
010011111110100110001101000011010100000000000000000000000000000000000000000000000000000000000000
001000110100010010110100101011110111000000000000000000000000000000000000000000000000000000000000
100010111100111010011111100011001100000000000000000000000000000000000000000000000000000000000000
000111100011001100010001110100000010000000000000000000000000000000000000000000000000000000000000
110100001110000010111000000100000010000000000000000000000000000000000000000000000000000000000000
000010011010110111001111001000110110000000000000000000000000000000000000000000000000000000000000
011011011100010100100101001100100110000000000000000000000000000000000000000000000000000000000000
110010110010101011100000111110010011000000000000000000000000000000000000000000000000000000000000
001100001101100010011111111011110010000000000000000000000000000000000000000000000000000000000000
101000011001110110101010011100111011000000000000000000000000000000000000000000000000000000000000
100110111001110101000000110001110010000000000000000000000000000000000000000000000000000000000000
100001010100100000001010111011011010000000000000000000000000000000000000000000000000000000000000
011001101101110001001110011100011110000000000000000000000000000000000000000000000000000000000000
110101110001010011001111100011110000000000000000000000000000000000000000000000000000000000000000
110111111001010000011011110110011001000000000000000000000000000000000000000000000000000000000000
101001100111011100000001111110110110000000000000000000000000000000000000000000000000000000000000
100101011001110101110000101100001010000000000000000000000000000000000000000000000000000000000000
111010010111010100100000000010010010000000000000000000000000000000000000000000000000000000000000
100100100011001100110101111001101111000000000000000000000000000000000000000000000000000000000000
000110110110000000100101011111011000000000000000000000000000000000000000000000000000000000000000
001010110000000010001101111111110001000000000000000000000000000000000000000000000000000000000000
001111111110010010001101001010001110000000000000000000000000000000000000000000000000000000000000
111101110001100001101111110001110110000000000000000000000000000000000000000000000000000000000000
010100001100010111100100011100010011000000000000000000000000000000000000000000000000000000000000
101000001100100101011110111100010111000000000000000000000000000000000000000000000000000000000000
