001010001110111011101101000011100000000000000000000000000000000000000000000000000000000000000000
111101001100000011011000010100010011000000000000000000000000000000000000000000000000000000000000
110011101011110010101000111000110010000000000000000000000000000000000000000000000000000000000000
001111011101100001001111010110011101000000000000000000000000000000000000000000000000000000000000
111100000011001001110110000000110101000000000000000000000000000000000000000000000000000000000000
011100000110100100100101101110110101000000000000000000000000000000000000000000000000000000000000
010100111111111110111010111111110101000000000000000000000000000000000000000000000000000000000000
111111000110100110100001101010001110000000000000000000000000000000000000000000000000000000000000
010011111101110110000110010111011010000000000000000000000000000000000000000000000000000000000000
010010101001000001111100101010011100000000000000000000000000000000000000000000000000000000000000
100110101101110001111000110100101001000000000000000000000000000000000000000000000000000000000000
000100000011001010011001011111101010000000000000000000000000000000000000000000000000000000000000
010001001000011110011001010100100101000000000000000000000000000000000000000000000000000000000000
001111001100011000110111110000011111000000000000000000000000000000000000000000000000000000000000
011010111101111100101100110110010010000000000000000000000000000000000000000000000000000000000000
011000011001011000001110011001101010000000000000000000000000000000000000000000000000000000000000
101111000000001100011001100111000010000000000000000000000000000000000000000000000000000000000000
111110100100101001100010000100110111000000000000000000000000000000000000000000000000000000000000
001001011010000000111101101100100010000000000000000000000000000000000000000000000000000000000000
110000011011000011111110011111101000000000000000000000000000000000000000000000000000000000000000
100001010001100110101111011101101011000000000000000000000000000000000000000000000000000000000000
101011100101101010001001101111011011000000000000000000000000000000000000000000000000000000000000
111101100000011001101011101101000011000000000000000000000000000000000000000000000000000000000000
101001111101011011111110110110111101000000000000000000000000000000000000000000000000000000000000
000011011110010111001101111111001110000000000000000000000000000000000000000000000000000000000000
111101100100110100100000000010100100000000000000000000000000000000000000000000000000000000000000
011100010010110101110011001010101110000000000000000000000000000000000000000000000000000000000000
111010111011110110001100110110100000000000000000000000000000000000000000000000000000000000000000
001001001000010101101111110001000000000000000000000000000000000000000000000000000000000000000000
011001000010101000001001001100101110000000000000000000000000000000000000000000000000000000000000
011111101000010101100100011101111011000000000000000000000000000000000000000000000000000000000000
011000010100100000000010101111100110000000000000000000000000000000000000000000000000000000000000
111111001000010110000111111010011100000000000000000000000000000000000000000000000000000000000000
000011100100101000110100000110010000000000000000000000000000000000000000000000000000000000000000
111000011101011111110100011011000110000000000000000000000000000000000000000000000000000000000000
111000001001100011111000010101000010000000000000000000000000000000000000000000000000000000000000
000101010111110111000000110100010011000000000000000000000000000000000000000000000000000000000000
001010100001110000111000011011110000000000000000000000000000000000000000000000000000000000000000
111101100101010000101000010001111010000000000000000000000000000000000000000000000000000000000000
010110101001011001001011011101000000000000000000000000000000000000000000000000000000000000000000
101110001111101000001000110111110000000000000000000000000000000000000000000000000000000000000000
101011110010111101110000111010001000000000000000000000000000000000000000000000000000000000000000
001100011110001000011000101011001001000000000000000000000000000000000000000000000000000000000000
010000100101100000101101001111111000000000000000000000000000000000000000000000000000000000000000
011110101101001110010101011011110111000000000000000000000000000000000000000000000000000000000000
011110001010101110101000011011000000000000000000000000000000000000000000000000000000000000000000
101000011111110011100110001100000001000000000000000000000000000000000000000000000000000000000000
010001100110100011010001100000101010000000000000000000000000000000000000000000000000000000000000
100100111110110101000010111010000111000000000000000000000000000000000000000000000000000000000000
000101100010000111010011100010111000000000000000000000000000000000000000000000000000000000000000
010111110101010011111011000100110010000000000000000000000000000000000000000000000000000000000000
010100010100111110111101011010011010000000000000000000000000000000000000000000000000000000000000
111111011011010001110010010000100001000000000000000000000000000000000000000000000000000000000000
000110001110101110111101100110010110000000000000000000000000000000000000000000000000000000000000
111101001011100100011011000000000011000000000000000000000000000000000000000000000000000000000000
000110111111110110111101010100111100000000000000000000000000000000000000000000000000000000000000
000101001101000110000011001111110101000000000000000000000000000000000000000000000000000000000000
110000000110100101010010010010000011000000000000000000000000000000000000000000000000000000000000
010011100001011011111000110110101011000000000000000000000000000000000000000000000000000000000000
000101111100001001111110011011010000000000000000000000000000000000000000000000000000000000000000
111101110111110110000010100111100111000000000000000000000000000000000000000000000000000000000000
000101101110111011101000001000110111000000000000000000000000000000000000000000000000000000000000
000001110101001001101001001001100010000000000000000000000000000000000000000000000000000000000000
000101111000001001100011010101000010000000000000000000000000000000000000000000000000000000000000
110001001100010000100100101100100011000000000000000000000000000000000000000000000000000000000000
001110100101110110011101001011101000000000000000000000000000000000000000000000000000000000000000
110101010101000001010110010111001111000000000000000000000000000000000000000000000000000000000000
011110101100011011111111001001011111000000000000000000000000000000000000000000000000000000000000
111110010100000100101111001001000111000000000000000000000000000000000000000000000000000000000000
100011110100111111011011100110000100000000000000000000000000000000000000000000000000000000000000
100010001011001101100010110000010111000000000000000000000000000000000000000000000000000000000000
001010010110101000111110001111000111000000000000000000000000000000000000000000000000000000000000
111110001001010110110001100100100000000000000000000000000000000000000000000000000000000000000000
110001101110110111100101110011011011000000000000000000000000000000000000000000000000000000000000
111010011110101010101001000111000111000000000000000000000000000000000000000000000000000000000000
111000110111011111000100010100111000000000000000000000000000000000000000000000000000000000000000
111100001100001100011000101001110000000000000000000000000000000000000000000000000000000000000000
100111000000010010001101111110100010000000000000000000000000000000000000000000000000000000000000
010000101110000000100111101001101110000000000000000000000000000000000000000000000000000000000000
010011001000100011100111011001010000000000000000000000000000000000000000000000000000000000000000
010001101010010110100111010100001101000000000000000000000000000000000000000000000000000000000000
111001111100001000100101101101000111000000000000000000000000000000000000000000000000000000000000
110111101101100101000111110011110100000000000000000000000000000000000000000000000000000000000000
101101000000010111011001111011100001000000000000000000000000000000000000000000000000000000000000
101011010011100111000101110011110010000000000000000000000000000000000000000000000000000000000000
100110100000110101101011111001100100000000000000000000000000000000000000000000000000000000000000
110111101001001111010100100000101001000000000000000000000000000000000000000000000000000000000000
010010011010000101100100010110111101000000000000000000000000000000000000000000000000000000000000
111000110101010111000001011011100011000000000000000000000000000000000000000000000000000000000000
010111100111001110110011000010110100000000000000000000000000000000000000000000000000000000000000
000011100101111000111010110101000101000000000000000000000000000000000000000000000000000000000000
100101100111010001110111110010100001000000000000000000000000000000000000000000000000000000000000
100000110010001000001000001011000011000000000000000000000000000000000000000000000000000000000000
100001111111110101011101000010111011000000000000000000000000000000000000000000000000000000000000
111000001011001001110001110000000110000000000000000000000000000000000000000000000000000000000000
110010010010001000100110000111100111000000000000000000000000000000000000000000000000000000000000
100010110100000100111011100100100011000000000000000000000000000000000000000000000000000000000000
010110111111110101110111100010111000000000000000000000000000000000000000000000000000000000000000
101110000000110010000000110000111110000000000000000000000000000000000000000000000000000000000000
100000011011101111110111110101001100000000000000000000000000000000000000000000000000000000000000
110010010110111010011010100100010010000000000000000000000000000000000000000000000000000000000000
010100001100110110100011110111101000000000000000000000000000000000000000000000000000000000000000
100000010000101101000001101101011110000000000000000000000000000000000000000000000000000000000000
001001001110111101001001100100110100000000000000000000000000000000000000000000000000000000000000
101100110100100010000110101001110011000000000000000000000000000000000000000000000000000000000000
110001011100111110001011101010011111000000000000000000000000000000000000000000000000000000000000
101100101101001011010001110110111000000000000000000000000000000000000000000000000000000000000000
011000001000101001010111000111111010000000000000000000000000000000000000000000000000000000000000
101110000010000101101100110000101011000000000000000000000000000000000000000000000000000000000000
011010010100000100001100011010111001000000000000000000000000000000000000000000000000000000000000
101110110011101111101110000000011100000000000000000000000000000000000000000000000000000000000000
101100010101001101101110011001100011000000000000000000000000000000000000000000000000000000000000
100100111110010111110101010000110100000000000000000000000000000000000000000000000000000000000000
100011010000000011000100101010010001000000000000000000000000000000000000000000000000000000000000
010100111111000101010100110101111111000000000000000000000000000000000000000000000000000000000000
101011110100101101011000010100010101000000000000000000000000000000000000000000000000000000000000
101010011111011010011011000000100100000000000000000000000000000000000000000000000000000000000000
111010011111001100100010101001001110000000000000000000000000000000000000000000000000000000000000
000101000101000010101011100011110001000000000000000000000000000000000000000000000000000000000000
111001011111101111101011011100111110000000000000000000000000000000000000000000000000000000000000
001110001011110010110111101100111000000000000000000000000000000000000000000000000000000000000000
011101110000111110111101100011001111000000000000000000000000000000000000000000000000000000000000
101111000001010001100000101010011010000000000000000000000000000000000000000000000000000000000000
010111100011111110011101100010100110000000000000000000000000000000000000000000000000000000000000
000011101101110010001111100111100101000000000000000000000000000000000000000000000000000000000000
010010101101111010011001010111101110000000000000000000000000000000000000000000000000000000000000
010000111111100011010100100001101110000000000000000000000000000000000000000000000000000000000000
111110001110111011101001100110101011000000000000000000000000000000000000000000000000000000000000
110110000111010101000000001111000111000000000000000000000000000000000000000000000000000000000000
110011001000011000010111110010000100000000000000000000000000000000000000000000000000000000000000
110011110100101011110010001010010010000000000000000000000000000000000000000000000000000000000000
110000101000000001001110110100010100000000000000000000000000000000000000000000000000000000000000
000101010001011000011010010100010111000000000000000000000000000000000000000000000000000000000000
001101101100010010010100100010101100000000000000000000000000000000000000000000000000000000000000
011011110111100000000100001110001110000000000000000000000000000000000000000000000000000000000000
101001001000001101100100010110101111000000000000000000000000000000000000000000000000000000000000
101000010001111110101111111101000101000000000000000000000000000000000000000000000000000000000000
111110111110101110011000100111011110000000000000000000000000000000000000000000000000000000000000
101101111001111100010110110010010010000000000000000000000000000000000000000000000000000000000000
010100100001010000001000101000011010000000000000000000000000000000000000000000000000000000000000
110111100101010111011011110100111111000000000000000000000000000000000000000000000000000000000000
101101001101001111110110010110110010000000000000000000000000000000000000000000000000000000000000
001010100010110010011000100110111111000000000000000000000000000000000000000000000000000000000000
100011010001000010011001000110000011000000000000000000000000000000000000000000000000000000000000
100111011110111011001111100001001110000000000000000000000000000000000000000000000000000000000000
101001011001110011001000001011000010000000000000000000000000000000000000000000000000000000000000
011011100010001000101000100111110100000000000000000000000000000000000000000000000000000000000000
100011000101111101001001010000101111000000000000000000000000000000000000000000000000000000000000
010111101001010011101010010100001101000000000000000000000000000000000000000000000000000000000000
110110011000110110000011000100000110000000000000000000000000000000000000000000000000000000000000
101101011010101000101000000100111110000000000000000000000000000000000000000000000000000000000000
100001110000001011011011111010010001000000000000000000000000000000000000000000000000000000000000
110111100000011011000001010100111000000000000000000000000000000000000000000000000000000000000000
011111010011011011101110110111100001000000000000000000000000000000000000000000000000000000000000
000101100101111101111111000000111010000000000000000000000000000000000000000000000000000000000000
100010011100001110010000101000100101000000000000000000000000000000000000000000000000000000000000
101000000000000000101010101100111101000000000000000000000000000000000000000000000000000000000000
101010111101000100011010111111101010000000000000000000000000000000000000000000000000000000000000
000001110101010010100111100110011111000000000000000000000000000000000000000000000000000000000000
100011100100111101010101011011110011000000000000000000000000000000000000000000000000000000000000
100101000011011000010111011100010100000000000000000000000000000000000000000000000000000000000000
111101100111001010000111100000111001000000000000000000000000000000000000000000000000000000000000
011001101000111010111001110001101010000000000000000000000000000000000000000000000000000000000000
111000010111011001001000101011010111000000000000000000000000000000000000000000000000000000000000
010110000000110101110110011001011111000000000000000000000000000000000000000000000000000000000000
000000101011010000100010011111100000000000000000000000000000000000000000000000000000000000000000
011010000101000001011100000111010001000000000000000000000000000000000000000000000000000000000000
110011000111111001001110011010110001000000000000000000000000000000000000000000000000000000000000
000100101000100001000000111000011001000000000000000000000000000000000000000000000000000000000000
100001100101000101001100100000110011000000000000000000000000000000000000000000000000000000000000
111111000110101111110100100010000001000000000000000000000000000000000000000000000000000000000000
100000011011100010010111000110001010000000000000000000000000000000000000000000000000000000000000
100001110001010111101001110111000000000000000000000000000000000000000000000000000000000000000000
011011010000100100100110000110001100000000000000000000000000000000000000000000000000000000000000
100110111001000010100111101101111001000000000000000000000000000000000000000000000000000000000000
011100000000010101110111011001000000000000000000000000000000000000000000000000000000000000000000
000010101111010010101000100010111101000000000000000000000000000000000000000000000000000000000000
010001100111100001010100011011101010000000000000000000000000000000000000000000000000000000000000
010111110110101101111011001111011001000000000000000000000000000000000000000000000000000000000000
000100011100101101110000111001101000000000000000000000000000000000000000000000000000000000000000
000001101101100111110101011100000000000000000000000000000000000000000000000000000000000000000000
100000001011110101010001101011000011000000000000000000000000000000000000000000000000000000000000
100011101111010111100010101110111110000000000000000000000000000000000000000000000000000000000000
100011111110101110110001000010010010000000000000000000000000000000000000000000000000000000000000
100101001111001101100010110000111111000000000000000000000000000000000000000000000000000000000000
101101011101001001101010010110001101000000000000000000000000000000000000000000000000000000000000
011110010010110111110010001100000001000000000000000000000000000000000000000000000000000000000000
101000001010110110101111101111001110000000000000000000000000000000000000000000000000000000000000
011100010011101001101110101000111000000000000000000000000000000000000000000000000000000000000000
000011011110110110010001110000110010000000000000000000000000000000000000000000000000000000000000
101011010100110000001101001010111101000000000000000000000000000000000000000000000000000000000000
110100001001101000011011000101001010000000000000000000000000000000000000000000000000000000000000
101101010000001100000101101010101101000000000000000000000000000000000000000000000000000000000000
100010001001000110011000111111000100000000000000000000000000000000000000000000000000000000000000
011101011001001111010000001001000010000000000000000000000000000000000000000000000000000000000000
111010000111000110001010110111010101000000000000000000000000000000000000000000000000000000000000
001000110100010011001011000100111000000000000000000000000000000000000000000000000000000000000000
110110101011001100101110110010110100000000000000000000000000000000000000000000000000000000000000
001110010010010000000101010110000101000000000000000000000000000000000000000000000000000000000000
100001111101111111111110101011101111000000000000000000000000000000000000000000000000000000000000
111111000011111000100000100110011100000000000000000000000000000000000000000000000000000000000000
001110001100011111110100000000100110000000000000000000000000000000000000000000000000000000000000
011101111001011010011101000100011000000000000000000000000000000000000000000000000000000000000000
010110000001100101001110101010010010000000000000000000000000000000000000000000000000000000000000
111100111110000010111101101011101101000000000000000000000000000000000000000000000000000000000000
110101011010100001110010110010011011000000000000000000000000000000000000000000000000000000000000
111110010010010011000001111010001111000000000000000000000000000000000000000000000000000000000000
010101100010011011111011110110011001000000000000000000000000000000000000000000000000000000000000
001011111000101001011111111101110101000000000000000000000000000000000000000000000000000000000000
001010011000011101101110001100001000000000000000000000000000000000000000000000000000000000000000
001101101100111011101100101110001101000000000000000000000000000000000000000000000000000000000000
010100101111011000101011110101001001000000000000000000000000000000000000000000000000000000000000
110010111000001010010110101111101100000000000000000000000000000000000000000000000000000000000000
011100011110100111010101001010001111000000000000000000000000000000000000000000000000000000000000
110100110000111001011101011101111010000000000000000000000000000000000000000000000000000000000000
001010010001001100111110011010111101000000000000000000000000000000000000000000000000000000000000
000101111000000111110011011110001110000000000000000000000000000000000000000000000000000000000000
101100111101000110111111110000011110000000000000000000000000000000000000000000000000000000000000
110011100110111010111000001000001001000000000000000000000000000000000000000000000000000000000000
100111000010011111100110110010110111000000000000000000000000000000000000000000000000000000000000
010010011100011101101110111101010110000000000000000000000000000000000000000000000000000000000000
100011010100100011011111010011110001000000000000000000000000000000000000000000000000000000000000
110100000001111001111100110010111011000000000000000000000000000000000000000000000000000000000000
000000011010100110111110000100110011000000000000000000000000000000000000000000000000000000000000
100100100001111000101000011010110000000000000000000000000000000000000000000000000000000000000000
001001101000001100011100101101111101000000000000000000000000000000000000000000000000000000000000
101001010000011110101101110001100000000000000000000000000000000000000000000000000000000000000000
100100111101001010001101111110010000000000000000000000000000000000000000000000000000000000000000
000000111011000010110011010010100110000000000000000000000000000000000000000000000000000000000000
101001000011001001010111110110111100000000000000000000000000000000000000000000000000000000000000
111011101111110011100001101010000000000000000000000000000000000000000000000000000000000000000000
001111001100000001110011111000101100000000000000000000000000000000000000000000000000000000000000
101000100100000000001100001110000111000000000000000000000000000000000000000000000000000000000000
001100111111100001101000110100011000000000000000000000000000000000000000000000000000000000000000
011101000011010111001110100001010101000000000000000000000000000000000000000000000000000000000000
001100010001000010010101110100011100000000000000000000000000000000000000000000000000000000000000
000010000000101000000010001101011000000000000000000000000000000000000000000000000000000000000000
010101111110111001000000001011010100000000000000000000000000000000000000000000000000000000000000
000000111110001111001110111011101000000000000000000000000000000000000000000000000000000000000000
110100011000101010010010101010000010000000000000000000000000000000000000000000000000000000000000
011100100101010111000001100001011010000000000000000000000000000000000000000000000000000000000000
010001111001100111011110000111000001000000000000000000000000000000000000000000000000000000000000
001010001111100100101101111101010001000000000000000000000000000000000000000000000000000000000000
001011011101011011100100010100111011000000000000000000000000000000000000000000000000000000000000
011000000111111111100000000011010110000000000000000000000000000000000000000000000000000000000000
100011010001101111111010011000001111000000000000000000000000000000000000000000000000000000000000
001010010101010100111010100110011001000000000000000000000000000000000000000000000000000000000000
110001111010110010001101011111111010000000000000000000000000000000000000000000000000000000000000
010110001000000010110100100000001101000000000000000000000000000000000000000000000000000000000000
001001100111101010111011111101111100000000000000000000000000000000000000000000000000000000000000
100101101010100010001000011111111110000000000000000000000000000000000000000000000000000000000000
011001001011101011111111110011100100000000000000000000000000000000000000000000000000000000000000
000011101010101100000111000110011100000000000000000000000000000000000000000000000000000000000000
010010100011010010010011101100111100000000000000000000000000000000000000000000000000000000000000
010001101000000011010001010111110101000000000000000000000000000000000000000000000000000000000000
000111101000001101111010100111001101000000000000000000000000000000000000000000000000000000000000
101001000000100110011100101011011110000000000000000000000000000000000000000000000000000000000000
100100101010001110111111001100000001000000000000000000000000000000000000000000000000000000000000
011100100100001010110101000000000110000000000000000000000000000000000000000000000000000000000000
110011100000101100100010101100110001000000000000000000000000000000000000000000000000000000000000
000101100111000111000011110111001110000000000000000000000000000000000000000000000000000000000000
010010110110001010101101010010001100000000000000000000000000000000000000000000000000000000000000
011000111111111000011110111111110011000000000000000000000000000000000000000000000000000000000000
101010011100110111111111010001001100000000000000000000000000000000000000000000000000000000000000
001111110011110010110000011001110110000000000000000000000000000000000000000000000000000000000000
010111110010100000100011001000100010000000000000000000000000000000000000000000000000000000000000
100111010010011110100110010101001001000000000000000000000000000000000000000000000000000000000000
011111100111011001011110010010100001000000000000000000000000000000000000000000000000000000000000
000111011011000110111011000000100110000000000000000000000000000000000000000000000000000000000000
110100110010110101110111010011101110000000000000000000000000000000000000000000000000000000000000
110001111110000010111001101100001000000000000000000000000000000000000000000000000000000000000000
010001110111011101010111010001111000000000000000000000000000000000000000000000000000000000000000
010100110010111110010001000100110101000000000000000000000000000000000000000000000000000000000000
110001000000100110100100001011000111000000000000000000000000000000000000000000000000000000000000
011100000011011111000001000010100010000000000000000000000000000000000000000000000000000000000000
011111110100011100111110101101100101000000000000000000000000000000000000000000000000000000000000
101111001001110000110101111111010000000000000000000000000000000000000000000000000000000000000000
110010111011001011001111011110000011000000000000000000000000000000000000000000000000000000000000
111010010100100110011010001110111110000000000000000000000000000000000000000000000000000000000000
100000110111110001111001001001110111000000000000000000000000000000000000000000000000000000000000
001001110101101100001001001100000100000000000000000000000000000000000000000000000000000000000000
010111001011011110101001000001010100000000000000000000000000000000000000000000000000000000000000
100101011000100101000000001100111111000000000000000000000000000000000000000000000000000000000000
111110111010101110011111111010011110000000000000000000000000000000000000000000000000000000000000
010110100100101111011001001100010101000000000000000000000000000000000000000000000000000000000000
110010000000110001001111101010100111000000000000000000000000000000000000000000000000000000000000
011101000000110001011110010101100111000000000000000000000000000000000000000000000000000000000000
011111110011110100010001001101101100000000000000000000000000000000000000000000000000000000000000
101011100011010100100111100000100010000000000000000000000000000000000000000000000000000000000000
011011111101101101100100001100110011000000000000000000000000000000000000000000000000000000000000
011010011010000000001101010110111010000000000000000000000000000000000000000000000000000000000000
011110010111100100011110100100110110000000000000000000000000000000000000000000000000000000000000
101000100000101101101110001101001100000000000000000000000000000000000000000000000000000000000000
000011001010001011000011101011000000000000000000000000000000000000000000000000000000000000000000
111001100011110011010010100001100100000000000000000000000000000000000000000000000000000000000000
110010100011010110100101001011110000000000000000000000000000000000000000000000000000000000000000
001111110111101011101101010111101010000000000000000000000000000000000000000000000000000000000000
000001000001110101000110101111010001000000000000000000000000000000000000000000000000000000000000
011101001111010001000001001101001000000000000000000000000000000000000000000000000000000000000000
100001000000010100001011110111101100000000000000000000000000000000000000000000000000000000000000
111100001100110001010101110001111101000000000000000000000000000000000000000000000000000000000000
011000001001100101110100111001010000000000000000000000000000000000000000000000000000000000000000
010010011111010011000100110000001011000000000000000000000000000000000000000000000000000000000000
101110100000011101110100001111110010000000000000000000000000000000000000000000000000000000000000
011111100101001110000001011100010001000000000000000000000000000000000000000000000000000000000000
111000100110111111101111010001110111000000000000000000000000000000000000000000000000000000000000
000010011101101011110101110010111000000000000000000000000000000000000000000000000000000000000000
111000011011001100101111011011001001000000000000000000000000000000000000000000000000000000000000
011001110111110110100110001110110011000000000000000000000000000000000000000000000000000000000000
001110011010111001010111010011100101000000000000000000000000000000000000000000000000000000000000
010101010101111010100001101001011010000000000000000000000000000000000000000000000000000000000000
110101110110001001010110110101011100000000000000000000000000000000000000000000000000000000000000
111001001110100101010000010101111101000000000000000000000000000000000000000000000000000000000000
010100000100000111001100001010101001000000000000000000000000000000000000000000000000000000000000
111010111010100111101011000011100110000000000000000000000000000000000000000000000000000000000000
001011010111110010001100100000000110000000000000000000000000000000000000000000000000000000000000
011111111011010110011011000100010000000000000000000000000000000000000000000000000000000000000000
001100100010101110010001100010110101000000000000000000000000000000000000000000000000000000000000
101000101001110111010001000101011110000000000000000000000000000000000000000000000000000000000000
000010001101000011111010110110011101000000000000000000000000000000000000000000000000000000000000
100011000000100110111001001110000111000000000000000000000000000000000000000000000000000000000000
101111001000101101101001011101010001000000000000000000000000000000000000000000000000000000000000
010001101001011101001111110011000110000000000000000000000000000000000000000000000000000000000000
100100110111000011100100110011110010000000000000000000000000000000000000000000000000000000000000
011111111111000100001110011000001011000000000000000000000000000000000000000000000000000000000000
000000100001100010010001000011111111000000000000000000000000000000000000000000000000000000000000
111000001010010001010101000101011111000000000000000000000000000000000000000000000000000000000000
110000100110100110010000101000111101000000000000000000000000000000000000000000000000000000000000
010010111001011010011010111111110010000000000000000000000000000000000000000000000000000000000000
011100010010110001001110000001101000000000000000000000000000000000000000000000000000000000000000
100100000010111111100011011010110110000000000000000000000000000000000000000000000000000000000000
111011011100111110110100100110101110000000000000000000000000000000000000000000000000000000000000
001011010010010100000011101010110000000000000000000000000000000000000000000000000000000000000000
100111101101101111110010000111100001000000000000000000000000000000000000000000000000000000000000
011110111101011101001001101000001100000000000000000000000000000000000000000000000000000000000000
000010101110001011000110110100000000000000000000000000000000000000000000000000000000000000000000
110101000111110010010110100110011100000000000000000000000000000000000000000000000000000000000000
110011110111011110011010010110011110000000000000000000000000000000000000000000000000000000000000
100001101100010011101010010001100010000000000000000000000000000000000000000000000000000000000000
010010101100110000100111111100011011000000000000000000000000000000000000000000000000000000000000
000001110010011110100011000010001111000000000000000000000000000000000000000000000000000000000000
001011010011011101100101010010101100000000000000000000000000000000000000000000000000000000000000
000110100110010110001011110011011000000000000000000000000000000000000000000000000000000000000000
000011100011000010111010100111011101000000000000000000000000000000000000000000000000000000000000
000100001111111000001100001101011011000000000000000000000000000000000000000000000000000000000000
110010000011011110100010100101010111000000000000000000000000000000000000000000000000000000000000
001101010001110010011110101000110001000000000000000000000000000000000000000000000000000000000000
010000111100110011010110100101000100000000000000000000000000000000000000000000000000000000000000
111110001011000110111111100011111011000000000000000000000000000000000000000000000000000000000000
000111000011111110100001000101111100000000000000000000000000000000000000000000000000000000000000
111110101111111010001111001000010110000000000000000000000000000000000000000000000000000000000000
110001111101110110001100100111001000000000000000000000000000000000000000000000000000000000000000
100011001111000001110000000101111010000000000000000000000000000000000000000000000000000000000000
010010101011001010110011011110110110000000000000000000000000000000000000000000000000000000000000
100011011010001001000111001011111000000000000000000000000000000000000000000000000000000000000000
110000011011011101010101011011001000000000000000000000000000000000000000000000000000000000000000
000011000110100000110111001000011111000000000000000000000000000000000000000000000000000000000000
011101010010101110101010000000111111000000000000000000000000000000000000000000000000000000000000
100001001010100111010100101011101001000000000000000000000000000000000000000000000000000000000000
011000101001110100110110110010011110000000000000000000000000000000000000000000000000000000000000
010000010011010011111110001100010111000000000000000000000000000000000000000000000000000000000000
101111001110011001111000100011111111000000000000000000000000000000000000000000000000000000000000
110110101111000100010100001100000101000000000000000000000000000000000000000000000000000000000000
010111110001110001110010101110001010000000000000000000000000000000000000000000000000000000000000
001110100010100011101110111110000110000000000000000000000000000000000000000000000000000000000000
110100110100010001011101100011010111000000000000000000000000000000000000000000000000000000000000
111100100011111110111111100100110111000000000000000000000000000000000000000000000000000000000000
111001010000010111011111100000100101000000000000000000000000000000000000000000000000000000000000
110010000101101100101101111101111111000000000000000000000000000000000000000000000000000000000000
011110011101000111110110110001100011000000000000000000000000000000000000000000000000000000000000
101111010001100101000010100111010000000000000000000000000000000000000000000000000000000000000000
000001010100111011110000111011001000000000000000000000000000000000000000000000000000000000000000
010010101000100011111101000010000000000000000000000000000000000000000000000000000000000000000000
111011000100100111100011000100011010000000000000000000000000000000000000000000000000000000000000
010101000000011101100100101000011101000000000000000000000000000000000000000000000000000000000000
001001010000101001010110011000101100000000000000000000000000000000000000000000000000000000000000
101011001101110000101110001011101100000000000000000000000000000000000000000000000000000000000000
000110011110111010111110101100110100000000000000000000000000000000000000000000000000000000000000
000001011110010010011111000001110010000000000000000000000000000000000000000000000000000000000000
111011011110100101110001101111110001000000000000000000000000000000000000000000000000000000000000
010111110000100101000111100100100100000000000000000000000000000000000000000000000000000000000000
101110011001100011100100010001010000000000000000000000000000000000000000000000000000000000000000
110010011010101000101000101001111100000000000000000000000000000000000000000000000000000000000000
010011101111010100001101000011010011000000000000000000000000000000000000000000000000000000000000
010011010001100110101111111101001010000000000000000000000000000000000000000000000000000000000000
111101010000110111110001111011000100000000000000000000000000000000000000000000000000000000000000
000110111010111111010101100111110011000000000000000000000000000000000000000000000000000000000000
010111010111101010010010001001111101000000000000000000000000000000000000000000000000000000000000
011101110111010111001100001011011000000000000000000000000000000000000000000000000000000000000000
110111011001001010010110101000101000000000000000000000000000000000000000000000000000000000000000
010001001010001010101010100111100100000000000000000000000000000000000000000000000000000000000000
001010110101100001100100000011110010000000000000000000000000000000000000000000000000000000000000
100011000110110010100111010001001100000000000000000000000000000000000000000000000000000000000000
111000100011100101101000100001100100000000000000000000000000000000000000000000000000000000000000
001100000100011101110111001001100000000000000000000000000000000000000000000000000000000000000000
011110011000101000000110011111010000000000000000000000000000000000000000000000000000000000000000
111111100000011000000011011101011101000000000000000000000000000000000000000000000000000000000000
010010011101110111000100101100100101000000000000000000000000000000000000000000000000000000000000
000001001000011100010100001010000010000000000000000000000000000000000000000000000000000000000000
111110001000001101011100111111100110000000000000000000000000000000000000000000000000000000000000
011000000010100011000000111110010111000000000000000000000000000000000000000000000000000000000000
001110001100111111000011011000111111000000000000000000000000000000000000000000000000000000000000
111000111010111000100010110010010011000000000000000000000000000000000000000000000000000000000000
100010011100001011011111010110011001000000000000000000000000000000000000000000000000000000000000
000011110111010001011100000010101010000000000000000000000000000000000000000000000000000000000000
011011000100000010011010001111100000000000000000000000000000000000000000000000000000000000000000
000011111010000000110111000111110001000000000000000000000000000000000000000000000000000000000000
011110010110110110100001110000111001000000000000000000000000000000000000000000000000000000000000
001011011111000111111001101101000001000000000000000000000000000000000000000000000000000000000000
111111001010011010011001001100010110000000000000000000000000000000000000000000000000000000000000
000111101110111000001100110011011001000000000000000000000000000000000000000000000000000000000000
000111111001001011011100000101000111000000000000000000000000000000000000000000000000000000000000
011010110101000001001000101000001010000000000000000000000000000000000000000000000000000000000000
111111110010001101100011101011110111000000000000000000000000000000000000000000000000000000000000
100010101110001011011101110000110000000000000000000000000000000000000000000000000000000000000000
000001111010000110110010100001111100000000000000000000000000000000000000000000000000000000000000
100100000100100111111000010011101001000000000000000000000000000000000000000000000000000000000000
010111000111011110111010101011100011000000000000000000000000000000000000000000000000000000000000
111011100100100010001100110000000111000000000000000000000000000000000000000000000000000000000000
000110010011010011100001010101100101000000000000000000000000000000000000000000000000000000000000
001010100001010001010001100010010110000000000000000000000000000000000000000000000000000000000000
100001000001011010001110001110011010000000000000000000000000000000000000000000000000000000000000
101101101101010001010011010000010000000000000000000000000000000000000000000000000000000000000000
010101011001010001001111001111100001000000000000000000000000000000000000000000000000000000000000
111111110100101011101110100000001101000000000000000000000000000000000000000000000000000000000000
001101111010000000101111101110100010000000000000000000000000000000000000000000000000000000000000
111001101101110111001100110101111001000000000000000000000000000000000000000000000000000000000000
111010110010011001110011010100001011000000000000000000000000000000000000000000000000000000000000
000111011001100000000101001111011001000000000000000000000000000000000000000000000000000000000000
010100111010100010001110011010110010000000000000000000000000000000000000000000000000000000000000
101010100111010000100110111000111000000000000000000000000000000000000000000000000000000000000000
010001010100110100000100101111100000000000000000000000000000000000000000000000000000000000000000
111100110110100111010010100011100100000000000000000000000000000000000000000000000000000000000000
000000010010100000000100111010001001000000000000000000000000000000000000000000000000000000000000
000001100011011011010100011100001100000000000000000000000000000000000000000000000000000000000000
101100010010001110100101010001000011000000000000000000000000000000000000000000000000000000000000
000010001100011010001100011000000101000000000000000000000000000000000000000000000000000000000000
011100100000100111001101010111110011000000000000000000000000000000000000000000000000000000000000
000000011111111100000110011011111100000000000000000000000000000000000000000000000000000000000000
010110000010110101110111001010001111000000000000000000000000000000000000000000000000000000000000
111110010010111010110100001010100100000000000000000000000000000000000000000000000000000000000000
001000001101111110001111010001100101000000000000000000000000000000000000000000000000000000000000
001101011010101001000001010110010010000000000000000000000000000000000000000000000000000000000000
011011111001110111110101101011100111000000000000000000000000000000000000000000000000000000000000
111001101101111001010111001110000110000000000000000000000000000000000000000000000000000000000000
111010001110101111111101100110000010000000000000000000000000000000000000000000000000000000000000
101011101100100101110110001000111111000000000000000000000000000000000000000000000000000000000000
001111100110110010010010000100110101000000000000000000000000000000000000000000000000000000000000
011111011111010101001011100111111000000000000000000000000000000000000000000000000000000000000000
000111101011000001000110001110000010000000000000000000000000000000000000000000000000000000000000
001100101110110000101110001111110110000000000000000000000000000000000000000000000000000000000000
101000000010011001000111101000101001000000000000000000000000000000000000000000000000000000000000
001011010100111111101001110111011011000000000000000000000000000000000000000000000000000000000000
001101001101011010010000100110111000000000000000000000000000000000000000000000000000000000000000
000001001100001101100110010101011101000000000000000000000000000000000000000000000000000000000000
110100011101000111110010111010011110000000000000000000000000000000000000000000000000000000000000
101011011110001101101101111011111101000000000000000000000000000000000000000000000000000000000000
011011000001111111101111011100001111000000000000000000000000000000000000000000000000000000000000
101011011010000100010101111110111111000000000000000000000000000000000000000000000000000000000000
110000100110000101111010010100100010000000000000000000000000000000000000000000000000000000000000
100110101011011001010101010001001110000000000000000000000000000000000000000000000000000000000000
011110111110001000000001100010111111000000000000000000000000000000000000000000000000000000000000
000100110000010010100101100000011011000000000000000000000000000000000000000000000000000000000000
000110101001001111000010111000001011000000000000000000000000000000000000000000000000000000000000
001100100011000011011001101110101001000000000000000000000000000000000000000000000000000000000000
110100101101110000010101000101000000000000000000000000000000000000000000000000000000000000000000
010010001000101000110011110010110110000000000000000000000000000000000000000000000000000000000000
111110111000100001110111111011110110000000000000000000000000000000000000000000000000000000000000
010101000000110001111010111100111101000000000000000000000000000000000000000000000000000000000000
010011100100110101101001100100110001000000000000000000000000000000000000000000000000000000000000
001001000010111111101101110000001010000000000000000000000000000000000000000000000000000000000000
010000101100111101110000011011011100000000000000000000000000000000000000000000000000000000000000
110001100011011100100110100001110000000000000000000000000000000000000000000000000000000000000000
100110011111101001010100010101100001000000000000000000000000000000000000000000000000000000000000
000011001100010111011100000110000011000000000000000000000000000000000000000000000000000000000000
001011110111110110110110001010101100000000000000000000000000000000000000000000000000000000000000
010010100000001111100100101100111000000000000000000000000000000000000000000000000000000000000000
111001111111000010110001000101110011000000000000000000000000000000000000000000000000000000000000
011101011011011110000001100011101011000000000000000000000000000000000000000000000000000000000000
110110010010001011010110110110000111000000000000000000000000000000000000000000000000000000000000
111111001101100100010100001110011100000000000000000000000000000000000000000000000000000000000000
110000011100011111001000011010001000000000000000000000000000000000000000000000000000000000000000
001101001100110011101000001010101100000000000000000000000000000000000000000000000000000000000000
110100101010100100010100110010001010000000000000000000000000000000000000000000000000000000000000
010101011000001000010111000001111011000000000000000000000000000000000000000000000000000000000000
111000011111101100101001110010000010000000000000000000000000000000000000000000000000000000000000
001101100000001010000011111101001111000000000000000000000000000000000000000000000000000000000000
110101010010010101001111101011101001000000000000000000000000000000000000000000000000000000000000
011011000100110101100011011010101100000000000000000000000000000000000000000000000000000000000000
110110000110010001110001111010101100000000000000000000000000000000000000000000000000000000000000
010111001001011011011000100101101101000000000000000000000000000000000000000000000000000000000000
011100001100101001011100110001000111000000000000000000000000000000000000000000000000000000000000
011000000101011111010001001101001000000000000000000000000000000000000000000000000000000000000000
100001100011000110110010010000010111000000000000000000000000000000000000000000000000000000000000
000010111110011000110010100111101111000000000000000000000000000000000000000000000000000000000000
010100101001100100001011000000110101000000000000000000000000000000000000000000000000000000000000
001101111100100011100001111000110111000000000000000000000000000000000000000000000000000000000000
011001111010111101110101000100000110000000000000000000000000000000000000000000000000000000000000
101100100001111000011001010101001010000000000000000000000000000000000000000000000000000000000000
011111110111100000010010101010101001000000000000000000000000000000000000000000000000000000000000
001001001000100101111110100000011111000000000000000000000000000000000000000000000000000000000000
101000011011000101101000111000110101000000000000000000000000000000000000000000000000000000000000
000010100101101110100011000111111001000000000000000000000000000000000000000000000000000000000000
100110101100010100101011111100100101000000000000000000000000000000000000000000000000000000000000
110001011101111010111000000101101000000000000000000000000000000000000000000000000000000000000000
011010100010000100011101011100111101000000000000000000000000000000000000000000000000000000000000
111110001010110000001010111011010100000000000000000000000000000000000000000000000000000000000000
011101001101011011111011011100101111000000000000000000000000000000000000000000000000000000000000
011010001010110110010111010100110111000000000000000000000000000000000000000000000000000000000000
100010000000101001000110111111011100000000000000000000000000000000000000000000000000000000000000
001111110110100010010001011000001011000000000000000000000000000000000000000000000000000000000000
011011001001110011111011010111101110000000000000000000000000000000000000000000000000000000000000
001110110000011100100101000111001101000000000000000000000000000000000000000000000000000000000000
111110101101000011101010111000010000000000000000000000000000000000000000000000000000000000000000
101010001101010001001101010101011011000000000000000000000000000000000000000000000000000000000000
110010110010101010000100001110110010000000000000000000000000000000000000000000000000000000000000
111000000011001010111011100111011110000000000000000000000000000000000000000000000000000000000000
001001110000110010000110010011110110000000000000000000000000000000000000000000000000000000000000
000101100011001010100000101001110010000000000000000000000000000000000000000000000000000000000000
110001010011100100100110111110101100000000000000000000000000000000000000000000000000000000000000
001100100001001110110010101100011101000000000000000000000000000000000000000000000000000000000000
011110110001110100001011000011011010000000000000000000000000000000000000000000000000000000000000
010110110010110110100101110101010100000000000000000000000000000000000000000000000000000000000000
100101100011010000010001100011110010000000000000000000000000000000000000000000000000000000000000
110001100101001000110000000101111101000000000000000000000000000000000000000000000000000000000000
110100101111100000010100101110010010000000000000000000000000000000000000000000000000000000000000
100000010101101011001011000100110011000000000000000000000000000000000000000000000000000000000000
101000110101000000011011110101111100000000000000000000000000000000000000000000000000000000000000
000010011100001001011110100011111010000000000000000000000000000000000000000000000000000000000000
010011000011100011001010010011000101000000000000000000000000000000000000000000000000000000000000
101001110011101010011111101110100000000000000000000000000000000000000000000000000000000000000000
000110101101000011000000001100111100000000000000000000000000000000000000000000000000000000000000
110010011001101111100110111010010000000000000000000000000000000000000000000000000000000000000000
001100011100110011101001011100010000000000000000000000000000000000000000000000000000000000000000
001011000100010100010100011100110110000000000000000000000000000000000000000000000000000000000000
011011110111000000110000011010110101000000000000000000000000000000000000000000000000000000000000
111000010010101110000111110100010000000000000000000000000000000000000000000000000000000000000000
110101100001101001100110101101110100000000000000000000000000000000000000000000000000000000000000
010110111000001101010001111001001100000000000000000000000000000000000000000000000000000000000000
100010100101111001011011000011010011000000000000000000000000000000000000000000000000000000000000
010110001111111110001001101101101001000000000000000000000000000000000000000000000000000000000000
010111100011011111000010101100101001000000000000000000000000000000000000000000000000000000000000
001010001101110101111001000010100000000000000000000000000000000000000000000000000000000000000000
000100000000111100101101000001001000000000000000000000000000000000000000000000000000000000000000
001100110100010010101100001001100001000000000000000000000000000000000000000000000000000000000000
100000100111001001111011110111111111000000000000000000000000000000000000000000000000000000000000
100010001000110110000000010011000001000000000000000000000000000000000000000000000000000000000000
010010110101101000011001101111011100000000000000000000000000000000000000000000000000000000000000
011010001001100100100001100100011101000000000000000000000000000000000000000000000000000000000000
110110100010101100011001001111000101000000000000000000000000000000000000000000000000000000000000
010111001111101010011011111110110110000000000000000000000000000000000000000000000000000000000000
110101000111001100010101001101001101000000000000000000000000000000000000000000000000000000000000
010011001101101010101010000010001101000000000000000000000000000000000000000000000000000000000000
010110010001010001101011100111000110000000000000000000000000000000000000000000000000000000000000
010000010010100101010001101110110010000000000000000000000000000000000000000000000000000000000000
110100111001011011101100101011111110000000000000000000000000000000000000000000000000000000000000
011100101011100100000001010110100000000000000000000000000000000000000000000000000000000000000000
000101110001011000111111001101110101000000000000000000000000000000000000000000000000000000000000
101111110001101010100010001100000100000000000000000000000000000000000000000000000000000000000000
110000010001111010100100000110011011000000000000000000000000000000000000000000000000000000000000
111011010011000010110001101111100111000000000000000000000000000000000000000000000000000000000000
111110100111001011110110011011011101000000000000000000000000000000000000000000000000000000000000
100010110010000000111010101001110100000000000000000000000000000000000000000000000000000000000000
100100101001111001111111100000010111000000000000000000000000000000000000000000000000000000000000
001000010100010001101101111100101000000000000000000000000000000000000000000000000000000000000000
110011101100010010001110011000110011000000000000000000000000000000000000000000000000000000000000
011001111001001111100001110111110000000000000000000000000000000000000000000000000000000000000000
101110010100111011010010001101001110000000000000000000000000000000000000000000000000000000000000
000011110010110110100000000100011110000000000000000000000000000000000000000000000000000000000000
011010111101001001111010110111001011000000000000000000000000000000000000000000000000000000000000
111101111001111010111110010100001110000000000000000000000000000000000000000000000000000000000000
000110011111101011101000101010100101000000000000000000000000000000000000000000000000000000000000
010111010100110100101101110011110010000000000000000000000000000000000000000000000000000000000000
011001010100011000100111010001110011000000000000000000000000000000000000000000000000000000000000
110111000011110010001001101011100111000000000000000000000000000000000000000000000000000000000000
000010001100010100111110101110101100000000000000000000000000000000000000000000000000000000000000
111100110001111001010011110100011010000000000000000000000000000000000000000000000000000000000000
011000011001001000001010110000011010000000000000000000000000000000000000000000000000000000000000
110000001100000011101000110010010011000000000000000000000000000000000000000000000000000000000000
100010111000101000011011111100000101000000000000000000000000000000000000000000000000000000000000
010000011011111110101100100011010000000000000000000000000000000000000000000000000000000000000000
000101101001111010100111001010000100000000000000000000000000000000000000000000000000000000000000
011001000010010001100010010100111110000000000000000000000000000000000000000000000000000000000000
001100001101100100000001011110101100000000000000000000000000000000000000000000000000000000000000
010111001111101111101010011011010110000000000000000000000000000000000000000000000000000000000000
010111011111011111010010110001011011000000000000000000000000000000000000000000000000000000000000
110001000101011101000000101001111011000000000000000000000000000000000000000000000000000000000000
010111110100101001010111001000100111000000000000000000000000000000000000000000000000000000000000
000011000111010111101100101010100101000000000000000000000000000000000000000000000000000000000000
011110000111100011011011001100000110000000000000000000000000000000000000000000000000000000000000
010000110101011111010000100101000100000000000000000000000000000000000000000000000000000000000000
011100011111000101011001111000010001000000000000000000000000000000000000000000000000000000000000
110011101101100010010010001010010111000000000000000000000000000000000000000000000000000000000000
110100100001010110100011100101001010000000000000000000000000000000000000000000000000000000000000
101101011101111111100010100110010101000000000000000000000000000000000000000000000000000000000000
000110111000010000000001110011011000000000000000000000000000000000000000000000000000000000000000
111100010110100110101100010001000001000000000000000000000000000000000000000000000000000000000000
000110110100110111011100110100000000000000000000000000000000000000000000000000000000000000000000
011010110000011101101000000001100100000000000000000000000000000000000000000000000000000000000000
001010001000011110000010111111101010000000000000000000000000000000000000000000000000000000000000
