011110110100000000100000010110011011000000000000000000000000000000000000000000000000000000000000
010100111011101101110001000000010000000000000000000000000000000000000000000000000000000000000000
011111100010111111100111000011101001000000000000000000000000000000000000000000000000000000000000
011001101010111000110101100110010110000000000000000000000000000000000000000000000000000000000000
110011111110101010110011001000111000000000000000000000000000000000000000000000000000000000000000
111001111101100111111000000110101100000000000000000000000000000000000000000000000000000000000000
011001001100110001011001110000110000000000000000000000000000000000000000000000000000000000000000
010011101001010011111001100110011110000000000000000000000000000000000000000000000000000000000000
111101111101110101000111000010101011000000000000000000000000000000000000000000000000000000000000
100010111100011011111011001000110001000000000000000000000000000000000000000000000000000000000000
110010100001101010010100100001101000000000000000000000000000000000000000000000000000000000000000
111010011010110111001110101110001100000000000000000000000000000000000000000000000000000000000000
110101101100101101001110101101010111000000000000000000000000000000000000000000000000000000000000
101100000101100010111001010101011101000000000000000000000000000000000000000000000000000000000000
000001010110100101001101001000001011000000000000000000000000000000000000000000000000000000000000
000010110010011100001000111100111110000000000000000000000000000000000000000000000000000000000000
100100100101111001010000111110100011000000000000000000000000000000000000000000000000000000000000
100100110110111100110011001010101111000000000000000000000000000000000000000000000000000000000000
110011110111011100011110111001011011000000000000000000000000000000000000000000000000000000000000
011101100001001111010111111101100110000000000000000000000000000000000000000000000000000000000000
100010010110101101001100000010001010000000000000000000000000000000000000000000000000000000000000
011010011100101001100110110101110010000000000000000000000000000000000000000000000000000000000000
000010101101110001001100111001010011000000000000000000000000000000000000000000000000000000000000
010011110101110100111111011000110111000000000000000000000000000000000000000000000000000000000000
010001011001100101110010110100000000000000000000000000000000000000000000000000000000000000000000
111101110001011110011111110001010111000000000000000000000000000000000000000000000000000000000000
001011111111110100010101011111010011000000000000000000000000000000000000000000000000000000000000
011101100110010000100000100100010100000000000000000000000000000000000000000000000000000000000000
100101001001101000011110110011001011000000000000000000000000000000000000000000000000000000000000
001011011110110000011100101010101000000000000000000000000000000000000000000000000000000000000000
111110010010000110111001110000101101000000000000000000000000000000000000000000000000000000000000
111111110110001110111101100101111101000000000000000000000000000000000000000000000000000000000000
001001001001010010000011111010101111000000000000000000000000000000000000000000000000000000000000
100000000010010110010100011001111101000000000000000000000000000000000000000000000000000000000000
111000001010100010001100111011010001000000000000000000000000000000000000000000000000000000000000
010011111000001111111100110000110111000000000000000000000000000000000000000000000000000000000000
010000110001100000110011011001000111000000000000000000000000000000000000000000000000000000000000
110001101000001011000010100000110110000000000000000000000000000000000000000000000000000000000000
011011101000010000111001011000000101000000000000000000000000000000000000000000000000000000000000
001100001011011101000011011100101101000000000000000000000000000000000000000000000000000000000000
010010000101101100110100011100110010000000000000000000000000000000000000000000000000000000000000
100011100000000111100011101011001101000000000000000000000000000000000000000000000000000000000000
100011101101010000001101110001110101000000000000000000000000000000000000000000000000000000000000
111101111100111111100011011100011111000000000000000000000000000000000000000000000000000000000000
111110000000001110111111101011000101000000000000000000000000000000000000000000000000000000000000
000110101010101110111001010011010000000000000000000000000000000000000000000000000000000000000000
100010001110111001000010100110000111000000000000000000000000000000000000000000000000000000000000
000011111001110000001010111100110110000000000000000000000000000000000000000000000000000000000000
000000110011011010001110111100000101000000000000000000000000000000000000000000000000000000000000
011111011100101001010100110000100100000000000000000000000000000000000000000000000000000000000000
111011010110000111001000000110100011000000000000000000000000000000000000000000000000000000000000
100000011110011110100001111111001100000000000000000000000000000000000000000000000000000000000000
101001001110000110010001111011110111000000000000000000000000000000000000000000000000000000000000
110011100001011101001000011010100010000000000000000000000000000000000000000000000000000000000000
010010001011011000101011001100100111000000000000000000000000000000000000000000000000000000000000
011000000100011101110000111110010001000000000000000000000000000000000000000000000000000000000000
010100010010111000000011000101110011000000000000000000000000000000000000000000000000000000000000
011111101011101111101100011110100010000000000000000000000000000000000000000000000000000000000000
100111110011111101110110000101011100000000000000000000000000000000000000000000000000000000000000
010010101000101000110100011110001110000000000000000000000000000000000000000000000000000000000000
111001100011011011110101011011101110000000000000000000000000000000000000000000000000000000000000
101011001110001001111001011000000000000000000000000000000000000000000000000000000000000000000000
100110101111011001011110111110010110000000000000000000000000000000000000000000000000000000000000
111100111110110001100011010010111110000000000000000000000000000000000000000000000000000000000000
000110111001011000010100010101111110000000000000000000000000000000000000000000000000000000000000
100000101010001110011101010101010001000000000000000000000000000000000000000000000000000000000000
100000101101011110111010010111010011000000000000000000000000000000000000000000000000000000000000
110110101000100101100111110110000100000000000000000000000000000000000000000000000000000000000000
011010010100101101101010010001100111000000000000000000000000000000000000000000000000000000000000
111110110010100111001110011111001001000000000000000000000000000000000000000000000000000000000000
100000100001100101000111110101110000000000000000000000000000000000000000000000000000000000000000
100100001111011111100001100101110111000000000000000000000000000000000000000000000000000000000000
001101010110001010001000110101001100000000000000000000000000000000000000000000000000000000000000
101100011100011001000100001111011101000000000000000000000000000000000000000000000000000000000000
100111111010010110101100011000101010000000000000000000000000000000000000000000000000000000000000
111010100111100111011111100011100001000000000000000000000000000000000000000000000000000000000000
110001100001011100011111100000110111000000000000000000000000000000000000000000000000000000000000
111111000110100000111000110110110101000000000000000000000000000000000000000000000000000000000000
110110111010100010011100001001000101000000000000000000000000000000000000000000000000000000000000
001011011110100100100011010000010001000000000000000000000000000000000000000000000000000000000000
010001111011100011011110000011110110000000000000000000000000000000000000000000000000000000000000
100100000011100101001101000001011100000000000000000000000000000000000000000000000000000000000000
111010110000011110110101101111110111000000000000000000000000000000000000000000000000000000000000
000110111001110011000010011011110101000000000000000000000000000000000000000000000000000000000000
110011111001111100110011011000100110000000000000000000000000000000000000000000000000000000000000
011011010110010100100110100111110111000000000000000000000000000000000000000000000000000000000000
110101111100001000111001000010011111000000000000000000000000000000000000000000000000000000000000
100011000101000100000000111011000001000000000000000000000000000000000000000000000000000000000000
010100100010110100011001011100101000000000000000000000000000000000000000000000000000000000000000
010001000110101100100101111110010000000000000000000000000000000000000000000000000000000000000000
000000111100111111011110110001110001000000000000000000000000000000000000000000000000000000000000
111111001100010111110000100101101111000000000000000000000000000000000000000000000000000000000000
000011000000101100001000010111100101000000000000000000000000000000000000000000000000000000000000
111110101011011101100000101010110011000000000000000000000000000000000000000000000000000000000000
000000001000000001010100000011111111000000000000000000000000000000000000000000000000000000000000
100111010011011110101001000011101111000000000000000000000000000000000000000000000000000000000000
000100101011110110010101111010101100000000000000000000000000000000000000000000000000000000000000
001011011000110111011111001000110101000000000000000000000000000000000000000000000000000000000000
110111000101100101010110010101000110000000000000000000000000000000000000000000000000000000000000
001111101111000000000100000111000100000000000000000000000000000000000000000000000000000000000000
110101011011010001111111110001111001000000000000000000000000000000000000000000000000000000000000
110110100010011100101100001101010111000000000000000000000000000000000000000000000000000000000000
101100100110001001011101000100011000000000000000000000000000000000000000000000000000000000000000
000110001001100001011001010101100110000000000000000000000000000000000000000000000000000000000000
001101010011110010000010100010011001000000000000000000000000000000000000000000000000000000000000
010010110101100010011101010010110111000000000000000000000000000000000000000000000000000000000000
100101001110101010001011110111000000000000000000000000000000000000000000000000000000000000000000
101100010011010101101100000011001111000000000000000000000000000000000000000000000000000000000000
100101101000001111111101010110010111000000000000000000000000000000000000000000000000000000000000
010001100110010001110111001001101100000000000000000000000000000000000000000000000000000000000000
011100010111101111100111110000011101000000000000000000000000000000000000000000000000000000000000
001000010111010101001000010110110000000000000000000000000000000000000000000000000000000000000000
011110011010111011101111111101110111000000000000000000000000000000000000000000000000000000000000
000111101101011000100100000011101001000000000000000000000000000000000000000000000000000000000000
000000001111011101111001011100011110000000000000000000000000000000000000000000000000000000000000
100001100111110000111000100101111100000000000000000000000000000000000000000000000000000000000000
100001001000101111111111011001001011000000000000000000000000000000000000000000000000000000000000
000100110001110010010110001000001001000000000000000000000000000000000000000000000000000000000000
000011010010011010010110101110101001000000000000000000000000000000000000000000000000000000000000
000010001011101011111011100000000101000000000000000000000000000000000000000000000000000000000000
000000111001111101100111111101011111000000000000000000000000000000000000000000000000000000000000
101011111001111000000011100110100111000000000000000000000000000000000000000000000000000000000000
111010100100000111000101000110110111000000000000000000000000000000000000000000000000000000000000
010011001001010011011010110100011010000000000000000000000000000000000000000000000000000000000000
011000000000100011101100111001100001000000000000000000000000000000000000000000000000000000000000
000110111001101110111100100001011011000000000000000000000000000000000000000000000000000000000000
010111011011110111001011001101100111000000000000000000000000000000000000000000000000000000000000
010010001011110110110111101000111101000000000000000000000000000000000000000000000000000000000000
010010010011011111110100010100010110000000000000000000000000000000000000000000000000000000000000
010001110010110111101001100110110111000000000000000000000000000000000000000000000000000000000000
100000100001001100011111110111110100000000000000000000000000000000000000000000000000000000000000
100001001101110110000011100100101110000000000000000000000000000000000000000000000000000000000000
110001000010111101101011011011111101000000000000000000000000000000000000000000000000000000000000
001111110111101000000100000000000010000000000000000000000000000000000000000000000000000000000000
101010000110011010100010011110110110000000000000000000000000000000000000000000000000000000000000
110100011111001000111010001000101011000000000000000000000000000000000000000000000000000000000000
101001111100111100000010110000100100000000000000000000000000000000000000000000000000000000000000
000100110001001011100100011000101100000000000000000000000000000000000000000000000000000000000000
010100001110001000010000010111001100000000000000000000000000000000000000000000000000000000000000
111110100100101010000110110010100100000000000000000000000000000000000000000000000000000000000000
010101000000111101100110001000011000000000000000000000000000000000000000000000000000000000000000
010001011010100110001000101010000111000000000000000000000000000000000000000000000000000000000000
110000000011010110011011001011111000000000000000000000000000000000000000000000000000000000000000
010101100000011111110010110010000100000000000000000000000000000000000000000000000000000000000000
000001000111000110100001000111101110000000000000000000000000000000000000000000000000000000000000
011110110111000101111001001010111111000000000000000000000000000000000000000000000000000000000000
011111100000010011011011001100110011000000000000000000000000000000000000000000000000000000000000
001000101110010111110111000100110010000000000000000000000000000000000000000000000000000000000000
000001111001011001011101111101011101000000000000000000000000000000000000000000000000000000000000
100100001010111011101100001000110110000000000000000000000000000000000000000000000000000000000000
001010010001101111111110011100100110000000000000000000000000000000000000000000000000000000000000
101101011101110001001011010100110111000000000000000000000000000000000000000000000000000000000000
111000001100100010001111010111111101000000000000000000000000000000000000000000000000000000000000
010000110011000011001111001001101010000000000000000000000000000000000000000000000000000000000000
001010000000111110111111010110101100000000000000000000000000000000000000000000000000000000000000
100010000110011100101111011110111101000000000000000000000000000000000000000000000000000000000000
000011111010110001011011000001110110000000000000000000000000000000000000000000000000000000000000
110011101001001011000101100011001011000000000000000000000000000000000000000000000000000000000000
010101111011100100011011011000100000000000000000000000000000000000000000000000000000000000000000
001110111111101110010110001001011111000000000000000000000000000000000000000000000000000000000000
011100111010001111101111100101011000000000000000000000000000000000000000000000000000000000000000
010111100101011101011010011111010011000000000000000000000000000000000000000000000000000000000000
011011001101100111010110100011101110000000000000000000000000000000000000000000000000000000000000
000000001101001100100111011000101100000000000000000000000000000000000000000000000000000000000000
100000111001101000000010110011111111000000000000000000000000000000000000000000000000000000000000
010010011001101010011001111111011111000000000000000000000000000000000000000000000000000000000000
100100011111010111001001010111110000000000000000000000000000000000000000000000000000000000000000
100100010001101111101000010111100011000000000000000000000000000000000000000000000000000000000000
011100011111110000001011000111111011000000000000000000000000000000000000000000000000000000000000
100011010111000001100111001001100111000000000000000000000000000000000000000000000000000000000000
111111100110000001101111110001110101000000000000000000000000000000000000000000000000000000000000
001001110001001101001110100010000001000000000000000000000000000000000000000000000000000000000000
011111111101010111001110000101101100000000000000000000000000000000000000000000000000000000000000
010111000010011110010000100111110110000000000000000000000000000000000000000000000000000000000000
000010011101110101111011101011011000000000000000000000000000000000000000000000000000000000000000
011010011001010100010010111100111001000000000000000000000000000000000000000000000000000000000000
110010100101110111010110001011101011000000000000000000000000000000000000000000000000000000000000
010100100110101101100000011010110111000000000000000000000000000000000000000000000000000000000000
100010011101001111010111111011101011000000000000000000000000000000000000000000000000000000000000
001111011000011100010100011010111000000000000000000000000000000000000000000000000000000000000000
111100001010001100001010011000100100000000000000000000000000000000000000000000000000000000000000
001101110101100100001100010100100101000000000000000000000000000000000000000000000000000000000000
111001001011010100001101010000110111000000000000000000000000000000000000000000000000000000000000
000110011010101001111100110100110011000000000000000000000000000000000000000000000000000000000000
000011010100011010001101011011001001000000000000000000000000000000000000000000000000000000000000
001000001011011011111010011011100100000000000000000000000000000000000000000000000000000000000000
011000111000100111001111000101100011000000000000000000000000000000000000000000000000000000000000
000100010000111011101001001011000000000000000000000000000000000000000000000000000000000000000000
101000010110010000010100110110001110000000000000000000000000000000000000000000000000000000000000
010110010111110110110011111101011010000000000000000000000000000000000000000000000000000000000000
111010110101010110010110101110110001000000000000000000000000000000000000000000000000000000000000
011011010001100110011110111011000100000000000000000000000000000000000000000000000000000000000000
010010001011000011011011100001101100000000000000000000000000000000000000000000000000000000000000
111111100111000111100110011000100000000000000000000000000000000000000000000000000000000000000000
111100101000010110011011011010110101000000000000000000000000000000000000000000000000000000000000
001000110111000011010110011010111100000000000000000000000000000000000000000000000000000000000000
110010000100110100001111010011101111000000000000000000000000000000000000000000000000000000000000
010111001100011100001001011010101001000000000000000000000000000000000000000000000000000000000000
000010001001001101010010001010111011000000000000000000000000000000000000000000000000000000000000
110001000000001000110000111111111001000000000000000000000000000000000000000000000000000000000000
101001010110001010001000111111011011000000000000000000000000000000000000000000000000000000000000
010011101101100011000000011110100011000000000000000000000000000000000000000000000000000000000000
100111100011011000000110001100001101000000000000000000000000000000000000000000000000000000000000
000100000111010001010100110110101001000000000000000000000000000000000000000000000000000000000000
001010001111110000100110000000101001000000000000000000000000000000000000000000000000000000000000
111110110111011100000101110010100000000000000000000000000000000000000000000000000000000000000000
000101011001100001010010101011110111000000000000000000000000000000000000000000000000000000000000
011001101000010000110100101000111010000000000000000000000000000000000000000000000000000000000000
011111111010000100110100101000111011000000000000000000000000000000000000000000000000000000000000
010100001010000000110011000101011111000000000000000000000000000000000000000000000000000000000000
010101000001000100001101101101100100000000000000000000000000000000000000000000000000000000000000
011011001010111101001111010010101011000000000000000000000000000000000000000000000000000000000000
100100100001111110110001011000000011000000000000000000000000000000000000000000000000000000000000
100001100100001100111000001111111001000000000000000000000000000000000000000000000000000000000000
001101010110001011001010001100101010000000000000000000000000000000000000000000000000000000000000
001110000101000110001001110111111100000000000000000000000000000000000000000000000000000000000000
011011010100100111011010001110000110000000000000000000000000000000000000000000000000000000000000
011001100100111010100100100110110000000000000000000000000000000000000000000000000000000000000000
111000110111001001101110110111100110000000000000000000000000000000000000000000000000000000000000
100000100000000111110100000001011011000000000000000000000000000000000000000000000000000000000000
001010110111110011001111010110010101000000000000000000000000000000000000000000000000000000000000
001101010011111110100101001111111001000000000000000000000000000000000000000000000000000000000000
111011001100010011100011111011011001000000000000000000000000000000000000000000000000000000000000
011110001100001100100010100011100100000000000000000000000000000000000000000000000000000000000000
010010000110110010110010110000111100000000000000000000000000000000000000000000000000000000000000
110101001101100100100111010010010001000000000000000000000000000000000000000000000000000000000000
100100111001101010011110010110010100000000000000000000000000000000000000000000000000000000000000
110010000101100100101001010110111000000000000000000000000000000000000000000000000000000000000000
001000110100111001101001000010111100000000000000000000000000000000000000000000000000000000000000
100010010100001111011010011000111001000000000000000000000000000000000000000000000000000000000000
100100000001011111001110010110001001000000000000000000000000000000000000000000000000000000000000
110111011000001001001000000100100110000000000000000000000000000000000000000000000000000000000000
111110111111011000101110111111111000000000000000000000000000000000000000000000000000000000000000
011000011011010000101100100100100100000000000000000000000000000000000000000000000000000000000000
001110111111001000000001011101011101000000000000000000000000000000000000000000000000000000000000
101100100001110001111011010101001101000000000000000000000000000000000000000000000000000000000000
001011010101110011010110100011100011000000000000000000000000000000000000000000000000000000000000
000010001010101110000011101001101010000000000000000000000000000000000000000000000000000000000000
011100010000000000111011001100111100000000000000000000000000000000000000000000000000000000000000
100001000111010100111100101110111001000000000000000000000000000000000000000000000000000000000000
011111100110101101111001100011100111000000000000000000000000000000000000000000000000000000000000
001110000000100110100010101101011111000000000000000000000000000000000000000000000000000000000000
100101100011000011111011101101011011000000000000000000000000000000000000000000000000000000000000
011011101111101100100001110001101011000000000000000000000000000000000000000000000000000000000000
001011111111000111101010100010101111000000000000000000000000000000000000000000000000000000000000
010111000100110000011011100111111011000000000000000000000000000000000000000000000000000000000000
110110111100101111001100000001011011000000000000000000000000000000000000000000000000000000000000
100110100100111000101101111001010101000000000000000000000000000000000000000000000000000000000000
010100100111101111111101111100011010000000000000000000000000000000000000000000000000000000000000
100101100010010101111101000111110010000000000000000000000000000000000000000000000000000000000000
000000111010100000100110010100101100000000000000000000000000000000000000000000000000000000000000
011000101110010110100101000111110100000000000000000000000000000000000000000000000000000000000000
001101100110011101101010100001011010000000000000000000000000000000000000000000000000000000000000
000110000001110100110110111000101011000000000000000000000000000000000000000000000000000000000000
000000111001011000000110111100010011000000000000000000000000000000000000000000000000000000000000
000010000100000101001101001001100101000000000000000000000000000000000000000000000000000000000000
100111000000110110101010111011010011000000000000000000000000000000000000000000000000000000000000
010010011100101000011001001100010010000000000000000000000000000000000000000000000000000000000000
110111011001011110011011101101101110000000000000000000000000000000000000000000000000000000000000
010110100111111110010111101011001101000000000000000000000000000000000000000000000000000000000000
100110110010101010000100010110011111000000000000000000000000000000000000000000000000000000000000
100001101011000111100110100111111010000000000000000000000000000000000000000000000000000000000000
111101100110111001010011011011001100000000000000000000000000000000000000000000000000000000000000
011110111000000001110100010011110001000000000000000000000000000000000000000000000000000000000000
101001100011111010001011011000111100000000000000000000000000000000000000000000000000000000000000
110101001110100010011001011100110110000000000000000000000000000000000000000000000000000000000000
110000011010101000010110111001000111000000000000000000000000000000000000000000000000000000000000
011101101011011111000010011001111010000000000000000000000000000000000000000000000000000000000000
011111110101000011101001100000110101000000000000000000000000000000000000000000000000000000000000
000010011100011011111000111011101111000000000000000000000000000000000000000000000000000000000000
101010001010101010100010010001011010000000000000000000000000000000000000000000000000000000000000
010100101100101111001010111110101001000000000000000000000000000000000000000000000000000000000000
000010100011001001100110011100110101000000000000000000000000000000000000000000000000000000000000
100011101110110101010111111110100111000000000000000000000000000000000000000000000000000000000000
110011010111001101011100001110001101000000000000000000000000000000000000000000000000000000000000
111101011101011011111111010101010010000000000000000000000000000000000000000000000000000000000000
101111001101110011001011111110001110000000000000000000000000000000000000000000000000000000000000
110101000111100100111010010100110011000000000000000000000000000000000000000000000000000000000000
111100000001011110001100100010101001000000000000000000000000000000000000000000000000000000000000
100010001001010100011010000100100101000000000000000000000000000000000000000000000000000000000000
000011111001000100101000001000101100000000000000000000000000000000000000000000000000000000000000
101101010001000011101001100100011101000000000000000000000000000000000000000000000000000000000000
000011110111001111000011110010011110000000000000000000000000000000000000000000000000000000000000
001110110010001001101010001000001101000000000000000000000000000000000000000000000000000000000000
101000011100111001010001010000010101000000000000000000000000000000000000000000000000000000000000
110000000101100111001110111011010011000000000000000000000000000000000000000000000000000000000000
001010111100001100000100110011101101000000000000000000000000000000000000000000000000000000000000
001111100100000010101101111100010100000000000000000000000000000000000000000000000000000000000000
001100110001011000001001001011110001000000000000000000000000000000000000000000000000000000000000
101110001010010101101001010001010011000000000000000000000000000000000000000000000000000000000000
010001011100000100100011000000110111000000000000000000000000000000000000000000000000000000000000
101011110000001100001010110110101110000000000000000000000000000000000000000000000000000000000000
110101011001010011001010111010110100000000000000000000000000000000000000000000000000000000000000
101011111010110111100001001100010011000000000000000000000000000000000000000000000000000000000000
101101111101100000111100001011100110000000000000000000000000000000000000000000000000000000000000
111111010001101110111110111000111010000000000000000000000000000000000000000000000000000000000000
111111001101000100101010011101010111000000000000000000000000000000000000000000000000000000000000
011101111010000100001110111011000100000000000000000000000000000000000000000000000000000000000000
011011000011110110000001010001100001000000000000000000000000000000000000000000000000000000000000
110011010110110000001010010011010110000000000000000000000000000000000000000000000000000000000000
010000000010101110001111101111001110000000000000000000000000000000000000000000000000000000000000
001101100000100100101001010011101100000000000000000000000000000000000000000000000000000000000000
111100110010100001111111010010101100000000000000000000000000000000000000000000000000000000000000
001001110101000000111110111111111011000000000000000000000000000000000000000000000000000000000000
101110000010000000100000011100001001000000000000000000000000000000000000000000000000000000000000
000010101001001000010101111011010001000000000000000000000000000000000000000000000000000000000000
111100111011010110001110010000000110000000000000000000000000000000000000000000000000000000000000
101001011011101011011110000000010110000000000000000000000000000000000000000000000000000000000000
101000101110101101011000011101111010000000000000000000000000000000000000000000000000000000000000
011011100111001100101111000000001110000000000000000000000000000000000000000000000000000000000000
111000000111101010001111010100111100000000000000000000000000000000000000000000000000000000000000
010000000000111100011001111000000001000000000000000000000000000000000000000000000000000000000000
110001111111111110100010000011010010000000000000000000000000000000000000000000000000000000000000
000000110101111100011001110101001010000000000000000000000000000000000000000000000000000000000000
010001111100011101110100001000000000000000000000000000000000000000000000000000000000000000000000
001101000100110110100010110111000010000000000000000000000000000000000000000000000000000000000000
000101011100110000101101001001011101000000000000000000000000000000000000000000000000000000000000
111010010111100011011110100111010101000000000000000000000000000000000000000000000000000000000000
101010010110001011110111010010010000000000000000000000000000000000000000000000000000000000000000
000001011000011111101111111000001010000000000000000000000000000000000000000000000000000000000000
100000101010000011110011101101000111000000000000000000000000000000000000000000000000000000000000
010011100011111010111100011001100110000000000000000000000000000000000000000000000000000000000000
010000110111101010100101101110011110000000000000000000000000000000000000000000000000000000000000
000101000011100100100010100111111100000000000000000000000000000000000000000000000000000000000000
111011100010000011101011110111010100000000000000000000000000000000000000000000000000000000000000
000100000100101000100011001110011100000000000000000000000000000000000000000000000000000000000000
101010110001111000011000111001010101000000000000000000000000000000000000000000000000000000000000
100011111011100110100000001010011100000000000000000000000000000000000000000000000000000000000000
111110101111000100110010000001001000000000000000000000000000000000000000000000000000000000000000
000101010010000100111111101011111001000000000000000000000000000000000000000000000000000000000000
111010000110010000100001000100100111000000000000000000000000000000000000000000000000000000000000
011001111100011110001111101010000001000000000000000000000000000000000000000000000000000000000000
110000011000111010110010110100000010000000000000000000000000000000000000000000000000000000000000
100011111110110101111111100101110111000000000000000000000000000000000000000000000000000000000000
101100110111011111010000110110100101000000000000000000000000000000000000000000000000000000000000
001101011000101001101101110100010100000000000000000000000000000000000000000000000000000000000000
001000001111010101111101100100010111000000000000000000000000000000000000000000000000000000000000
001000011011111110110001010011000100000000000000000000000000000000000000000000000000000000000000
110111001011000110010001011000100000000000000000000000000000000000000000000000000000000000000000
100100010001100111001101100100001000000000000000000000000000000000000000000000000000000000000000
010111110001111010101100001000110001000000000000000000000000000000000000000000000000000000000000
001111100100110000000100010111101101000000000000000000000000000000000000000000000000000000000000
001011111000111000111111111000111001000000000000000000000000000000000000000000000000000000000000
010011110010010011111100100001001101000000000000000000000000000000000000000000000000000000000000
101100111111100000100110000101110010000000000000000000000000000000000000000000000000000000000000
000101110101011101001000010110100111000000000000000000000000000000000000000000000000000000000000
111111101001100101111110011110101010000000000000000000000000000000000000000000000000000000000000
001010001010000010101001000000001001000000000000000000000000000000000000000000000000000000000000
110000011001101001101000000011011110000000000000000000000000000000000000000000000000000000000000
111110100010010101000010000101111001000000000000000000000000000000000000000000000000000000000000
001001010110101110010100101011100010000000000000000000000000000000000000000000000000000000000000
101110001110010001000000100110010100000000000000000000000000000000000000000000000000000000000000
000111011100000100110001011001100001000000000000000000000000000000000000000000000000000000000000
111001110100010010000010101111011100000000000000000000000000000000000000000000000000000000000000
110111000101100110110010010000000000000000000000000000000000000000000000000000000000000000000000
000000110110011011000011110110110110000000000000000000000000000000000000000000000000000000000000
001000110000110110110111111110110101000000000000000000000000000000000000000000000000000000000000
010000100100101100100111000011010110000000000000000000000000000000000000000000000000000000000000
101110011100000010011100011001011100000000000000000000000000000000000000000000000000000000000000
001010111010110001111001010100011111000000000000000000000000000000000000000000000000000000000000
000111001101100000001000011111001101000000000000000000000000000000000000000000000000000000000000
100010001100110011111010001111011010000000000000000000000000000000000000000000000000000000000000
000001110101000100001100111110011101000000000000000000000000000000000000000000000000000000000000
011111111011011110100000111000110110000000000000000000000000000000000000000000000000000000000000
011011100010011010000010101100100001000000000000000000000000000000000000000000000000000000000000
011010111001000100011100101011011100000000000000000000000000000000000000000000000000000000000000
110000001001111010110110001100000101000000000000000000000000000000000000000000000000000000000000
001100101110101100101101001111010011000000000000000000000000000000000000000000000000000000000000
111000000001001101000000011111111101000000000000000000000000000000000000000000000000000000000000
101101101111011111101110100010110101000000000000000000000000000000000000000000000000000000000000
110111101111101101111010111111000101000000000000000000000000000000000000000000000000000000000000
011010010100100110101010110001001011000000000000000000000000000000000000000000000000000000000000
010000111000111010111110111111101001000000000000000000000000000000000000000000000000000000000000
010100001011100110011111100010101111000000000000000000000000000000000000000000000000000000000000
111011110011011000011001011101101111000000000000000000000000000000000000000000000000000000000000
010010001010001000000111100000100111000000000000000000000000000000000000000000000000000000000000
001100110101010010111000110110011001000000000000000000000000000000000000000000000000000000000000
001110011011110100000010101100111000000000000000000000000000000000000000000000000000000000000000
101100111100101001111001001110000010000000000000000000000000000000000000000000000000000000000000
100011110100111010001101111101100110000000000000000000000000000000000000000000000000000000000000
011110000000010100111001001100000100000000000000000000000000000000000000000000000000000000000000
110100100000110110101111101111110110000000000000000000000000000000000000000000000000000000000000
010110110100000111100010011010110011000000000000000000000000000000000000000000000000000000000000
001111110101010011100110101100101101000000000000000000000000000000000000000000000000000000000000
111110000110010111001010001110110111000000000000000000000000000000000000000000000000000000000000
110011110000100011101000110100010011000000000000000000000000000000000000000000000000000000000000
000010101111100100010111001000011011000000000000000000000000000000000000000000000000000000000000
011110100110100110110110100001000011000000000000000000000000000000000000000000000000000000000000
111010111001000111011100110010101111000000000000000000000000000000000000000000000000000000000000
011110001100111001000011100100100100000000000000000000000000000000000000000000000000000000000000
101100100000010101111000010111111100000000000000000000000000000000000000000000000000000000000000
010000111101000010110110100011110010000000000000000000000000000000000000000000000000000000000000
100101110011100001001100111101000001000000000000000000000000000000000000000000000000000000000000
101010011000010000000101011111111101000000000000000000000000000000000000000000000000000000000000
001011010011011111100100101011101010000000000000000000000000000000000000000000000000000000000000
010001100110001101001010111011111000000000000000000000000000000000000000000000000000000000000000
111011101101111111011000011010001110000000000000000000000000000000000000000000000000000000000000
001111101001001110101100101111001100000000000000000000000000000000000000000000000000000000000000
001011010000110110100010101010100000000000000000000000000000000000000000000000000000000000000000
110001110110111111010010010000101110000000000000000000000000000000000000000000000000000000000000
010011110101000010100000100011010011000000000000000000000000000000000000000000000000000000000000
101100100000111000101101100111011110000000000000000000000000000000000000000000000000000000000000
110011101110101000101101010101101100000000000000000000000000000000000000000000000000000000000000
000000001011110001011111111110011000000000000000000000000000000000000000000000000000000000000000
111000001100001111011000011000111000000000000000000000000000000000000000000000000000000000000000
000001100000010101010101100001111001000000000000000000000000000000000000000000000000000000000000
000101101001000111101001100111111101000000000000000000000000000000000000000000000000000000000000
101111010100010100010101111001000011000000000000000000000000000000000000000000000000000000000000
111001111011111000110111110000010000000000000000000000000000000000000000000000000000000000000000
110111100010100101101101100110011111000000000000000000000000000000000000000000000000000000000000
000111111000001001011001001110110111000000000000000000000000000000000000000000000000000000000000
000110110111100101000110100011100011000000000000000000000000000000000000000000000000000000000000
000000101001011001101111011110100011000000000000000000000000000000000000000000000000000000000000
110001000011011101101101110011000110000000000000000000000000000000000000000000000000000000000000
010000110101100101001001110100101011000000000000000000000000000000000000000000000000000000000000
111011110011101011111010000000011111000000000000000000000000000000000000000000000000000000000000
011110100010011100101110000001001011000000000000000000000000000000000000000000000000000000000000
110001001100001111001011011101101111000000000000000000000000000000000000000000000000000000000000
001011100001010010100001110101010001000000000000000000000000000000000000000000000000000000000000
000000100110111101111011101010111111000000000000000000000000000000000000000000000000000000000000
100011000000111010111101000111100100000000000000000000000000000000000000000000000000000000000000
001101011011010000101111110000111010000000000000000000000000000000000000000000000000000000000000
010000110001110000011101101100010110000000000000000000000000000000000000000000000000000000000000
111000110100110101000101100101111101000000000000000000000000000000000000000000000000000000000000
011100000110001111100111101011010000000000000000000000000000000000000000000000000000000000000000
100011011001110011111111111110110000000000000000000000000000000000000000000000000000000000000000
110001100100100110101000110000001011000000000000000000000000000000000000000000000000000000000000
110011010101001010100100110010001011000000000000000000000000000000000000000000000000000000000000
101011100110110000100001111100011010000000000000000000000000000000000000000000000000000000000000
001110011000001001000011110110100111000000000000000000000000000000000000000000000000000000000000
101111000010010001110001001110000100000000000000000000000000000000000000000000000000000000000000
001110100111110010000010000001001111000000000000000000000000000000000000000000000000000000000000
000001111111011111101010101001101100000000000000000000000000000000000000000000000000000000000000
110001100110001010010110111010111011000000000000000000000000000000000000000000000000000000000000
011100000001001010001010000110110111000000000000000000000000000000000000000000000000000000000000
110001101001100110100111111010100001000000000000000000000000000000000000000000000000000000000000
101010001001000000011011110101000010000000000000000000000000000000000000000000000000000000000000
101100010001110011001000010011111011000000000000000000000000000000000000000000000000000000000000
001000111000011100001111011011100110000000000000000000000000000000000000000000000000000000000000
110101111110100011100100101010000100000000000000000000000000000000000000000000000000000000000000
100100110101100001011000001111110110000000000000000000000000000000000000000000000000000000000000
001010100011111010101101110010101001000000000000000000000000000000000000000000000000000000000000
001010010111101111100100100000001110000000000000000000000000000000000000000000000000000000000000
100111110100001000000100010101000111000000000000000000000000000000000000000000000000000000000000
001101000100001100000110011100010100000000000000000000000000000000000000000000000000000000000000
000111111000000101011110110000011100000000000000000000000000000000000000000000000000000000000000
101110011011100100011110100100111101000000000000000000000000000000000000000000000000000000000000
100110010000001011111111110111001101000000000000000000000000000000000000000000000000000000000000
001111111010100101000100011101010110000000000000000000000000000000000000000000000000000000000000
010011101101001000000000101110110110000000000000000000000000000000000000000000000000000000000000
000100001001011100001010110101111100000000000000000000000000000000000000000000000000000000000000
111000100100001111110000101100010111000000000000000000000000000000000000000000000000000000000000
101101010101111111010110110010110111000000000000000000000000000000000000000000000000000000000000
010101001100000100010101011000100110000000000000000000000000000000000000000000000000000000000000
100011011010011100111011001101101011000000000000000000000000000000000000000000000000000000000000
001000101111110110110111000101110101000000000000000000000000000000000000000000000000000000000000
111110110100111111110110100101100011000000000000000000000000000000000000000000000000000000000000
000110001110010000011111011101111101000000000000000000000000000000000000000000000000000000000000
011110110111010101000000001101000101000000000000000000000000000000000000000000000000000000000000
000010100100110111111001001011110101000000000000000000000000000000000000000000000000000000000000
101110111000100101100001001000110000000000000000000000000000000000000000000000000000000000000000
100111001011110101011000010011110001000000000000000000000000000000000000000000000000000000000000
010110011000111001010000110011010111000000000000000000000000000000000000000000000000000000000000
000011110011000111100110101010001000000000000000000000000000000000000000000000000000000000000000
110000000100111100110101001111111000000000000000000000000000000000000000000000000000000000000000
001010011101000101111011011010101000000000000000000000000000000000000000000000000000000000000000
001111011100110110101111000010111110000000000000000000000000000000000000000000000000000000000000
010100011101010000111011001110000001000000000000000000000000000000000000000000000000000000000000
100110101000010010011001100011000101000000000000000000000000000000000000000000000000000000000000
011100001000100000011001100111111100000000000000000000000000000000000000000000000000000000000000
010110010110011010100011110000111010000000000000000000000000000000000000000000000000000000000000
001010110001000000110110100000010111000000000000000000000000000000000000000000000000000000000000
111001110000111111110110111010001100000000000000000000000000000000000000000000000000000000000000
000001000110000010101101111100111111000000000000000000000000000000000000000000000000000000000000
011111001011010101010001000010000101000000000000000000000000000000000000000000000000000000000000
111110001111010001101011001101100110000000000000000000000000000000000000000000000000000000000000
101111101101101100001000110110110010000000000000000000000000000000000000000000000000000000000000
111111110110100101010010011001100000000000000000000000000000000000000000000000000000000000000000
111011001100001111000010110100101100000000000000000000000000000000000000000000000000000000000000
100000000101110001110000011010101011000000000000000000000000000000000000000000000000000000000000
101101011101110010100110101000000010000000000000000000000000000000000000000000000000000000000000
000000001001010111101011011101001010000000000000000000000000000000000000000000000000000000000000
011101010000001011010000010010101110000000000000000000000000000000000000000000000000000000000000
110000111110101011101110001101110111000000000000000000000000000000000000000000000000000000000000
010111011110100110001111110110010010000000000000000000000000000000000000000000000000000000000000
000101100101000111010010001110010001000000000000000000000000000000000000000000000000000000000000
111111000000010001111010000110110101000000000000000000000000000000000000000000000000000000000000
000100010100001001011001011101001011000000000000000000000000000000000000000000000000000000000000
110111101000010011100001000001000101000000000000000000000000000000000000000000000000000000000000
001000101100001000101110010110001010000000000000000000000000000000000000000000000000000000000000
101000100100010010001010010000011000000000000000000000000000000000000000000000000000000000000000
011010000011110011111001111111000011000000000000000000000000000000000000000000000000000000000000
100101001010001001011011001110110100000000000000000000000000000000000000000000000000000000000000
100000110010101001100010100010100001000000000000000000000000000000000000000000000000000000000000
100111111100110100101100011000010110000000000000000000000000000000000000000000000000000000000000
111110001100001010111001001101110101000000000000000000000000000000000000000000000000000000000000
101000011010000011001101100001011010000000000000000000000000000000000000000000000000000000000000
010110100101000100000001100001000111000000000000000000000000000000000000000000000000000000000000
101011110100100001000101100101001000000000000000000000000000000000000000000000000000000000000000
101001110001011110100001010111010000000000000000000000000000000000000000000000000000000000000000
111110010011100010010100010100100011000000000000000000000000000000000000000000000000000000000000
000001101011011110100011000011011110000000000000000000000000000000000000000000000000000000000000
100111101111000010000001010001101100000000000000000000000000000000000000000000000000000000000000
110000010001010101100001101100101001000000000000000000000000000000000000000000000000000000000000
111100010011110110010000100011001101000000000000000000000000000000000000000000000000000000000000
010101011111110101010011001100001100000000000000000000000000000000000000000000000000000000000000
011011100100011110111100110011001001000000000000000000000000000000000000000000000000000000000000
100101101010001000010100000011011011000000000000000000000000000000000000000000000000000000000000
011110000110111000100000110011001100000000000000000000000000000000000000000000000000000000000000
111100010010110000100001110101001100000000000000000000000000000000000000000000000000000000000000
111101101011100101001111000100011111000000000000000000000000000000000000000000000000000000000000
101010000000111111010011101100110001000000000000000000000000000000000000000000000000000000000000
011111101010001011010000010101101110000000000000000000000000000000000000000000000000000000000000
000001110101110011001011001010011000000000000000000000000000000000000000000000000000000000000000
111010011101111001110010011111011100000000000000000000000000000000000000000000000000000000000000
100001111100001011111101000010000001000000000000000000000000000000000000000000000000000000000000
010101010100111010000111101010000011000000000000000000000000000000000000000000000000000000000000
011010101000001011011100010100110111000000000000000000000000000000000000000000000000000000000000
001110010010000011111001110101011110000000000000000000000000000000000000000000000000000000000000
011110001100101101011010110100010110000000000000000000000000000000000000000000000000000000000000
100000101011100000011101010000001101000000000000000000000000000000000000000000000000000000000000
101101001101111000001100111110011000000000000000000000000000000000000000000000000000000000000000
010001111000000010000110100100111101000000000000000000000000000000000000000000000000000000000000
100000111000000100010001110001011000000000000000000000000000000000000000000000000000000000000000
010100110110101011001110101010011101000000000000000000000000000000000000000000000000000000000000
010101101001101101011101111000111101000000000000000000000000000000000000000000000000000000000000
101001010000001000101101110100110101000000000000000000000000000000000000000000000000000000000000
111111001000001001101101011101111011000000000000000000000000000000000000000000000000000000000000
110111110011010010011100011101000000000000000000000000000000000000000000000000000000000000000000
110001110101101110011111010001010001000000000000000000000000000000000000000000000000000000000000
101110101100010110000110000101100011000000000000000000000000000000000000000000000000000000000000
001111001010011110010001011011010000000000000000000000000000000000000000000000000000000000000000
001001101111101000010000110011000011000000000000000000000000000000000000000000000000000000000000
101011111101101001111001001000111000000000000000000000000000000000000000000000000000000000000000
011010110000000101010101000110001000000000000000000000000000000000000000000000000000000000000000
001001000101011101101110101110011110000000000000000000000000000000000000000000000000000000000000
000011110010000010001100011000111111000000000000000000000000000000000000000000000000000000000000
010110001110000001111000011001000101000000000000000000000000000000000000000000000000000000000000
000110111101011101100101010110101110000000000000000000000000000000000000000000000000000000000000
010010111001011000100001001101101100000000000000000000000000000000000000000000000000000000000000
001110011001111010011011000011000101000000000000000000000000000000000000000000000000000000000000
000101011110010011011010000101100100000000000000000000000000000000000000000000000000000000000000
111010111100100111110001110100000100000000000000000000000000000000000000000000000000000000000000
010111011100000101101001111001011101000000000000000000000000000000000000000000000000000000000000
001011010110100101011001010010100100000000000000000000000000000000000000000000000000000000000000
011001111111111011001000010111110101000000000000000000000000000000000000000000000000000000000000
101111111010000010101000111100000010000000000000000000000000000000000000000000000000000000000000
000011100111100110001001011001101111000000000000000000000000000000000000000000000000000000000000
101101011100001010011111100011111101000000000000000000000000000000000000000000000000000000000000
111011100111000101101110011110101011000000000000000000000000000000000000000000000000000000000000
100100000100010000011010100000010010000000000000000000000000000000000000000000000000000000000000
011000010011000000001001111000110001000000000000000000000000000000000000000000000000000000000000
001111101000010101000101111010010100000000000000000000000000000000000000000000000000000000000000
100111110011001011001100101100111110000000000000000000000000000000000000000000000000000000000000
110001110010100101011001101110100100000000000000000000000000000000000000000000000000000000000000
010011010101111101001000100111101011000000000000000000000000000000000000000000000000000000000000
011100010101001100000011010011100000000000000000000000000000000000000000000000000000000000000000
000101011110000010100000111010001111000000000000000000000000000000000000000000000000000000000000
010110101111011110101101001110001001000000000000000000000000000000000000000000000000000000000000
101011100110110010001110010001110011000000000000000000000000000000000000000000000000000000000000
000001000101001001110101101001111101000000000000000000000000000000000000000000000000000000000000
011110001000001100101100110011100010000000000000000000000000000000000000000000000000000000000000
101100010010000010001101011100000101000000000000000000000000000000000000000000000000000000000000
111111010001011000000010011100010110000000000000000000000000000000000000000000000000000000000000
010011000100001110110101000011010111000000000000000000000000000000000000000000000000000000000000
101101101111000100010100100100111101000000000000000000000000000000000000000000000000000000000000
101111010010011001111111010011010011000000000000000000000000000000000000000000000000000000000000
111100010111111001111111100000101110000000000000000000000000000000000000000000000000000000000000
101111101110000000000110011110010001000000000000000000000000000000000000000000000000000000000000
111100011011001101111110010000110110000000000000000000000000000000000000000000000000000000000000
010000110110000011011011000001011001000000000000000000000000000000000000000000000000000000000000
100111001010011111010010001111000010000000000000000000000000000000000000000000000000000000000000
111100010000011000000110100101010010000000000000000000000000000000000000000000000000000000000000
100111110010001111111111011100111010000000000000000000000000000000000000000000000000000000000000
100011000111010100110110010110111011000000000000000000000000000000000000000000000000000000000000
010000100010100100011001110100100011000000000000000000000000000000000000000000000000000000000000
110010111100000000001010000010100011000000000000000000000000000000000000000000000000000000000000
100110001101001100000110101111000000000000000000000000000000000000000000000000000000000000000000
011111111010010100001101111001011001000000000000000000000000000000000000000000000000000000000000
110101000011100101111100101111000010000000000000000000000000000000000000000000000000000000000000
111001001011010100000000111100110011000000000000000000000000000000000000000000000000000000000000
010101111110111000100010101001000100000000000000000000000000000000000000000000000000000000000000
111101110010011011100100010101010011000000000000000000000000000000000000000000000000000000000000
101010011110000001111001111110100100000000000000000000000000000000000000000000000000000000000000
011011110110100110000111001010100001000000000000000000000000000000000000000000000000000000000000
010011101101101010111000001110011111000000000000000000000000000000000000000000000000000000000000
000011101010111000010111011100100111000000000000000000000000000000000000000000000000000000000000
111110110111100011111101110001111110000000000000000000000000000000000000000000000000000000000000
111100111111110011000010110110001111000000000000000000000000000000000000000000000000000000000000
110100101101011011101101101110010110000000000000000000000000000000000000000000000000000000000000
110010010111000000011010110110011110000000000000000000000000000000000000000000000000000000000000
010000010001101100010011100010101010000000000000000000000000000000000000000000000000000000000000
011111110111010100111000011000111110000000000000000000000000000000000000000000000000000000000000
001100101000001001110010011111010001000000000000000000000000000000000000000000000000000000000000
010101000110000111001001000111101001000000000000000000000000000000000000000000000000000000000000
010000100110100010101001000101001010000000000000000000000000000000000000000000000000000000000000
100100000011110011011000001000011010000000000000000000000000000000000000000000000000000000000000
010100100011011110011010001000000001000000000000000000000000000000000000000000000000000000000000
000010011000001010000111011101010011000000000000000000000000000000000000000000000000000000000000
001011101010001100100101111100111101000000000000000000000000000000000000000000000000000000000000
