100010011111001110100101000001000001011010000000111001010001110001111101100010111010100010011101
101110010100100001010010111100010111101000110011100000010010100010101101011100000011100110000011
111010100010111000011011111011110000010010100111000000001110011010100000011111011101011010111000
001001000011110011100100111000100111100000000110111010011011010001000101110100110010011010110001
010010101000011001110101011111010110100000000111110110111101101100110000100101001101010110111001
111010100011001011000001101000101110001011100110111100011111110011001000100110011110111110011011
001010111111001110010010110100111000010011110010101111010101111011001001000100110011011000000101
111001110110100110101110000101100010011011111101011011111111001000000011000100111001011110000110
001000100010011001011101110111100100101001110001001100100011010011001101100010100000011101110011
100000000111010111100011100001110111110100110101111101010110011100101101110111101111111110111010
011011100100010001110000010010100000000101001111101111011011011100000000110010000010001100100000
111101001010001010010000111111011110000001000001111111010010100011110010110000100100011101001101
100101000001100011110101001000010110000011001100010010100100101000110110001110100001010011100000
110110000000001111111010100101100011110010011010000011111010110011111011110010001111111110110001
110011001100110001011100010010110111111000011100011111110011001110101111101001111010101001110101
000001010010001100011100110100100011010111110001101111110111111011010011011000101001101010001001
001001101100010101011100000001101111011011011111110111100111100110101101010110011010011011100101
001001001111110011011010010011110011000100000101000000001100101111111000111010011110001110011011
011011010001001010000110110110001110001110011101010110000000001110010001111001101010110110101100
100010100010010110100000010011110010110010100001001100100011100100001001101100101111010001101101
010010011100010011111100010011100100001111110011001100000100010000101111001101000100010000110111
011010011010011011010101101001100101010100111011001011100000010010011000011100011100111110001100
010110010011110110101001000111110010101101010111111111111010101000101111011001111001101001100001
111000001011001111000100011101111001000010100000011010010011011000001110100110101100111101100010
110011110100100001111011101010111010110111101100110101001111111010110001100100101010000010001111
011111100100000001101010011010110100110101110010001010010101101011000100101100111111100010011110
011101001011000011001100000001111011001011000000111111100100110110100001001000000011101111101111
010000111101111001111010010100100011001101001000001000000010101111000100111001100100111100001000
101011001000110110111101011000111000111110110011111110101000111001010101111011010111000100110100
000011001111110110100010111000011101010011101001101011100001101011101001001000011101010101100101
011000110101111101101001111000111001100011101110100110101000010010000101011110001011011111011011
100110111011010101111000111001111000001000111101000001011110101100101101010111000000101000100010
111111111110110001101100010100101010000000011100010010001001101000110110111001100111010011010100
010101100110011100011110011000000001111110010011101010111111010000000011111010101001111000100111
101101100111111110010101101001100111011110011100100001000101001001100010101111111100100110010100
010101001010100010011100100011111111111111100010100011101110010010110101100101011111110010001111
001010000110001110011000011101100100111111011111101110001010001101100011000111011000000100011101
010111111001100100001000001111101010111000010001110000000000100011110110110010100000100001011101
100011111011111101001011011010110001000001100011110101001001010001000010101010100011001011111101
101011001001000010111100010010111001010011100010000000101110111001101011100011010100000011000010
000000111001110001111010111100100000010000111101001101111111001111111110010001000000110000001000
110000010110010010110000001000100011000101000001001010011011010001010111100000101100010000101111
001010011101111110011111101000001010001011101100011001010000111101110000001010101001111000010111
111000001000001001100000111110000101111011100010110111001010010111001100011001010111010111010101
110111101100011011011111110110011100011101110011111100011001111110101001011000010111111010000111
100011011110101010110000111100100011010001011110000000000010011101011110001100010101101110000011
111010001001101000010001010100010001001011111010001010110010100001101010101000111001011101000111
001100110001101011100101100010000111000000111001000001100101101110000100110010011101100001010110
101101000101101110100011101101000000110011011111111010010111100110010001010110000101100000001111
001110100100001110001110111011010101011110010101000100000111000111110000101110011011111010111001
101001110010010100100100001010101010010011101010011011001011111011010100111001101111101110101011
110001011111101101111110100000000100110100101000011001001000101100101111111000111111010010100111
010010000101100001100110010000110100111100111010100100000100100000100101001101100000100010100000
000101101010100111000001100101100000011010110010110110100001011111000111010110111100011001101000
010010000100010010100000101101101011010001001001000011000001001010111101011011110010011000001101
100001011011110001011010010010111111011001000100111111101011100010010010000101110110000000110011
111111000110001111001010011000110111001100011101001101000010110101110000111101100110101011011101
110010110001111100100011111100000111110010011000001000010011001101100001000101110101011100010000
000110011111101000001000000011000100000101000111001000001101011001110010001110110010000101101110
111110000000110000001010000000000101101111001111011110100000011101011111010101011100001000001110
010100000001101011010100001111101110100100001000111110101001011010100111100111001110111011000100
111010110101101110101011011001001001100111001000110110101100011000100011001111100101101010010000
000101100010101110001000001110100001011111001111101000111111001001010100000011100001110101110011
011101011000010110101100111000100110011011100010100010110010011111111010011000111101010010011101
000001100010110010000110011011011111011011001111000111001101100100100111100111101011011011100100
000011111011111111001000101111001110100101011111101011000001110111001100101001111111111000001100
000010010111011001100111100101110111110010100101000101100011011110110110000001101010111000011101
011001100100111001101001101010111011101100101011000101111101010010110001010011111111010100001001
110101001110001110110001001010110111010111111111111011010111111101011010010001011011001000010111
111011110011000110000110011101100111000100101010111111111100000001111100111000100110010001011101
111000100111001010001100001111110010111001011011011100000101111000100000111101011010110110111011
001110010000100010001010010101001110011011100001101000100000111110100100101111110000001101000010
001000000111010110100010011010110110111011101010110110110000101111010100000010100000101001110010
100101001110010111011001000100111011100011100010110100111010010011000100101101001110101000000111
111101100010010010010000001100110000010111000100000100100011101100010100101101011111001011011010
011111001110110001110101111010011100100001100111110001100110100101000010000001010101010111110000
110101100101110100011011000100101100001010001010101100011011110010111111101010001011101110100110
101011011110111001000010110011011100010110011111010100001000001000001000001001011011001000001110
000000011010000100011101111000001111000000111101100001010000101011000110010101110111101010001101
101110010000100111000100000110001100100100000100011000111011100011100011111010110010110110110011
100101000110011100001101000011111110101001100001100111101111000110001111110100110011001001110010
010011101101010000100110010000000111010101101100001111001110101000011000000100111001001101100111
100101101000010000010010001001101111100011110011011100111110110001010010000001101010100011110011
101100001100010010111111000100010100100111010110110000001111100000111000100010111000010110000000
110011010101010001111000101101111111011010100001100010010011001000100000010010010011100000001110
001100101000110100111110110010011011101110110001001100100100001111100111010011101110101111100101
010111010001000111100010010100000100001101000010110111110001010101110010001111010010100010001111
110010010111101111001100001010000011110011001010000100011110100111000001101000101011011010000011
100100001011100110001110011011110001000001000110100011101101110101011110101110010111010011010101
001111101010000010000100111010000100110010001110010111011001101101011101111001111110000001100110
110111001000101100110011011011011001001000011010010101001110110011101110011010100110000100010001
010101110010001100001110100010001000100101000110001010000011101000000110011100111111010000000100
010010001101010000111101100100010001101010110000011110010011010110000101100110010001111001101101
100100001110101010100111011110100000010100111111110011110011111101010011001011000010011110011011
000010000101011101000011011101000111001111010111110010100011111010101100100000000001010001110001
111000000000001100100111000001011101110011110011100001000001010101111101010010100000110011101100
110101010100111100000100110111011100100000110010011001001000111110111111100000111110110110111111
011111000100101000011111010110100010110111101001101101010100101100010001111001101100010110010111
100110000101111100010011001100101010100111001110100001101111111011111000000101000010000101000110
000010101010100010001101110010000011000100110100001101101011101111011100001100111011111000001101
011000000010110011001010011110000100000111010110101001111101110111100110111010111001001111001000
110001010010000010100100110011100101010000101011100011110011111100000011011001001101100011001001
101100111010000101010000011000111101111000100101111110011001011001101100001010101100001100110110
011101000101100111111100111110011100000010000000000001001100101101100001111101000111111111010000
100010001000101101001101001111010101100110100000011010001100100011000000100010011010110100111110
110010101010011100010010111111000011010000010011101001010011101110111010000100101101010011011011
010001011101000100011101111000001001011000011001110001111101100111011110010011101110001000111000
010110010011110100010101110001001000000101111011111000010100111101000110011111001000110010011001
001100101011100011100011111101011010100100010011110011110100110101111010110100100001110110111010
110001011111110100100100110110100101010010101011111000101101000100110010101101110100110010001001
011011111000010100011110100000101110001000010101001101010111001000010111001010000010101101101110
101110000001101110001100010011101010100101101111011111011000110011011101110100111101111101110110
111111100000001000001011110110001010011100100101001010000000101011111101010110111001111010100111
110101110001111111001010001010000011001110111101000101110011010000011000000001110011110010001101
010000101010001000010111100010010011111010011001110101010111001010010011110110010100000010101011
010101000001111101001111001110100000101011111101011000100010000011111101110100010100101010000110
101010010001100010010110001010111001111010100011111001011111010100101110111101001001111010111001
101110111011101101000010001010110111001001100101110000010100011110111101000111101000111101011110
100011111000011011101001110011001110101000000001100000111010110011101010110001101100001000000000
010011110110101110011110101100101010011111011011010110011110100100001000000010011011110110110101
110100000111011000101000001110011010010100001110010000010000001011010111110111101001101101111011
011000110001101100010101010000101011011101011010011010111011101100010110100100101111110000000010
110101001000010000100101001101001011101011001001010001010010000110001101100100110110111111011011
011001010010010111000010010000010100101001010111101001111111000100110001010010000110110000000010
111011111101110110001010000111010110101001100100100111000101101101010101110101100100101011111010
111011101101100001011010010100000011100011100100010110110001101001001011001010101011111000100011
111101100001101010111001111100011110110110011000101110000010011001010010001010011010011110111010
000100010010110111100100110000011011101101111111111010011110011101001101110101000010101111101111
101010110001101000001000011111001000111111011011111101010101100010101011101101101100100100110110
001100111110111011101010111000100100100101111011101011100001111010100110000011010001110001011100
100111101110010110001110101100101010010010101111101111010000101100011000101100000001011111010011
001000111000100000011011101011001100000000111101100000000001111100101111101100000111001111000011
000001000010001100001000011000011111010011000111111111101101101000110100010011100000001100000001
110111101100001100100100010011111000100110111001001001111001111111000011111000000001001010101100
010111000000011100011110010101100001010110010100001000111001000110100011110101101111101100010100
010001011000101001111011111011100010001000001001000110101111110100111110010001011010111011010001
111101001000111100100010101100111001000100011111101101111111111000001100011101011001110110101000
011000101101010110011010001101100000011100010111010011010100011011100010111101111000011010101010
010011111011111100111101110110100011011110000001000001100000011110010101001101101011110111101011
010111101100010101100011000000110011010110101000101101111100111011010001010010110000110100011110
111010000010100011100100110010111001011100101001101000100101110011110011000110010111010001110101
010111000101000011101111011000000100000111101111000110111111000001100100101000101001110001100110
010000111011101011001110100100101000010110010010101010111101110100111100000101010101000100101010
000010101101010101000010001100000010011111111000110000111100010001111011101001100111100101001011
111011010100100000100110101001001100101110010111100110010100000101000001100011000011101000000101
101001011001010010101011000100010001000111001001100100010001000111110001100010110010011000101001
110001011001110110101011000001011100101001100010010011111101011101011111000000110000101110001110
010100110111001011010110110001110000100001101110110010000000101100010110011011011101010100110011
011011011111010000110111000111001100110101010011010001011101100110011010110000110111111111010011
100000111111011010111000000101111110011111100100000001111111001100010100000001110011100010000001
100011101011100000100110011001101011100100101101111011000101101000110010111111000011101101111000
000000110011010100000100111000110011111110001000010100110101100011111010101011110001011001100101
000100111110000110011111101100010101100111011000100111000010110111101110011111000011100110100010
000101010000111101000010000100110010010011111101010110010110111001101010111000010000001101100010
100100000111010010001001101100000111000010000100010100110010100011100001100011111111011110100011
011010100101011110001010010000010001010100011101101011010001000010101001101110101100111000001000
000011000111001001100000100111110000000101111100010110101011110111110011000110110100011111111101
001100111101001000000000001000001011100110110111001111001001101101101010001011001001001110010010
111101000101110001000011001101111101001010100001100110001101001101000000110111000000100101110110
000011100000010010011000101000000011111001010110101101111111001001110101111010111011000101100011
101100101010100110101010101000001011110011111100100110110011111011001110101100110100100101111010
100110001010101010011000001010100000010101001101100110110111101110111101110011111100100011001100
010110011111111011110000101111110100000110011101001101110000010001000110100011010000011110010011
001101101100000101011001011111111110011111111000010111111100101111100011010010000100010011110001
001111011001000100010001100100000001101001010110010001111001010011101001001101100110101110101111
000010001101100000011011010001111000111001011001000011001111111011011100011101100000100011110100
100110010001101010011111011011100011101111011010010010101100110101010110000001000000110110011001
111101001010101101001010111100111111101111000000011111110000110000000110100110000010100111011011
011000101101011100100010001111010011000101001100011000111101011110101001001111001101001111011010
100010001011011100011110100011101011011000101010111011101100111110110101111000010100000101110110
010110111110001101101010000100000010001010101010111010101101000101110011100101000001110101101101
110001011100010000010110100100001011100000001110101001100100111001001100100001101110110011110010
101001111100011001010101110110101111011011000000110000101000101110000001101001010011100011001111
001011100011000110000001010011001111010100110111100010011101101101001010001101010111000010011111
100111111001111101010010100000001011101111001011001110010010000101000001010001011100111110000100
110100110100111001001100110011100011000111010001110100000010010111011000010111101101010110100110
111001001011011101111111110111000011000101100000100000100011100001011011011110000001001111001110
001010111001010001000011001101111001001001010111010001110111000110000101011001110101011110110111
010000010011011110101101000101001011001110110110000111111001110001111111101100110011000011111001
101101111011100110010011010010000001010001010001011010011100000110011010111110110001100010001100
110001011111011101000111101110011000111010110100000011111001010110011100011000000011000111001101
000001011110011010101100011010010010110000100111011001011010110100101110110011011101010011101010
111111000001001111011001101110000101100100011110011101010111110010010100101100101110101001011100
001110011001100000011111001011101101101111001100001000000011001011010110011010010010100010101101
000000011011111101100001000110001010001001110101000111110100000001110100011010110100010001111010
100000101110000010011110000111000011111110011111100011011111110111111000100001000010111100110100
111001000110011111010100000110010011000000101100100010000011010110010001010110001000011111000001
110111111100111101001011001100101000100101011000100011011010110010000110111111011111111011110100
100100101000100100111011011111100011010111101010101110000100000100000010010101011101100001000110
100000100101001110110000111010101011011110100000000011000111101011100011111110001010010011000001
110100011001010101011010111001100111101110100000001001110101001001101110001110110000111001011111
000000011001001010010011010100000100000000010100111011101111101101010100001110101111100010001011
110101001110000000110110111111011000010101110010011010110100111101101110110010001100100001111011
101001001001100011111110010110010101011110101110101101001000101110001110110010110101001011101110
001111110010111011101010001001000011000100111111100011111100111001101100111000011111111010011111
000011111110011101000111110010010111110110010101011101100010100111111010100101111111011100111001
010110110111011000110101110001111010001011101010001011001100110010000100110000001110001001010101
010011010010001011000101100101001111000001111101000111010110110001110100001001110110100111110000
011101100110010101001111100101010100011011110100110110000110111110100001111011011101111101101100
101011000100001110100101000000110011101111000110010010111011111000001111001111010001001111100011
110111010010011100110100000101000011010011001010011001010110111000111011000100011100100001000110
011100100001101001101001100001110110000111011001110101010110001001010101101100101001011110010101
111100001110111010100101000011100000000100101001001110101111000000010100011000001010011110110101
001101011001101010001111000101010001001010010010010010110101100101110011010101110010010101111000
001111101000001011110000110011111100111110100101011111101100011111000111100001000001010110011011
100111100110001110000111101110010010001001111001011101110101010101000001100011111000001000000111
011010110011101101111000010100100000010001000100011111010111000011000000011001101110011011111001
110111111000100100001010100010110100000000000100011001001011100111111011111110000101101010001101
100100000110110001101011011001011100100011000011010100110000010000100100011100000101000100010001
110110011001101110110001101110110111110010111100001110111110111001000100110000111101110111101001
001110010011010011100000000111100001010110000110110011001101011111111000111100010101011001010111
010100001110010100000010011100001000010001000101011001001010111010001001000100011101010111110011
000000010111010011001111000010011000011100000110111011001100010101010110111111001001110111011111
000011011101010001001000001110001001100000010111001000010011111100011010100101000110101011001101
100000001010111101110001110101011101101111010111101010001001011010110001010111101000111000111100
011110010100000101010100100101111101011000101000101100000101100110010100011111000011111001110100
000000100001011001000100111010101011011110110001010001001000010000011101000011010100011100011001
011111001011101001111001101010101100111000100111101111111000110001000100110011001011110011001101
100100010000001010101100011100000101101000101011001011010011100110000000001000011101100110100110
100111010001011001100101100100100110000110010001000101000111110010101010100011010110110110101100
011101101001100101101010100000101101101111111001110000000001001010100101000001011100010010101100
110001110001011011110001011001011101001110101110110101001111100110100111001110011011000010010011
001111010101111100001110100111010011001111100011010101100101111011010101101111001111101001111100
010011101110110001001100110110100000111100010010011010100111101111001100100111010101011110001110
110100100100001011100100001110100101100000110011010010001100111010001110010110100111001000011101
000110110011111110011111111110100010001111111111110010110010110110000111110110000111000000111001
001010100001001010010001100110000110100110110110010101001100100110111101110001011110101010001111
000001010011010111000001010001101101100000010001111101110011111100100100001000111100110101000100
010110100001000111001100010101100000001010001000001000111110100100000111010001000000001100100100
101101000110101110111011111110011110100001000100011010111010000111110011111101101010001010001001
100100000011011101001000011001001000010000111000110010100111111011010100100010110111000101010010
100011100011011001010011101100111011000010000110100001011011100111101101101101100011011110001101
011100101011011010110101000110101010100111000100111110000011010110101111001111001011111010101011
101011010010000100111100010111110000001110011100101000100000101000001111101100111000011100010010
110110010100111000000111000001000111110100000001001111110111011011101100111001011100011000111001
000110010000011001000011000000001000011000011011110100010111100111101000011011000000101111001001
101001001011101000101100000011001001011001111001110000110001001110101000011101110011111010101011
011111101011100100001111010100101111001010010111010100101110011110001110100110101010111111111110
000101110010011001101011101010001100110100111010101100000000100110101001111100100101011011101110
001010110010101011101100010011101100111101011100000000101100101110010001010110000000111110110010
001011110100011110010100110101101000010001100010010111101011011111000111011100101101110000110011
110000110010111011110011011011011000000000000110000001110010000000000010010011010110000100010100
001010101100101111001110000010011010101111011110101101111111101100001001011111111100111011100100
110110010011101010111001111001010011000001111111100100000110101111100001110001011000011001001000
101111110100101000000000011101110011101010100011001101000111101011110111100001000001110100011100
111000010001010111110110111111001111100110011010000010110010110111100101110111000000100000100100
110011001111110010100001001100101101000001100011110111101000000010100100000011010001011011010100
000011101001011010101000101101010000100111001000101011111111000100110101011001001111001101000110
000100000111110110100010001010100111011011101110010011001000110011101000001110010001000101111000
001000001010100001011001110010101110100011011000001011100111011011100000110010101000111111000110
101010100011110000100111011010001101010100111001010100111110101110110001011110010000101111001100
111100011110110000000101110111101001101110010011101101100000110000010011001000010010010000100010
100000110011010001101111111111001100000101001110110100011110001100000110110110001000111001010001
000110011001101100011000101000011011010011100010011001110111100101111100000001010111100010000010
100001000110100010110100110110101000110000111001000000111001011000001110110111100000011101110111
111111111110010011000100110011110001010001010101110101110100001100101000010110100011000001010101
001001101111111101001001001011110000000110101001011000110011000101110001110001100100001100111100
010000110011100011110111101110000100100101111110011000000110110001001010111001101001000011110001
111111100100011001101010001000101100101100100100011010110101100010000001010010011110111000001100
101011100101101001011001010011011101100010011100110011001010101000101001010000101010010000001001
100001001110010101011011000100100111000111110001010110101010010111111111101001000000000010101101
001110010010111100010100100001001100000001011100010000111111101010000111101011110010011101110111
110111111010111110111001010111011010010000100101110001100110010010010110011100110101101011010100
100101010100101000110110000000110101100011110100110100100101110010011101110101100010101010010001
110001011000111101001111001011100000100000111110001001100010010010011000011101000001111110010110
001100011001001001000001011110100111100110001001111101001111001010001000110001000100000100100011
000011011101111000100110111000101110110111000110111110110100101000101110000100010110001101000110
011010111111010111010100000000100101110111101000011010100101011101001111110100110110100100110001
100100110111101001110101100000100111110001001100101100011110001010111111101000111111011010000000
000100000000000010010110001100110010010110110111100100011000111010011100001101101001111011111001
010001111000111111100010000101100111110110100111011000101011001011111110000101100011010001101100
010000110100100000110111000011001100100101111100010010111101010100001110100100110101101010001111
111010010101111011010001111110110110000100111011010110010000101100011101011101011001000001101100
011011010110011000000011001100100000000000101111001000010101001110110001101001010110000011011100
010101110100011001000111010100111101010001010001000101010010010111101111000001011100111010100101
100111010110100001001100110100011001111011011100101011001110101010000001110000110111011011110111
110001100100101000011010100001010100001101100100111110000000010010000000101111111110111111101111
011111110100001000101110111010010011001000000001001001000001100001100111011011010110011000001011
110110010001011110110111010001111110101000101101100110010000001110011101000101011111100010100001
000000011110010111100100110101101010101011001001111011110010100010011011101101011111010011011111
100001011101011101010011010011011001110111011111000110010011111000101000001101011111111101000001
010101110001100100011111111101111000101011111100001101111001000100100000000011101111000100111010
100101110101100000001000000100111010100110011000000010101111010000110000100111000010000110111001
010100000001000001000111111000101111010001100000001011111111010111011000110011101101111001000010
110111011011101111110110100110111001010001101000000000000010110100111111100011111110110111101010
011000011110000010111100100101010100100111000011101001111111111111100101100001011111010000010110
010010111000011010000000001000000110111001001111011111010100100101111100001000110111100000010101
000110010010111101101000101000011010010000010011011110001011111100100000000001011101110100000001
111011101101000001111010001011100100110111100011100100010111001100010000001000000100101011110101
101010000110000011010000010101001001011011100110111011011110001110000111110111111000001101101111
011010010011100111010011100000000101100101110000110101010110001100101001101100110001111110100111
110000111111110000010110011010001100011001101100111111111001100011101001000010111000110101111101
010100100011011011101100010001001001101000000000001001101101100111110100001000011000010000110000
111101000100010001010100001110100010000011010000101010100110000111101101000101111100100010011110
010111110100100110111001111000110101001011100011100010000110011101101101001001001100101100111111
011101010111000100000010101110111000111010010001100110000001001110011010111010010110101001101111
111111011110111100111110111001100100110110110011000110111111010010010110001010110011011010110110
100011110111101000100111000011001010110010011000001011001101010101011111101110111001100001101011
101001101000011111100001011100100001000101111111101101110010101000101000001010101100111100100000
110000100000010001101101101011111000001011010110011011000011001001011100000100101100110101010101
001110000110110011011110101110100100111010101101110000110011000011100100010110000100110110101110
000111000011101110111001110000101110111000101110001000100010110101001000101111110110011010000110
000011101010110010011101100111000001001110000010001111111001101000110011100000010011000001011111
111010101010011100010000001111100110000101111010110010000101001001101111011110010100010001000000
100110000001100000010001011110011000011110000110011011110011000001010001111100101011101011001010
010001000110000111111100011011101111110100011100111000110100101001100001100000101010011000111100
000010010111101000000000101010100001011011110111011101011110011000110011000001001111101100100010
101111100111001011111111100000101100111001011111101111100101000110011010000100010011010011100011
010000001001011001111001011001101001011011010101101101101010100110110111100001001101111111010011
000000001110001101110001100100000100100110111110101010101011000001000001110011100001011011101100
010010011001011100110100000100101000000001010111011011000011000000011111111011101001111111111110
110110111001100101110111110110101110110000100111001010000101001101111010111111111011110000010000
101000010100100010100001011000110010011111100101100001110111000000001111010010010110000100000011
110111110100101000010001101011101101010011101001000001111111101101001011110101011110110010011001
100101011000010001111010000000101110111111000010010001110101100011100111010000010000110010100101
100111110010100111010010001000101001101101101000001011011001101101011011100100010010100100101001
101100000111100111101101000011011100100000101001110010110010100111010000101011110001011110010011
000100010100110011110100110101010100011111111011000110111100101000010000110101000001010110001011
001101010011001111000100100110010100001100110000001001000111001111011011110010100000011010000100
101000101011101110100100110101100110101011111110010011000001100101111100011110010000110110111100
111111111101000101111010001100111000111001010011001101110110100101101110001110100100001100110001
001000011000001011010111110001010111010001100010010000101001010011111101001110111111000100000100
010111011101100000000101111001011101110110001010001100001111100010111111110001001101101110101010
100001101011100101111110110100011100101011101000110110100010010001110111001101001100001110001000
000011110000101110110111100110011011000010001011111000101101011001110011010111011110101111101011
001011001100111000100101011100110110110101011100000110011110011110011011000010000001011111110000
101111001010101000000100110010110100110100100000000110010110011110011001100101011100101111001000
011011100111110000001110001011011011010001000011101100010000101001101111111110101111110011011011
010001100001111001110101100111100101101001110011000001111011101111000100110010000111111001011010
000110001001000001010100111001011000001011111100101000010011000111001110000011000110101010110010
001111100011110111011011011011111000101000011111100011011011100110010100000010000111101001101000
100011011101011101000110100111011011011110100010110100011010010111110111111110010010000101000001
010010011100101100100100101100010010100000011010100001010010110111111000101100100001000000011111
110001100100011001100101111001101000101000001110000000111000000001110101101101010101011101101011
010101110001111000111000000101000010010001100110000111100011001111110111111111111001011001011110
011010111001001001111001000001010001000011100000101001110010010000110110111010010101011101100011
110001111001001100001100111010010010100100011111111000011010111110111000000001001101110101110100
110100101110100000111110101001010011010100110111000111110111010111100111110111111111110000000011
111001011111100101111101011000111110010111101101001011111010110000010110001000011111011010110101
000100110011010110111010101011000111111100101111100101010010010010100100001100010111111010101101
111001001001001001011100001000111110101111011101000001100101111101111000111100000100000001001010
111001001011100110100011010110010000011010011010011001111100010011101100011100001111010001000110
101111000111000100110000010001101001101000001010100110101001010001110101000010000110100111010001
111101100110010100110000101101111101001000000110110000011000111011010001100110011101011001010001
011110001000110000110100000001110010000000000000100101101000010010101000110001100011001101100011
101101010011001101011001011100100110101100111011000110001000101101101000001000111111111111000111
010100010011110001101100111111101110111101011010000000101000100011101110010110111001001010000101
101111011110001000110000011111001001010111101001111110001111000101101100011001001110110111110111
110110000000011100010111110001100110011110110110101011000110000011101101101001110011111111011010
001001101001011100101010000011101011100111000001100011101010000010111001101000011010100110010011
101101100011111011110011001111110010010001000101010100100000111110110101111100110001101000101111
101111011010101010011100011101101011011101101000110001101011000001111101110111110011101010001011
110110111000101100111010011100110001110110000001100111011001000111010111110001010100000011111001
011110000001110111110011111000000101001111110110101101110010110111010001010110100111000100011100
000001010010011011001100111001011101011100011111010111010111100000101011100010101010100101101000
101111101100001010101101010011000111011111000010100110010011001000100110100010011111011000110001
011111001001010010001010011100000010110001110110001110011010100100000101110000111111101100000110
011110001110100000101100010110011110110110110011001010000111011011010111101110001000010000011111
000110010101010111010000100111001010101001000000101001110011101111111110100000111011001101101001
100110100100111110110011111011000000011011010101011111001001110101011101100010111110000111100001
011101010111011000110000011111111000011110001001100001111000010010000110111000110110110110000011
001100100011011011001101100010011001010100010010001011010111111111000101010100111100100010110111
010000011001100101100101010100011000111110101111011010110100000100110001100100111011101111100011
100100111110100010111100100110011011111100100111010111011000100101011011101110010000111101001110
001101011111110010010011010001100110001111001011110100000000110011001100100110100101110001110101
101100011001101100011000100111111010011011011111111101101110011000001111000111100100001001100001
000011111010011101011001110000000000001101010101010100111000010100011000100111100101010101100111
011010101101100010011011000111011000100100011111001100101001110100001110011011000011011011100110
011011000110001011011100110100101100000000001110011100000010001110111100000001000110010100110011
111111010000010001101101010101011001011111101101001010000010010101011001101110011011111000010101
101001111111000001000110010100101110000111111010100010011000110111000110101010011000110000010111
001101111111110111110111111100011111000001111110110001111110011010101111001000101001011011110111
110100100101110111000110010101110010100010001100111010001010101010111110001000101011111110110000
110001100110010110111110101111100010111001110110011001111100010101101010111001011111010100010010
001010010001000110111100000010111010101010111011111101011001010101010000111011010110010010100000
101111100011001101010001101101100101001101100010111100111011010110011010111100000111010001010100
010010001010111011101000001101010110000001101011101011111101010100001111111000111001101100100111
101011001001111001011101010010010100100110101000101110011011100001111011011100011100000111010111
010001001000100010110111010100100010101110000011111100010010111011010101111011111001111110100000
000010000010011111010101110010101101010011001000011000010100010011101101010011011100100111000001
010011101011011000100101110111000011100110101010100011010011010111110101101001110011110001110011
111011100000011101010001101011001000011000111100101010110011100100011010010110100010110011010100
001100000100101111001100011111000111100101001110111101101010111100100000010010100110100011100100
100101100000111010011000001010111111010010101000111000000010010100011011001001010010100100110011
111100111011100110000001001001010010010011000001110001101001111110100011010001100101001100111010
001011101011011001010000000010011001100001101011100101100100010011111101010100101001000100001100
101101100011001010000001111001100010111100110111111001101000011000101101111011011110110001011001
111000101001010000000100110110100011011110100110010001101111000011010111010001101100011111000011
111101001100001011101110101100010100001111000111000000001001111000100101110010001011001110100000
100011010010101100100001000011111101110101010101000101100010010100001001001010010101110111110010
001000011000001100011001101001100010001111000110001000011111110100011011110010100001111011001110
111110101110111001111000000010001111110001010001010010011110110011001111101110111100111001011011
110001111101111011011010001111101011010110100000100001010000101101011011001100000101101111101111
111111101010001010100101010001111000101010110010110100110000010100101000000011001100111110110101
111001101011011000001000011001101010101110100000001000110001010010111001101011001001111010000010
000011011010101000011010010001000001000110101001100110101000011110111000001010001000001011010110
011101100001100101110111011111000111111101010101000110111001001010011111010010110010011010111010
111100011110011101010011111010010101100010001010011011110111010000100101010010000011000110011110
010111001010101100101010010001010000011011001001110100110111110000011010001010010000101001001011
000111000111100111011100000010111010100011000011011100101100110101110111000110001111001101010000
100110100010011001110001100101101000110000010011101110010001010100101001010011010101111000101011
001101101111100111100101000011010100001001100100011010010001001010010001110011001010110100100000
010101111111101001110110110010101110000111010110011001011111000101110110111111011010011000001100
001101001110111011110111110101110000001111010001111100100111001100100010001100111100100000100110
011001010100011011011100100010100100100011101101111101000111101000000101101000001001000111010110
101101100100001010100111101001011101100110010100110001010000101111011110101000101011110101100001
110001101100011001101101001011101100101100011100100001110100111110100010011000000011011001000111
100011011100111101001101001011001111010101100110011101010101000000000000111110000010100001110011
101101011110111001011111010000010101110110011001100101000101011101001100110010001011000110110000
010011011000110100100000101100000010101111100101000010001101000011100001110000100101101111110111
001000000011110100001011011001100010000111101101111000101011011110100110111000111101011111100001
000101000111011101001001110110111111000110110111111111111001110011010100011101011001010111011001
110010010011001101101010111111111110110111011000010100110110000100001111101110100101101101001010
000001111110001010110110101010011010000100111010111100111011110001101101100111111011100110111101
011000100111100010111000000101101110010011111101111010011110001001010011011110000000101110001011
100000111101011101011010000000010100010010101101100101010100110111010111011111100011100001101001
001001101011010000101111010010110000001111100111001000101000101100111101011110011010000111100000
101001110001111011110111101010001011011111101000110000011000010010100110000110100010011011111100
101110101111001011001011010011111111110000001110110111100100001001101000100000011101011000100110
101110011110110110011011001101001010000001000001100110110011001000011100110111101001110000110101
101100110100000100001001000011110110011011001001110000100101101000000001011101011010111111111010
001011101011001001001001011111001110100001000100100001011110101001011011100101111110111111100100
111111101000111111100000110111011000011011111110011110110001011101001110000000101110110011101110
010000001110000111110111011101000111000010011101100010111011011010001001010011000110101011000010
000101000110101101101010100100000111110100110100100000010111101100101001010110000000110101011100
110111100100010111011101100100011100001111010000111011011100011010110110011101101011100100011011
100010000000000001111111101000001100111011110111011000001010110101001110101111101000100110101111
100111110100110010110111001000000101111000000110011001101101001010010000111000100100010001001101
011001010101001100101010100111010001011110101010111011100101101100000110110101101000000010101011
011111110101001010100011101111011110000010100010000111111011000001111001001011110100111001100010
000111001101100101010111100111111101001011110001100010100000100100111100001110111010001001100100
001011001101011100001001110111101010000110111001000111011110100010110000010111000100101101001110
001110011000001101011111011100100110111101001010100101000010011010110010010110001111111000100101
001111100000011100010011110100011010010011001001111000000100111100100110101110101001011000000111
001110101010000000000011010100111011011101111010011101111101000000111000101000111100010111001011
000100101001001001001000100010010110111000011001111110011011001110001110001101001001101000101000
011011100111011111000000000100010001100111100110010011110001101010111011110000011111001101000111
000101011010110010110000110000110100010001100110100010010101110110101000110101001110111100111010
010011001100011101010111110010110100100010101001000111010010111100110010111000001110101011110000
110101010000110111011000001010010101111001001111101101000111000000110001000110110101010100011010
001000001000010011101011000100000101110011001010001110111100011111011111101111101010100110001000
001001010010110100010010100101010000100010010100110111000010010000011010010111011011011011011001
011000011100010001100100010110100110111110011110110001000000110010010001110010011000111001000101
000100110111101111011110011101111011011101110000000101111110111101111100001111010111001100000111
110010001101000111010011011000001111000010001111011111101001110010010101001000010111101100110110
011000001000010111111010011100100110111001010011101010001010001101010111101101101110101111100100
001100100011111010010000011110111100111011001001000001100000100111100011100111000000111011011111
011011000101110000011010111111000001000110101010001001111100010010001000011010001101110110011011
111111011101001010101110100110110000011111000010110001100011111011111011111101001000111011011001
011111100001011110000000000010000111101111011111010010001001100000110010011001100010111011100111
101111000110010110100010001111101011000000110000111100110111100000010001101010101111011111010000
101001101111000111011110011010110111111111100111110010101010011000110111110111111101100111010111
100011111111001011000010001111101001100101000101100111101111110100110101001100010101010011100000
111101110010100011110010010110010101100111101111011101101001101101001110001110111011001001011011
010001011010000010111111001000001000010111100001111101101011000100001001001000011100101001101100
010010000000010100101110000011011001111011111001100000110011010110010001001000110110000011010100
001000100110101000010100110110011111000101100110000000010000011011011101010100111110111101001111
111101011000010111000000011100101101011010000100000010100101111100010101110101010001111101000001
010010000001011110011111001110101101110001000101010111000100011000011110110100000011110110000010
011110111001100101111111000101001101001001100100000101011110010001100101111110000100011001001101
100010010010110011101000110110101110110111001000101101010101011110001100110111010111100010011110
100111100011010101000100010111111101001001001101001010010101101111000101000010100100100101100100
010110101101110000111000001000101011110011110011111011110001011001011100011000111000000001111111
001010111110111110001100000010000101111111010011111110001101100101001110001011001011000000011110
100010000111011110010001001111010100101110110001100000100010000001010101111011011101100101010110
010101111101100101011110111101000110111000001010000000010011000011000001011100010111000000000111
100011111111001010100100101111100010011011111101101100101010111000100000100011010101110110110010
000101110011011010111001101110000111000101001111100001100100011011010011100110011111001100010010
001000111100001010011010111110110010000010010101011011010001101110010011110110010110100101010011
001100001101001000110111100010001010001110111010100010001110001101011101100011100010000111101001
001000100110100011111000111111011110000010001010000011100000100111010111101110110011110001110100
000010101101000011110110010100010001100100011111100110010100001101110101010111110101010011011010
011101101010111010111100000010110111101101010101001001011111100100101110100101111110000111100011
011101000110100000001000000110011110010110110010101001010010011110111000001011001000111111000111
110000000111100101111101111000011100011010010011010011000100000010100110101111011001010001001011
011101100010100110110111100010010000110000101010001001100000000011101010111010110000101001001000
111011001111101011110001011110100101011110011110011100100001010001001100011011111001110101011000
100001010011000011011101110110111001110101111100011110011000101011111110011100110001101111100111
001001000011100011001011011011101101111100110111100001010101111111010011111001011000011001100001
000000011011110011000010011101100000100100110001000010011000100101001001000010110101101100001000
110000001001110100000110010001011111010000110010100000110111111111100111100011011010010010101011
111001101010111101111100001000110001110110101101010110011000001110100011010001101110000000110011
001110001010011100101110000101111001000011101101100101010101001100101111110101111111111111001110
110100001110001111001110011110110100000110011101011001101000011111011101000011111111001000000101
000111101101101000110001001010111011101000010100111110111100001010111101100000000100100111000011
000111011011000000101110111111110000001000000011111001010101110110111110001000010011000001110110
000011110010001000001010001011000001011111101010111110010101100001011011010110010000001110000001
010010000110011110010001111101111101100100111110101010011100110100001010010011001001101001010010
011010001010001010111111010001001110011001101101011000011000110001101111011101111010010000111011
010000001010111111100110101111111111000010111110000111000000110011100000111011101001111110011101
011100011101111010101010101000001110000011011101100110100111100000010010010110011110001100000111
110000000001001111010101111001011001011111111111001001110111100100011011111100101001101110110101
010100001110111100000100010001001111111100110110010001110000100100010000111011010001110110011100
100000110110010010000000110101010000111111010011011111110010110001011010110001111011101000101001
111101001010000001111111100111000100000110101010111010010011100110110011001100111000111100001011
001001001011100000010111100001001100100011001010111100101001111011100010000011000001011111001101
111001010011110011010010010100011010000001111110100110101101100101000011010101010010111110000000
001100011011100111101011001010000100010001001111110001000101110110101010011001010010110011100101
001100101000101100101110100100111111101001101011111100110100110000000111100000011011010010000010
000100111001001001110010010000100001000000000000010111111101100001101101110010110010011101010111
000111001111010011010100101101001100010000001011010111010110010100100000011101101101010110010000
100111101110010101011101110001011110101100010011001010000001001000011100001011110000101001010011
001000111001110010110001010101101110100110111101110011111000111000111001111000010011110101000110
010110110000000010111101100010010000111011011011011111100111111011100010011011010110000011100010
110110100000000111011000101110100111110001100000011011111100100101000010111010010100001010010100
010010100000101010100010111011111010010010000110000110110000010001001111101001100111010000101110
110010010101101011001010100110000100101110000101100100001011111001000101010000101010101100010110
001000111100101101111110011100011010001011111101011100100111000000011010101000100100011111011100
001000010010011011011100010000100100100111100010000000010001011111100100100111000010101000101000
111011001111100000000010100101010110011101010101010101001011010001010010001101000011011100110010
100100100101110001010100011100000100101110100101110110000001011101000111001001000101000000111010
111011000110110100110101011011110100100010000010100000010110100110100110101100011110111111001000
000001010101010101101000011010100000110000110010001100101000101110010100011110011011111001101100
010101101111001111101110100110010101110111000110111011110100011110011111011001010000111001101001
110011010010010110001100001011011100100100001100001110000100001001111000110011101000110011100100
101001110101011111110010000110011100001111001011100010100000011110111011101100111110011111100100
001000110000001101010100000011010000101001111111110000010001111100010000110010001011100000001110
010010110100101010101000010011111000110000010100000000000001110001011101110001010011101100001011
100101110111111111111101100101110010000010101001001001011000011001110111101110100111101001001010
011010011011001100100010111001101000111111010110000011101111110001101101101110110001001110101011
000111010110111100110100110111001110001110110010000110000100111011101010100110010101110011100111
110001011101111111010101011111101010001100000001011000001101110110101100101101010111010000101110
001010011010000001000001101111001001111111010001110000010101001000111100010111101100100111101000
010100010111100100001010001000001010110101100001100111000001111000110100010100010000010101001101
100110100001011101111111110000010010001110101100101000110010000111111010111101011010111110111000
000100000000010001001010101011010000001001111011010001000100010000111010101000101000110001101011
110010010000101110111110110101101111011001000011001111101100110010010110010000101001001100101100
001100110001000001111000010000010000110010110000100000110100010101001110010010111111110111111100
101000000101011110100000110111011111011101111111101111001010111111011000011101001111110100010011
101011111111011101101010000010100000011100010100100100100111110001111101011000011000001010110111
010100001100010001100010001010010010101101011101110101111100100101011011011111010010110100001100
010100100001000001011011111100101010110001010011011010100011010111010101111100110101011010001100
000101101000000011001101001010111010110101000100010010110101001110000111011001110010100001101101
111001011000001010011010001000110010110001001010000110000010010010110101011001011011001111010111
100010010000011001000100001111000001101101000000011111111010111001100011010100001110000100101010
101010111011101010100101011110111001000010010110110101011101011110010110110000011110000001100101
001100010010000000011100110000000011001101011010001011110101100011110001011011001011100101000100
010001001001100111101110110101100000100001101101110101110000011000010011101001111100001100000100
100001000010011111100000100011011010100010001010011010001000111101001001011001100011110000010100
110100111010100000000010001010000100001000110001110011101011001110111000100111010100001000110110
011010110101010001101001101100001111101101101011101110000001100011111010101010111001111011100101
011001100011101110000010111101001111111010110001010111000110000110110100101101111110011000100110
111110101101000000011110100010001110101101101000101010101000011110010001011011001001010110001110
010010110001110111110000010001000001010000101011100000101101101101000001110011001000101101111101
110010111100010111011000010100001110100101011011111110000001110011011110101100011101101011010001
110001100100001011010100110001111111010111001110111111111111011011111010111111011111010110111000
111110100010010011111110110011011101001110111101011000111010101001111001101111011111110101011110
000100100010100011111010100000010011000011100111000011010100010001011101101100000011001110010100
111000110001101001101010011000111111011100111111011010001010101010101011001011011000001111001010
010000110001110001101001001000111000011010011110101111110111110000001010000110011010011001001111
000111010010001101101100010010111111110011111111110101101001010100110010110010111100011111101110
100101101100010100011000101100000011001101101110011010001010111000101000101100110111101111100010
011111100001011110000010110101100110010011000111001001000001111010110011110010010110100110111011
000101010111100110111101111100111011010011010100110010110010110011010001111011110010000010111111
110011011101011100001100111010001000110100010010111100101000100001010000100100010000011111110001
100101101101101011011011010010000111000000100111001111011001101000011111100000000100101011110111
110000100111111000010011101110011011000101010010001000011110110111101001000110110010110101010001
101101101100011010101110010110001001100110010000000101001111101101111100010000101110001011000010
011011011011110111111111100000010111010010111011100100111100010000100100110110000110100111010010
110100110111000011111101011111001001010111100100010001110000111101101100110001000111110000101010
000111101011110000010010001001010111110101111110100110000010001100010101100111010010111001101011
100001000100011011110111111011001001101100111001011111100111011100110100111010110011111110100101
100100101101011111101101010100010010101110100111101000111000110111010111010011100000011000110111
000011111001011001010011110100111000101101000101011010100101111010001010010100100110010011111011
000011000101100010110001100010101110110011110100101110010100101101100100110000110001100101101110
010000010000011110010000011010110100100111101101010010010011011000011111000010000100000111011111
111000111100101110011010111011110100010001101110101000101101010110110110101010101000100011011111
100100111011111011100000011101101101101011011001111010000000110010001100110111010100100100010101
010111111111100111011110110101001010011111100011010110110010001100101001110110001110011010101000
110010110101010010101100100101110011100111001100101010110000100100110111000110101011101101110110
001010100000100111100111000001111100110011101001100011011000111100000010101111101001010100000011
011000110001110011001000000101110001010001101110011001110001100111110110100001001000001011010011
001000001101101101100011110100010011010100111101001010110111101111111110111100101100110110000101
010110000010001001100001110000000111110101001100011000110000100000101101010111011011011101001111
000000110110111111011001110000010000101011100011100111011110000110000110101110101011110111011000
100111010010001101001101111001001100101100101101110100000111010101110001100111011000011011001010
111000101000101110000110111101001011011000001110100111010011110101010001111110011011011101011001
100000101001111101100111110001110000011110000101001101001010001111111101101010100100110010101111
101011110010100101001001111000001100101001001011111000111001100111011101010010000110000000101111
011001000110101011001101011110110100010001010101010111111011001100100000111101000001010010010101
110011011011111111101011111001000110101011111110101100011100000110000010100011101011000001111111
001111010101001110001000010001100010010001001100000111010010101110011011000000111010000111011110
111101101100011111010000101101000010010101100101010100000001111101010101111110100010101111011101
110100110110010111011101000011000110110111000000100101111101010101011110000110010111001111001001
001110000110010010101101110100010010111001101011010110010111111011011101000110111000000111101000
011101111110101001111000001010011010100111000110100001001101010110101110111111100001111010011111
101111100000010110000010001111001011001010011011001110101001101000001100101000101110111110010001
110101000110101000010100010100001011100000011011000101110100010110111001010010000010000000101000
101100010101010011000011100000011101111000001110101001010001001000101001101000110000000111101011
011100001010001000011100011010000101110010111000101101110000000000011001111110111100111011100010
010100010110011111110100010000010010011111001000000011000010010011111110111111010111001011110101
110010000111110100000101000001110010010011110100110110111011011000010111001110110100101100111100
001111010111010001101111010001000110101000100110100110101100110111101011111011101010110111110001
111011110111101100111000001001111010010110001100010010111110010111011110010111100110011101110111
011011011000010010100011110000111011111000000010010100101000000100001011110100110000110110101010
001000111000100011011101010011011000010111001100001110011011101101000010001111010000011110010001
111101010110110010011101100011110000001001000000010101000101011110110000001101100001110101000101
111010110101111001000111011010010001111010101000011010111101111100011000010100111011100111001001
100101001010100101000100000111110000100111101010100111000001010000101101100110100111011111011110
011100110000011101101011000111001001100101001101001000100101111100001010010011101011100111011010
