010010000111110000100001110010111110111110011001010001010111011000010010101101000110101110110011
010000101000111111001110001110001010100111011111100101101001010000110000111011101110111111100111
100000010111001000010100110001011001100100010111110101001000100101100000111110100100011011000011
111001000100111100000000010010010010100100110000111001011011000000100001101011000101111111010101
111111100011100101101010100011101010010011101010101110101111010101000101100110010001010101010100
011001011000000001001000001001000111001100011011110111110100100100111000010010000000011110011000
100001001000000100010110000000110110000101110011111110010111001010011011101100010011101000010111
100101000011100101110111110001100101100110000001111010111111111101100000111010001101001010101101
110101010011100100010101001110011100011011001100000001001011101011010001000000000110111110100010
001000001001110010111111101110101101011101011100111010101111110101000100001110010001101000100111
010110110101100111010100001101111010010110110111100101101000100100010111011110110001100101111100
000001111001110100101111010111011000000100100100101100010001011001101011110001001111111000000000
100000000001000010111111101000111000100101100100001111001101110011111011100010011000010001010110
010111110000001000101110010000111010010101001110000010100101111110010110101111110100010110100010
010001100100001100110110101001110000110101101110111000100110111101100101110101100100010110000111
100001101101001110010110101011101110111001011100110101000111101111110010110000111100001110000010
000000101001010011111000101111111010110001101011110011001111111001010000111011100010010000111001
010100110110010010010000100110011010101100100010100011100000010001000100011000111111101000000001
001110101001001100010110110000111010000011100111100011011100001111100110101010011000010100111001
111101010100110001111001001101011011101001110011010011100000110010010101111111100100010100001111
010100111100001010011010101111001110101001100100101001011100001101101010101000100000101010011110
101101000101101010011110010000011000110011011100000000010001101001011110000101101001011001010101
111110011110000100001001011000100001011100011000010111101110110001100110100010001110010110101100
001111000101101010010110011000110010101011010110111111011101011011001100100101000000010000000001
001100101001111001000001010100100011110010111101100011110111110101011001001011101001110100110110
000111000111011001110110010001010101000001111001001001010000011000110001100000110111000110000010
101010110111011100001010101100001101000010101010011111110000101001010000000011011110010100100110
001111111110010001111111111100000101011001101010011101111011010010100011001101111011110101000001
111101111110010100111101110101010110100011100000101010101010111111110110010000010110110010010111
011000101000110011001000110101110000111011001101010101011100000100101010011011110011110010100101
100100000110010110100110111011001011100110001011001011100010111010101010010101001101101101010110
011011011001101100111100101110110001000000001010110100101010011000111101101110100001111111100001
011100110001000110110010010111111110011010011101100010001100011010110000000010011110000001000011
010011001000011111101010100111000110101110110101101011110101010111100100101111011100000101001110
001010001111010010010101100001110111101111000110001011001100101111011001100110101001011110000011
011100000100010111000011011101011101010101000100100111101110100110000011010101000010111101111000
001001101100010001011100001010100100111011010001100111101001000100011000001101101101001010010011
110111010100000010101010011010000010000111001100010001110111101010001100111111000110111101011011
010000101001000000010110101101010000010100001011000100010100101011000000000011100010101110000101
110000001110011000001100010000001001110000000000101011110011011110101111011110011000100110110110
111100111101011010100001001011111110001111110010100101001110110110100010110011101110111000010111
010010011100000000101110111100100000000101010010010010010011111011011011001011010011000100000011
010001110110000011010000001110100000010110010100010011000001110101010110000001001111001100101000
010010101000000101111110011011110100010000000001010011010110101001101001100001010100101110001000
110110001011001111110000011001101000110100001101101011011111010110000101110010100110100111011000
010100101011101100111001000011110000001110011110010001000011000011110101110110000011110010100110
010100000010101100100011110010011011001100001111010101011001011000000110011111011110000011011010
000111000010110100000010110010101110111010011110100010111011110011100100001100100101111110010100
101110010001111101101010001101010111111111011001100010100000110001010101100101000111001000101001
011111000010011100101100000101110110011000010111011101001100111110001011101110011110011001110011
111100101111110011110000100110111010011111001001110010110000001000111001101110100000110001111100
000001011111011110011011111111000100001011010000110100111110100100001010111110010001101000100100
101100101100011001111011110101100000101111110011010100000111000100111000000111010100101110111101
111010110111111010100010110010010010010010111111011110101000011100110001100010011110010010010111
111000110000001110000000110101011010111111000000101011101111101001001100110110100110111010000000
111101010110101000100100010011001001011100100101011111010000001111110100000000111100111011011010
111010111111011100001001010011100111110101001001010100000011110110100001010100011001111110110100
001001001010001110111110110001101110110110111110000100000100010101001010001011110011100010110010
000011110101111111011101100101011101110011011100100001101010100101101000100001101110101001111100
001011111000001111011011111010001001001011101110000010110111100101100001011111001000100110111010
110101101111011000000110001011110001001000000100010001001110001101011100110111110000100110100011
110001000100100010101010000100110100001000110000100110101100100110111010100010111100101011001010
100110101101100011111001011110011100111011001011011000011010011000000101110110010110001000100000
111111110001000110001110101011000110100111011110001110100111000100100010010111100000000000010110
110101000011110110010010110101100100101000110010000011011010010111001100000101011010111011011000
010100111010110011000101110011010100001100010100010011000010011001111011000000000100100010000100
111100100100101000100011101011110110001100001100011011001111010000100110001101000100000100101000
111001101000001110111010100111101011110010000010010110111100111011110100010110100000100000101111
100101001001000000100000000110110001111001101001010011010111100100100011000001011101000101110010
000010110011001110011100011111101001110011011111111100010111110110000101001011110010001101100001
101110100011111011100001011111011100001011000110100100111101011101001001111000011110110000000110
011000111010100010111100100011111111111100100011110101110010010100001001010100100001001001111100
110011111101100100010011111100011100001001111001001101011110101111001111010000001011100000000101
110010111111011100111001011001111011000010010001011000000010111011111011010010010000010001001001
010100100011100001000111000110111111101011110101000010111101001110011011000110100100000101001001
010000000011111100110101111011100100111001011101100101111010001101100100001111101011110100110001
001110111110010010011001000000011010000001111010010000000001001001110000011010011111101110001101
111000110110010111010010101101110000011100011011000110001011111101001011000011100110100101101001
010111100010010011101010110001100010011111010001100100100111000000000101011111110000011100110011
111011110010001110101000101100010001011101010111101111000010001110101000110000111110100001111010
100001011110110100010011101001100011111101001111001100000101101000110111010111110001011101111010
011000110011110000100001110001101001001011100000010010111011111001000110001000000001100001101010
011010001111010001011000000101100001011011011111101010111011011111010101101101100100110000100001
100000010111001110011110011101011101100010110001101100010000110110010110110111000101111011010010
100011110010010000111000011101111100010011010010011001111011110000100110111000010000000011010110
110100110000000100001101010000011000010111100100101110010100111011010000100110001111110011111010
011011010001110011100010010001000000011101111001011111110001000011110001001001010011001001101010
001000111001100001001101001000111100001111011100010010010011100000101111001100000101100000000111
110101001011111101100010010100110011010100001100011000000001011001011101011100001110011000111101
111111111001100101000010101101010010011000000011100001011000010100000001101110111001000111100011
110011011010101001010010011000101111101011010111000110010110111010000011101011010010001101110011
111001100001011101001110010110000101001011010011110000001101001010101010001000101100010101110111
011000101000010011001001011111001011000110000101010100001100010110000001100011010001000100001100
001100100000010101000010100011011001011011010010111111101011010110111011011101111100000111011000
100101001010110110001101011011110011110000100000000101110100111000110010101100001101011010010100
000100000111001100010110011010111110111001001010100001010001101101011100100011110110100101110111
000111111010001011110001001001110111111111001100010100000101000011110001011010111000111100000000
001111001101111001101111000100001110001000010100001111100111101011010011111011000000100101110111
100110001100110101011001001010011110110111010110110100011010100001111001001101010010010100101010
101100011110010100111110110100101000100111110001111010111001111110001011000100001110000110110101
110011001001000000001000100011011010010011111111011110101100101000010011011001001011000010100010
011011000011011010110010011100101010110100100001011011100001101110010011011101010011001101000011
111111101100100101001101010100010100100101001100110100110010010110101001100000110010001011100111
010111011011100011011100111000101110101001010110011110000010001101011001101011010000101000001100
100001110000111001100100110011001110000110011111100010110110111010010011111101010101011101111110
111000110111000001111010100011011011100011001100111101101111010000100010110101100011111001001010
111000001111101001000111011110010110111010010110101110001001011111111001010000000110100100001000
110010001111110111000000111010011001111111000001100100101110100100111110010110010001110100000001
011011010110100001100110010010000000010110111100111010001001111101110000001010100010011010011010
101010100000110101110001010110011001001000001101011010011100001000111101001010101110100001100011
001011100011111000100010000001100000001000001101110010001111100001110011110001001111001011000110
111000100100111011111001100001110010100010011100011110100011001101100111110111011100001000111011
001101101000001110001011001000000101100001111011010001001111011110000000001110101000011110110010
010110100110000110101100010100010100000000010111101111010001111010100011001101011101100000001010
101000000000101111001000101111100110100110101011110000011100100000000111111100001111100111001101
010111011111101100000001100100111111101010111101001111100011000100001000100100011010111100111111
011101000011001111001011010001000010001011101111010111000111001000100001100001000100010111001000
011110010100111000111000100010010001100110010010111001111100001001011110100100001010000001010110
110101010000101011000001100011100101111101101110111011100111011010110111100000101110001110011000
011111110010000001000010100110001110001001110011101000011101101101011000111011110010100000101101
100101101110111001011111000000101111001000010111011110000000111000000110110010011111100111011001
100100110001101011110111000010110000101000111101001100101101001100101101101101100100001011100011
110101010000010011111000110000000111000111011101111100110000000011110110000101010010001100101001
110001000000000110011000001000000110000000100000110000110011100001011100011111101010010101010000
010110011111101110010110111111111111010101000011111010001010101010000010101101100011101010011100
000001001111001111111110001110000101010101111000000111111110011100011100010110010100000010110001
101010100010000001101011011111010010100010100001110100011011011010011100111111011011100010010110
100000110000010011000111110101010010011000101110000111111001011101111001011100101001000101111111
101110100110100000110110101000100011111000010101011010000101100011111000111101111101110011100001
100111000111001110011001100100111001101110010100101000110010111110010101001100111101011100000001
001100100000101110101100100101000101010101000111100011101111000010000000110000011100011001110101
110111010110111000001110101111111101000001011001001010110010001101111111011010001100011001010000
101100100000000010111100011011111011010001100011011110001001101011011000111100000101010001000010
010001101111000101110101000111100100011001001110011010010001100000101011001111110110001101010111
011110011001011010110001000110000110011110101001101000100000101101010011010000111001010100100000
011110100110010111101110010101001011001011011001010010010100111111001010011111011111011001001101
010101111100010111100101011100000111001011000100110011110100100000111011101111100111110110110010
001010011111101110101010110010001110111110110111111110100000010011001001001100100011101110011001
010010101100011100111010000110111110010111010100100100111100110011100101110100000010011110000101
001001101101100001000010101101000111000011010000000011011001001001101111000000001111010101000010
111111001001010111000000001001010100111101001011010101011010000100101100110011101000111011111010
010010001001101101000011000111111110100110000001010001001011001111001111110110000010101000011111
001001011100000101101010000100111111011111101101111000010001001111001111001111111010000010111000
110110100000011000110111011110110110101101100000001101010110001010010011111000011010101011111010
001101110001100101010111000000000110110000110001111100001111111111111111101011000000010110011011
110110111001000101001000001001010001100010001011001000110100011100101101111101111011101110001001
100100100010000001101110100011111100110111101100111111100011000101010111000110100001010111011001
011100011101010010100001101101010110110111111000100110010010001101000100100011010111111100000101
101000010011101001010101001011010100111010010101000101010010011100011110010100010010000000001010
001100111011010111100011111001111101111110110001011110100101110011110101001111001011111100101100
011110000010101000111000101110000101101110101100001101100011011011010100101110110001110000100101
111101011100111101110001100101010101111011111101110111110011101000001000011001010100110100110110
000100011001111110110111110101101000110000100010110001101000101000100110011000011101011000100010
000100111111100000001011001011111111011011110111010111101011010000101101111110111101001000011010
000000011111110010100101110110011110100001010000100101110010111010101011110110010110000000111001
101110001011000000000101000000000100101101111110100110010100011011010111110001100110010001111110
100010010000011110010011000101001000000010100010110001100000111100100000111010011111011000010100
110110000000001010100011110011001010101000010011010000011010110010100101101010000001011000000101
100011110011111010010011010101101100111010101100011111100001101010001111010111110111001001100111
110110110011111010101100001101010111111111000001010111000001100000100001000111111110011011000010
110111000100101000111110100001111011110101110110100010010011000001101001011001001001000010010101
000010110100010100010001111011001010001010101101001110011100001001010011000011001001110010011000
011111011100100101000100111011111111110100010010111011100111011010110101111001101000011001011101
001011111010111011010101100101001100000000001101001111001011001101100111100010010110011100000010
101101010110111101001001111011111100000110111001000000101111110000100111110011111001111100001000
110011100001000001110001100110100110100111001010100111101110010100011011011011110010010011111110
111100011101000011010011100011010100101100010011100100100011111011011010101011101100110110000011
000001101111111101101101101100101010110100101101100101010010100101100101110111111101010101001111
011100110000001011010001111011001001011001101111101011110111000111110011101100000001100100100110
000001010101110001110110111111000001100101101111001011100010110101001011100010110000111011111011
001101100110110001011111101001011101001011111001110001100000100110011111110011100101111111010011
001000000011110110001011100101000101010010101100100000101010001001000101101010101011110110110001
011101000010011011001101101101010000010101100010111111000110111100000011000000011010110011100000
000001010110101001110111001001010101100000110011001011011101111010111000010000100101101100101101
100101001000000001110110000011001010010111101111111011001111000001111101101011001100000111100110
001001111010100001101100111010001111010010110110100001111111010000000101110111011010111111010110
111101001101101000010111110011001011010100111100001100010110000010001110111000010111101100111110
000000110000011110011110100001001001010111011110010010001110001011111101100110010100100111101101
110100010010000000011001011111010100011100001001000110111010111000001000011110010011000011001011
001100111001110010110010000110110110111000111010001001110011011101111110011011000011110110100100
101000001000101111010011010011001001111000011100110001010011001011111011100011010011101111101010
111100001101001111010111111110000011000011011001110111111110010011100010100111101100010110111101
001000101111001111101111111010101001000000011110000100010011111110001000011011100011001011010000
101100110001011110010110000010001001001000000010011110010001010011111010001111010110000011101100
010011001001001100010010010010100111011101100000100010000111111101111000000111010100011100011110
110100000010010100101000111011100010000111001111110110010111000100000011010111000010010000100011
010111101101110110010001010010010101010110010110101110110010010100010100101010011001001001111111
011101101001100010001101111000011000010110000100010110000101001001000101011011011011000111101001
101100100011101110101011010011001100001110000100000000110000110101110000011010111100110110000101
110011101110011100101101110000101010011111010100011111001111000000101110110111011100001101000111
110011001100000100110001111101100110011011011001000111011001111111110000001011101110111111001011
101100001101101111001011110100001001000100101001100010011011001000110001000100010101010101100000
000011010010110010000011010000010011011000000110011010101000001110111110100001001011000001011111
000101101011010111101001001000010001101000000000110000110110110100111101010110111101001011000011
000101111111000011110000000110000110001000010110110000110011000011100010101111011000111000010111
011100000100111010011000111101100000101100011001010111001001111001110111111010100010001010000000
110110001000110100101111110010100010001010110100101100000001010101101011111010001110011110101011
000010010101110010100001010100100011111101111100101110101100101110100000001101100101100101111000
100101011001000011011110101101110111101001111101000111010101111111011010100010001010100110101101
000100110100010101100110100000001101010111010111100010000010110111011010000010011000011000100011
001010001010001001100110101111100100111111110010111011000001101111100100101110001100001101000001
011011100101010100110100010110110001101101010000101101110111101101010100001011000011001101011010
110111111000001001110110110101111011100010111010000011011111111111010010010110011001100001000011
100101001001101010001011100010010101101011110101011010100000011101100001000010010000111010100101
101110010010100101011100011110111001111010111001001010000101100011101100001110100100011110110111
101000101110110100001100011110011101111001011001011000010110110110101001110100001111011000011110
000101010101100100010101000111001001001110101101100010000101101011000110100111011110101000111011
011011011100001010111101011110111001000111011010101110011101111101111011111101010001001001010101
010011100111111011100110011011100010010001101110011010100010011100000010110000010010100100000011
000100111011111101101010001011000011100101100101110111001010110101000101010101100011101100000100
100000010001001011100010010111101111001011101000001001110101010110011110111111111101011111100011
111111110011010100101001010011100111010111000001100100101101110001011100101010010010001011000111
100100001111101111100011010110110101001000100000110010011111000101100101001101111000001101011110
101000011101100101010101111111000111011000010100001110110010100100111010000001000000100111100111
110110000101100011100000011101011010011100011010010001100111011100001111010010100100111000101111
001101111101010011111001011000111000110100100111101101101001101111010000001111111000011010011110
011011011110000001001001101010111110000001010001111100001001010000101111110110000010011000111000
001011100001101100011110111001011010100000110000001000101110000101110101101110100101100111101001
000110011110000010000101010010100001101011100000111010001101101011101100011010100110001100101111
001101100010011001010101111011011100110010110011110011111010110111110001100011100111110100100011
100100100110100100110110100101111000100001100100101101111111100100100011010101010010100010111100
010101010000010111101100010010011001111100100011011110111010101011111111101001111010100111000001
111111111010111010101011101010100011111001101000111110110101001000110000000100010010100111101100
011101001100011000001011011001100111001111101000000111011001110100100011000110011011110010101111
100110101111010111000110011010110100100110100101101011011111001010101111000000110011010110100000
111101011110110001110100000111100011000010101100001110101011001011111101001101111011100100101101
010100111111010001010110011100100101100010000000001001111001010111101100101111101000111110100110
100111101101100100101000100110011111000011111000100111110111111011001011111010101000111101001111
111000111001010111001110000110110100011101111010110010111000101001001110011000111001011010001111
000000010000100110111001011111000010011001011011000011010111011011001000100101100110101101010110
000001000100001101011010000101110100000000010010100001001000100010101010110001111101101010110000
011100110101010010010111110011111001100000100001011011001011000100001000000010101110010111011110
011010111100011101010011110110101110011101100010100010100110100010000000101000010100001100100100
111010000000110101110001011010100011100001011110111000110011001110101001010010111010001111010001
101100011011000110000101101011101110001111000101101100001101100010111010100111001000010010010010
110011111011100011001010101110111110000111011010011010110011000101001101001000011000110101111011
000001100001000011010011110111000101100101010011101101000011110111010011011001010111110100100011
000001111100001111101100011101011110010110000111010110001000001100000011101010011101110001011110
101000100101011000001000000110110111011011111011010011111010010010011111110000110110101111100100
000100001010000111110011111001100111001100100100111101001101010111000110011111010010001010101000
011111011100111011011000010011010110011010001100111000110110010100010100111101010100000111110010
011111100101110011100011111001000010011111101010110110111110101010010001111011111010000001010011
100001001000110001001110101110111011100111111001100001110001010000101011011010111000111111000001
011010100001001101111011100000001101011101000101100011011001100000110001010100011111011001001101
101011111000111100010001110110101000001100100001111100011100110101101101001000001100111010010011
111001011000001101111000111100011010100100011101011110101010111011011111001111110101101001101101
111000001100110010001100000001100101111001100001111100001001111000011101101111010111101000100111
111110001101001101000111111101010110011110100100100011100010111000010011010110111001101110100111
000011001010111010011011110010001011010010101110110100101001001100001100100111011101000110100100
100101010011100111111111110110001100011100110111010011111001011110001011111111110110011111011000
101101000010101010001101110100111100110000101001011001101111011111001100101110110010111011110001
001000001011111010100100000010001100000111011011111110110101111100100011101100000110111010100011
111011000111011000000100110001111101010011000110001110101010010011111110110000010100010110100100
111100110111000110000101101110100000100001111100010111011101000110101111010110010011000001101011
010010101111000111000000011100101010101000011001010111011010001011110011101001100000101110000000
011001111101011100100101110111011110101011100110101000011101100000010010101110101001011110001000
011111100100000111010110001010100110110011100001101001000100000010001110010111001010010011001000
101011110110001101000100111010101100110011001111100101110110111011111101000111000011111010110111
111001001001010001111001110001111000100100010010010101010110000110100100001111100100100110111001
100001110111101000010010010100110000101110011101010000111011111110001110101000111010111110101010
000111001001000011111111100111001101000001001011001100011110110000111011000101010111100101011101
111110110100111011110001001101000001110111010111100000001101111101100011010101010101101000100110
010000010000111111110010011100100001101000111010011100001100011001110110000100100110000101110101
110010100110110001100010011000101010111110110011001001100110111010010011111001010110110101010111
101011011001010010100010010101111011111110011011011110000000100011001110101101001100010000110111
010111111001001001011100010110100110100101111011010100001101011101001100010110000001111010011101
001111000000110101101000010001010110010101000001101111000000110101110010001100000011000001101000
010011000010000110101111001110110011111101110111010101101101011101111011010001001010111111101100
001100111011010000000000101000111100001111110010001011010100000000001101100110000111110011000010
001100010011110101011011100000011101111111000110001001011000010110011100111100101010001101110100
111011000101100101000101110111011100101010110100011011001010110111111101010000110110000101010101
000101001001100011111110111011111001010011010111110111011101101001100011111110000101100111100101
110110110000100000000111000111101011101010000101110000100011101110100001000011000000111111010000
011011100011011111010111000000011110010011011001101111110001010110111111011100111101100100000100
101110011101000110111000011000110100011101010111001011000001110101001111100000011101110100001000
000110100001001001000110011010010100011010110000100000000111100110111101011010000011111011101010
101110111000100010100010100111101111001100000010001000010100100000011110111100010000111110101011
111100101000111101011010011010100010110111110001010001011101100101110011101000010000101100001010
101011000110011101100000001010000100000100110010010001100010000101111110000100100000010001010101
110111100111101000111101000101101101001001101010011001011000000110111011111110011100011101110000
001111100101001011101100000101000011000110010111000011101100000011110110001001000101101010011011
000111110011110010010101100011110000101000010101010100000011111010110101000110111010001001101010
101100110101001000010100101001000100011100110010001010011010001111011000000100001111000111011111
011001011101100001010011000010110101000010111010110101000010101101000010100110100011110110101100
001111010001011110000100000111010010001000010110110011100101010100000000100000110101110011011010
001110101010010111010000100010000110101101000000011100111001010001111001010000000011111000110011
100010001001011000100011000000110010100101101001010000011110100010000011010010110100111110110110
101010110101000000011010001000001000110100000111101110010001001010110100000000011011000010000001
001101000110010010111100001111000100101111111011100000111111100110001111100001110101001101101000
000100000011100111011101011010010100110100111111000001000101100010101001000101100100101010011110
100111010000111110000110000010100100111100100010100011010010111111010010010010011111111110001111
111000100111000110011100100010011000011000001101011101110001111000101111110000111001110111111101
010101101001110011111110000011101101101000101110000011000110011101100011110101010101100101111000
001000010001010011111110100010110000100001100101111101101001001110001010011011110100001101110100
101010000110100010111000011000100110100001010011011010000000101001101100001000000101110001111111
011100000000100110000101011010000111001010100001000100000011011000011100001101010010010001110000
000101010101110110011000011000101101001100001000011000111100001101100010100110111101101001011001
000011011000010101111101000100000111100001010101011100000011110001001110111101001110110001101110
000010011000010101111100101101011011110111001001001011110000100110111111110101101111110111111110
001011011010001111010100111001111110011111111001111110010101111111001000101100001101100101111101
110011010111001100010110110100001010010100101000011011101111010100110000000000010000001110010001
101101101011001110000011100001111100001010010010000110000100010101010100101001000011000001101100
011011100101010010001101111001100111011100010010011001101010000011111000001000110010111000100001
011010111100011001110110001001011010101111010000101000100000000000000000000010100000011100010101
010000001110010101001100101010010111001110110010100001101011001111010000000111010100101000111001
111100011101010010010010101000100101010111100101100100010101001010001101010111001101100111000100
011011101011110001110110010100010010010110001001001101111110011010010110110010010111100100010011
000110100010000000010100001101111100001010011000101100101110000011011011011100001001111101000010
101011010011011010011101110010011110110011100000101001010101010001000111001101011110001101101010
010001011000001110010100000101101100100001010100111101110110010111111111100100101000100010111001
101011111100001011100001100101000011111110000001111111011010011010100101001101101111000111110011
101110011011011001010010011001111010010011111001110001011000110001010100001110111110100101110110
001101101100011001010001100011101110100100101011101011001110001000001101100101000111111001010110
110000010010001000110000001101100111101010101111101010110010110011011101000010100100000010111111
101111110100001001110011011010111000101100000000110100010100111010011010100010101001101111110011
101011111110110010110000010001100111001101000000010110001110010110101110111010111001100101011101
011111000010011110011111011000011110100000100100101011000001100001101000011000011010111110100100
010011010010000000100001011101101010000011101110110001100110011101011111011110100010001011111001
000000011110001010100010110111111000011111010000001110010001111001000001011100110011101110001111
100001001100101110010100111110000000110010001001110000110000001110001011110100011100110000101000
100000111011000110100111000110011011111001010101001110100001110111011010010111111110011101000000
001110101101110100001111001001001010010111110110001110010010000111001000001100001010011111000110
001100101011110000001100101110001001001111011000010011000000010011001000011110000111111011000111
010110101001110110011011111001101000010111001101000000100111001001000110111100000010111110110001
111011011110011100101000111001010011100101101000001110010111010000000010100000010000100010001110
000011101110110000100110100011010101101100001101110010111000000011111111011111111101100111110000
101011010001101110101010001000010010010001101000101101001011101010010111101001010101110010111100
000000110010101100101101101111111111110011101101100001110011100111011100010100000000100000101100
110100011111000010001110011010110111001100110010111000110011011011000110101100010010010010010110
010110101110101000010000010000001000001010100010100001011011101001011101001100110001100110110110
000011101010010110111000101000001001001000001011000001000101011101011110111000101001000101110000
001110000101010100001000011100001111001010010110001110111000001011000001000000000010111110010011
101010010111101111000101100110011001101111100010100000111000001000001001100101011101111110011101
010101000110100000010001000110010001111111000011111100010100010110001110010101110000000001101101
101000101100000100101111111010110101011111001111101110010100111000110101111011011011010010011101
101110011110110010110010001001000011111101111101111010001001000100100101010001011011101101010110
111100001110010010010001011110000000100000111111011000010000001010011011100111000000110000100110
101101010010000110010010000100101100110111100001000010000001011001110101100000010011101101100101
010011101101100000100000100001111010100101011110101011011000110111101010010000110101100110000111
010100000100100010001101111100111110011001101110010110011100100001101110011110110100101111001101
100010001000010010110110110001111110001111110111011000011110000100010110111111111010111011010000
010001001000010001001011000110111101011111000000101110010100000100011010111100010001001011100100
011100111110111000001000011010100001111111101101100001110011010011111001011001001110010011000001
001110011100000010010110011101110010001111011100011101000111111011000001100000000101010111111110
000111000101101010000011011111110011011111010100100101001111100111000100110011101011011010001001
111000011111101000010110110001100001000001110110000101111101011000000010010000010100011101100110
000011011111111000011110011110001110100011011001110111111010010111110111111101101101011001010100
000001010110011010001011000101101111111110111010000001110000100010101000001100101100001110000001
011110101101101110110100010000100101000111101111000110000001010001110011100100010101001101111000
100110111101111000001011110010110101100100111011000100010110010111001001010100101100111111001011
011111000010010110111000100100001010100011000111001111001010101100110101111100100110001110100000
001010000011111111000100011001001100111000011000011111100100111011100101101010011011100001011001
011111111101011001010000101010101101100100000101000011001001010001010110010111001001001011101110
100011000001000111100001010000011010111000100000011100100000000010011111111000110000111100101000
100101110101011011011001100011111100100010000010001001100000101100001001101010101110001101001111
001100000011100101111000000000111100100101001000111100110010111111001001001000100111111010011010
010010011100110001101100101111001101001101100110110111110011111000110110000110100111001111010100
011011110011011101110100111101000010100110100111111110001111000111100000110111010011111001101001
001001000000110000000010111111100100011101001100001011110111101101110100000111001111100010110101
101101010111010110011011001011011111110010010100101011101110101111110110011111101010101011110001
000010010101011000011101000100110110000110000101010101010100101001101001011111101010011011000000
101011100101111101011110000000101000111011010010011001111010110100001110100000110110011110000101
100010010001010011010000000010100000001110110111110100111001010100001110000100100111010000111000
100111100010110010111110011010110000011011010001110110011111101000001100000000100010000101100110
100010111111101011110100001100111001010100111111011001101101101100011001001111110011001001111000
000010000100000010110110111010000011001011011111100011101101001110110010000011001111010100000001
000101011101111101100010001011101011011111000001100110100110110010100000100111110010101001000011
100101101111011000111001101011000111111000010100111011101100001111000110100001101000011000110110
000000001010010100110001011110001111010101111110001000100100011101000011101000110100011101010011
100010101011010100101001101101100001001001011001000010110101001000011011110101101111101010100110
100100000101010001111111010110010011100011001000011101101001101001010011001010111011000101001111
111000011101110110001001011101010000000011000101110111010010111011100100000100100100110100001001
000110100000010011110101001101011110110000000011111111101011001101001110101101011001001111010011
011100100000001100011101111111001011010101011101110010010101001111100011011101010110110010100101
100011100101111110011010000111110001011100101101001001011010110111111011101011100000000000000100
100001010100010101101100110110111011100000011001101101011000100100000001101011101111111100000001
011101001110100010011111001101000011001010000001011000010011111001010100110001100011101111011001
000110101000001100101000001111001111101101011011100000001010101111010000011000110010001011100110
110010010001010000011000100001101100100101111111001011001011011111111111010100001011110111011001
010111110101001101000010010001001000110100011011001000100111011111111100000001111100000110100010
100011100111111010011100010010001010001100010010011000111100100101100100010011111100011000110011
101111011001011101100101101011101100101011010111101100111111011000100001010010010010011000101110
100011111010111111101001011010101001100110100001001001100001001110100110111000110001100011010010
101010001111100000100101011110100011001001100011011110101001010101110110010001011000111101101100
010101000011000000111011011100010001001001001101101101101101011110001100111111010001000011100111
000110100111010000110001100101101010100011001001111100111100101000010011101010101001110111111000
010111110011010010100101110101100110010011110101011010100111000001111101101011011000110100100111
110111110001111110000110101110110001001101001010100110101011000011100011001111110000101010110101
001010110101000101111000111110001011000100000101101011001110110000011010100011101101100101010010
001000001011001000101010101011110001011101000100000100101001011011101011010000101010101111101101
111100110110100001110011000100111101100100000100111011100011010000111011010100111111010010101011
000111111011100010101001010010110100100110001010011001101110001101000001100100000000111010010110
111010001110101110111001000010001000100111000000010010010110001011000101000100110100110000100100
000111110011101011010001011111001101101111100101010000000001000110001101100101000010111010110100
000110110011000110110011001111110110000000111110011100111011100011100011110111010100111011010011
110000111101110111111100000100001100000110010111000111001110101100110000000110001101001001101011
111010010001001010111011101010110011101011101000010010001111101010011010111001110010101001110010
001100011100001111101100010011001110101100001010011011011111011011100000101000111010100010000000
110111011000110001100101000011111011110110110010110001111011011010001001111001010011111101110100
111101010000000110011000100001101000001010111100111001111101000111110000101000101000100111111011
110101101111000111111100111011001100111000111110011110001001110001010001011001110010001111001011
010101000110111111000010101111110101101110001111000101001000010111010101000101000000111100010101
111101000010001110001010010010001101100000111001101110010000100111011100010011100001001000110101
000110011111001010010011010100000110101110101111000010100101110010010100011010001011010010110001
011111100001100001001011001111101011110101011110101000010100111110111010000001100000010001010100
010001001111110011000111110100110010100000000001110001011001101101110100000010101110101011110001
000010111011101010110110001101010010011101101011010111110101111111011100001010101110010110110110
000111010100000001000111001000100000010001111100101001000010011110110001101110101111110000011100
001101001101101101011000011101100011101001011011111111001111110000000111000110010011010000100111
001011111010000100100001000110000011101101001000101001010110011011010111110011000010111010110101
111011101011111010100100000001111001110110001101110011111110101000001000100100110100000011011001
110011100010000111111100001001111100100001010001011001110100101111001101110101000101100000110001
110000101010010101001101000110100010110110100010001001110101010001001101110111111000011111111110
110010110011010101111001111010110101100110011000011011011100110101011000101000011010001011010001
001010010000011010101101101001001001000111010000101111001010101000011100110101100111001101001011
011001010100000101000001011101010101000110010010100001000100100010000000101000100100100101001100
000011001111010110100101100111011110110101100110000111011111110111011100000000011000001011001111
001110000000101001001011010111000001100111101010101101100001111011000001100011001000010101100101
111001110010101001000100110011011101101000010010001110001000111100110001010100000001110011001001
110011100011100001110111011001111010101010011110010010011110101100001011011001010101011010000011
011110111101100010010010110011100011000000011000001011111000110111001000101101011110100100011110
011101000110101100100111001111101101001010010100001100011110001111001010111100111000100010000111
000011000100010000111001011111000001001111001011110100101010111010000011101101111100100101011101
001110010010010110111010000110001100100000100011101111011110000000111001110110001100010110101000
101110010111111011011101110110000111011001111101001100101100110011010000100111011110011011000011
001101111111101000101100011001101000100111110011001100001001110100110000100111011010001110101011
001001001101111001110011100000110011110000001000000101110001110110011000101000000101001010100110
011000001101000001100111000010110001010000011100001110000001101011101111101110100111101100110001
010010111011000101010110111101111010101100110110111001100110111101001001001110101100001001100000
100101111100011111011110000001101001010010111010110000001101010000100110101100101110100101010000
000100100000101000100110111111100010111001100111001111011111100010100101000100101100001101110111
011100101010110110001111101111001101000001010011100111100100111001101001001101111011110111110111
000000001110001001101001010000001110010000101010100101101100100010110010000010001100101110000110
011101111111111111101110100100011101111001110001101010011101101000001011111010010100011001101100
101001001011000110111011011000110110111010000111000000100100011100100010011100111111010101111000
010111110011111101110010011011110001011001010010010010101011001100000100001000001001111110110001
100101110010110110011100011110000010011011010001100011000001111011000110010111010111001100011001
111011100001000011101011111101011001101111110111101101010111101011111111011011010011011011101100
110101100110110011000110110010101000111110001000001111011111001110100010001010001001111110011000
000110010001111101101011000110100011010111001101001001011111100001100010001000011111110011101101
110100101000110100001001111001111011000010010000000010101100111110001110110000011000100100100000
101110000111001100000010010110011111010011101000011101011001110111110111001110101001011100110010
110001000101101100010110100110001010010100011110110101001100001101100010110111011011110101111010
101101100101100111101100011101101011010100111110111010100001110010111111011110000100001000100110
010000101101100001100100101010000011011001111001101011001010000011010100110110100100010101110100
100101100001011111010101010110110011101111001100100111100000111001101000100011100001100111001011
000010101111111100100110101010001010001111110110101001111100011001110110101111000011100001000111
101101010011011111000001111011110001111010101110111111010010010111011100100000000000101100011001
100110100110011001100101100000011101010000111110110101010100011010101100000011101100110001111110
011000111011001100110101011111000100110110010110101111010101111000001111101010110000000000100001
011000100111011001001110001000001010000110000001111010011110111000011101000000100100100010110101
011010000110000110001011100100111000011111111110110101111010111110101000011101110010010011001010
111000100111111001100000100011111001101000110011010011010000011111110100001000110001000001011011
010000101001100111010010011001110111011011000000001010100101010010011101001001110000100110000000
100001110101101000110011110000010010010000010110111110100100100001010111000011110110011010010000
101011001101111000101100011110011011000111100001101011110000000010100000010011110111101011000001
001001100111001100000110000100001111101001110010111010111110101110011101001001111111101000010110
100010101100111000111000101111110101000011110011110100001100100111010111110110010110101100010111
110010100110111110111000010010110010100000111001010010101100001010111001101101000001110101111100
100111101011000110110011110101111100111001111000101001000100100101101111101111000011001000111001
001010111110011111011001100111101111010000111110111111000011011011010101111101000111010000101101
001010110110110101100001000000100101101011111100000000110111110001011101011101111010101111101010
101011110000110010100000100011011010001111010111001110101101010101011001111011100110100001011100
111101110010111001000001000011000011110100001001000000011010010110101110011011011000011111101011
001010111000001001111001010111101100100100110000101111000001001000010100010101010010100011010100
011010010000101000101011101110101011001111110010101000101000100011100001001111100111000101010001
100110101110100100010010011101100100010101111111101000001011010110111001010110000110010110010011
101011000101111001110100010001011101111110000111100011100101001100001100100110110111011110010110
110001101001101011111001100010010000110010110011110100011110101101110111000010100111100100010111
111101110011001000111010000001011110011001100101100111010011001000111100001011011010101000001100
110101111110100110010000000000011010010001100000001000000100100101100001000000011011111001101110
010001011011011001010111100001100011111011010110100100010010010010110010100010111110100100101110
011111110101100000100100010000000000010110011100000011111010000011010101110000000010000111111010
111110111001001010010101110101111101110110110011010111001100100100010010111111111101111110011010
101010101110111101010110100110001101101010001010011010100010110111011110010111001110010110000000
111010010101011000100101110000101011011111101100010110001000000011111001100001101111010010001010
001110000110011110000001000111101000011011110100111111110101000101110111010101101010000010011011
100111011011110100011101001110100010010101010011100110010101100100001100001101110111101100010111
101000000010110100111001110110011011101010010100001100010001100111111100111111001111010100101001
110100110001110101001011110111000111010011100110000100100011011010001111010101010100101100101001
010101110101001111010001011010010001010110010100000100100000011100000010001100000110001101010111
010001100101001001110111011101111001010101001111001001110100101110100110000010000101001011111000
100000101011010101101010000000101000101001101001101100011010110111000000010001110011000001101111
011101010011101110001101100110001000000100000101010100111101101110001011110110001000111010111000
110111101011011111100111010000010010110010111101011010011010101010101001101011111110010100010000
101000011001111001000011001101110111100110100100011011001101000101000111111011110101010101111000
111101000100110011001000110010000010111101001110111111000101111011000001011010111001000010010101
001001110101001001001001100110100000000010110001011010011100100001001001110001111111011000100100
101100111110000111101100001000011101001100100000001100111110001010110100110100000011000101010011
100111111001011010010100111111101101111110100010010111111001111010111100010110001111100001011100
010011010101000011011110111111010000000011100100110010011011110111100100001100100001100101001110
101100101100011000100100000101110101010100000101110110010010000100110000000101011111010111010111
101001111110111011001111000000100100010010000011011000000010000010110010010101111011100111111111
110011010011011000111100101011000010001000001100111000010101001110011101011111101001100110010011
111111011011111111010000110101001111001010000011000100001010000011000111011101001111101110100011
000100010100100011100110110000001100010011011100010001010011000100101000011111111110001100111101
101001101011110101110100111000110010011000000010010001010000001111101010000111011011110000110001
110000011001011101001110111111001100000100101000111111000001011000111001111101011010001000011101
110101110101100101100011010001010000000001000110110010110101001001010110101111000111101011111001
101011011011011110010001001111011000101000010110100011100011101001000011001111101000000101111101
110001001010000110111000101010000100100001010110101001101111101100101101101101011001110101000101
000110110001100111010000001110000111001101000001011010110110010010100110110101100001010000000010
110001011100011101001000000000001101000011000100011001000110011001010000100111111110111101101001
100101100010110101110011011100011010010010110101001011010101011011101000110010100001110011111000
000001000000100111010100101001010010101011011101100001110001001001011111011010001101111100011010
010111110101100110001001100110101010101000100111010011000001000000000000101001001000101011111010
100111000100111100111110110110000111010110100001001111100110110010010001001010111011101010110000
000011100111010110000111111000101001000001101010001101101001010100010000011111011111111011000001
101100010100010011000111010101001111010111101110101110101010001110100100111001110011001011010011
111111010111010100111110011000101000010101010000011101100111001000110001011000011100101001100010
111100001101010010011100011110011100111001001110111011101000000001111011001011101011111011100010
010001111101001010100001101001100000001111001110101000110010011100010010011011111111111101011000
011101110011011011101101100101000010101101100101010100011011100011010000010100001101000000100100
010101100100000110100001101110001011010000000010010100110011011010001000011010010110110100011110
011101011001110110010100100111110011101010100010110101111000110001001111111010110001011110101010
000010000110010101110100101101101011110100110010100100010011011001100010010000110101111111110011
001100101000010100001111010101000010011110110111011100001011110101001011011000101110110011010100
111001101100110011001010001010010111001101110110101010111010110011000010100011000010100101111100
011111011110101010100101001001011011001011001110110000100000000101010100100011110001100011100100
011110010001101001111111101100101010111100010001001001001111011110000010010000001111000001001011
110011101100000000011011000100101111110101001001001100101010000010110111100101101100110000100010
100101010111101000100011101000011101101010001000110000111101100100001110000011011001110101000010
011001101000001101001110101001111110100101101100110110101101001000111011111000011010011101111100
011110100100000000101000010001111011010100111000100001011000111011011011011111001010001000000100
011001100100010000011111001110010000110000101010100000010000010101011001000001111111001101000001
101010101100001100111110100011101011001011011000111000100001100010001011011110010001010011100111
011000110011110010000011010000111100001010001000110100100000111100101101100010101000010111000110
101011011111100100100111000101110100010000111111101011110110011001000001010101100000000000001110
101000010110100111100111111101001101000111001010101101000000101000010000110000001000101000010111
100101111011110100100100011100111000111000000100000010010110000110011110011111010000110000101011
011101001101110111011010101010010001001001110111111110010110011011001001010011101011101000011001
001000000101000011010000001101100010011011000001111100110000110010000010110100100001011000110100
101011110001011100010101000001001100101101000101001000001010000111001001100011111011010001100111
111101010000010111000100000000010101001000100000010110001000110101100111000000011101101110000100
011011101000101011110101111011001101001011001100101100100111000111000101001011100011010001110011
110001110000111000010010001011000100001000110111010010001011110001011011110011100010111011011001
011110000100101110110110011011110001100011011101101110011100111000000001100111111011110000011000
010000110100100011101110001100101100011101001000011101010111100111110011001100000111111011111001
000000110100101111100010110011001001011001100101111111100101110010101010101001110000000001001000
001111101001111101111010001010001100111001101100010000110001000100011000010011100011110110101000
010010000011000100101010101001101100011011111011111001001100110111111111010100110100001110001100
110110001000010101101000010101001010111000000010000000110101100011100000100010101001101011100010
001011001010111111011010001010111000001011110110010010100111011011001011000011010001110101010010
110111000010001000010010101100111111010110111100000111111000100101100101010001011001011110000111
001111110111001110011001111011110111111101101110011010110101011110011010101000011000101000010100
101101110111011100001111111101000111100001110010000010101011010100101011011101100111000101011001
111000111000110001010100001010101011111111110101111101100111101001011001001110010001010111010100
100000111101011001011011001110101001001001111000001101011010100110101111000110000101001000101100
111111000111110111111111010000110001011011011100000001000111010011011100000100010011011011001100
001001111100001001101101100010001100111110101100111101110000100110011111011010001110000011010000
000000111101000100001011111010010111111000011010101001011110001111001010010101001010110010100001
011011011101010100000111010000011011000010000011000100010011000110011001100110111011000101011000
111011100101101001100111111000101010000100010101000101101101101011100111001010000010011011001110
000101100011011100010110010000101010000001001000100100111011010011101000001111010101000100101000
101000010000010100100101010011010110011110000010111110010110011101111011100111100001110101001011
010111110001011011110101011010111101110101100010110001101011111011101111000011011010011011000011
001001010010111100101000110001001100100010011111101010110100001000011111100001010010100010100010
000100111111011000100001110000000100111000101010001101010100000110111100011110100011001110110110
010101101001110111011011101101011111001001111011001100111111110101100011000011010101101101101001
001100011001111001011101111110000100000001101101111100010101110011100111111100100111100111101011
111100000011001001010001111010011001100000011110010011110001000010010100010101101101101011011001
111011110000101100110111000100110010111110010110001001011010111011100010110110110010111100011011
000001101111101110101010001110100011011011011010111110001100111100101101010110001001001111101000
110111111111010111010101010000000010100111100000001001111110001000110110001111010100010001111100
111010001010011111101001111001101010011100100100100011010001111001110000111001101011111001100011
010001100010111101010100101111101100101100111011001011101100110110111011011111100101111000011000
011001010001100000000001001001010010010000010100010010000100111110100110000011111011111100101111
000111000001101111110010000010100010110100000100011011011110000100111011000010000110011111010001
101000100110010110101001001010100101101110110010001010110001100111000011101100100111100101111011
011110000000000000000100111110001001101101100000010011111111011010101010011110010000011101000101
011100000000111001100111001011100000111000101000001010110010011101100001101111010010101100100000
010011110001000100111111000101011101101001001101100011101111111001101110110110101011011100100100
011110011000010001100010111100100001100101100110100000001110011110100000001111001000110011001110
101001010100101111010001111000101000011101100100000100010101101010100010000110101101100110000011
001100100110100101100001000111010110001101110001110001110000101111101011011011110100100111011110
110111001101100100010001111010101001100110101101100110001011010101100110000001001110100010000010
001000010110110000010011011110100011110110100011100011001010101010000001111001010111010010011110
110110001110001111011001001000110010010110111101001011101111000110011011110010101111000100000100
011110110110110010100001100100111101001000001110010001010011001110001111101111110100100110111000
100111011000111001011000001001100100001011010111110100001101101010101111011101111101010101011111
010011001101101011101101100011111101101000010100101001101000100001110010110001100011010011011011
001000011101010000100001111100110010010101111000011100010001110100100010010000110110001100010000
111110101011110001000001100101011001111001101111110001101100001110001000101010010011101011111011
011010101100011111101011011001110101010100001111110000110010001111001001101010110110101000111111
111010110001011100111011011100001010101001000100101100010101100111011010100011111100011011010011
011111001101100100010011100000111100011010100100001111010011101001111111010111010001101001010010
100001000001000010011010001100101000111101100101011100110101010000111110100011101001011010011001
111101101010111101111110001011001001101010100101101110110011101010000111111101100100111001010010
000001110100010101101101110110100000001111010101001011101110101000000101011010111001000011110110
000100001010000100111011110101001010001101110100101000101000010011111010001011000001110111001101
001001100010100011100100011100110001000011000001110110000001000110001100110001001011111101111010
110010100011001001110100001000100111001001111010111001111111111001000111011011100111111100111011
111110001110111110000010000001101111110101101111011001110001001001010011000101001011101100101011
100010110111111111110010110100110011010101101011001010111100110011000000001101010100100000110101
111010010111111011110001011010010111001101000011010000001010011010010101000000111111011011110111
001011110110010010000011000111001000101001000111001011111010010101110111110110110011010101000011
001101101111011111111010101110110010010101001110000110001100011101110010010010011110010001111000
111100000111100001110001111110000000101001010011111110001000111110000000110100111101001001011000
001011111001001010011011000000011001001101101011011000100111000000001010111111011010011000011011
010001001011110111010111001111100110110111110001000010001000110101010101010010011010110110000100
