101000110101101110000111100101011111010101001101010110100110010110001110101111101110011011001001
101011100100011101011111000001101000000101100001100100011011001010101010100111010100001111100010
111100000000110000110110001000010000101111001011001001001010111101111110111100111100000011101111
011000101011001100010110100111110011010010100111011110111101101001001100000101011110000101000111
010100110000101111110010100001110100111110101011011111101011001011000100010001001101111111100100
101010001010100011000111000001100011000001101011000010010111001000111001001011000011110010011110
001111101100000001001001010110000011100001110111111000111101110011010000001010001011001110010011
101011101110001110011010000100010100011101101110100011100111100100110011110100101111100000001100
000111000010101110100000110101000110110100000101010010110010000011011101011000010101001000010111
001011011100011000001001000011101001001111000001000101010010001111110001111011100011100100101000
011100010101101010100110010011110110110111100010100111010110100000010111010000110010011111001111
000101100101010100000000110000011110111110101011011010001110001101111111001000110111110110001100
110010000111000000000111110111100001101100110101100011000000100001111100010100011101010010111011
000010111011010110110100010110000111100011110011001001011111101000100011101001001110011001101100
001011011011000100110001001011100000101111110001111100101110010001011000010101000101010111010101
011101011100010010101111101000101010011101001100000011100000011100110010110011100000100111110001
000100010110001111100011011110000100110101011001011010010110110100010001001011101001001100101100
110001010011111000111111001110000001111100110111011001100100110100000101001001000100011100000001
110000001011110011111010101101111010101001110000000101100001101010100000111100100111111000101010
011101010101101000011100010010000001010100110001111100110110110010011001011111011000010000010101
111000010000010000110100101001101010000100100111000111101000000100101000011010010100110000010101
101001001101100111011100110110010000001011001100111101110001000101010110001011011101100111000101
000010110001111111011000010010001100100101110000111001011000010000001011110101111110100101100100
110111100000101100010110000011100000111000100010111000111110001001011001100110011011110100011101
001101001000001011100001101011110000000110101111001001011001100111111101101111000010111011101001
111111011000111010001110110010101000001111000101100101110100011111010001111001100110010001001100
110111011100011000110011111001001100100001110011011110011001110111011101100000101111111000001100
110111101010010110111000110100111000101100100000101011011000000100100011101110011101001111000101
111110000010111001001110001100010001110011010101110101111111110011101101110011011100001001000111
110111100011001110011001101100110011111010011010110110011010000100100000100011100111010100010011
111001110010011011110001111101101010110101011000110101000110001100001000111001000000110101110010
101101010111011001101000111110010110001001011101100101000010010110110011100001101100000001111000
100011100110111011100101101101100000101000101001101001101010100101000011100001101101111011110010
110110101101001011010001011101001110001001001011010111111001111000101101011011000111100110100010
111011000000010101110001100000111110000111011010010110100111100011101010001000110000110000111101
011101110000010101010111011100110000010010101101001110011110111010110111110101010111011000101000
000101000011010011011111110001001101000101111010111101011001000000110110001111001011101001110000
110101001111110110100100100011111000010000110011100100011010111001110100011000011011100010011110
010011010011110111010101011110111110100010001001010010011011111011001001001000110001101100010100
111010010011011110100001101110111001000111011111100010100100111010110000110101001110010111011111
010111100100010101100111111000110011001110011111100010101100111011010000110110000101110000110011
010111111001011111101111010011110111010111011100011010100011100010111011010010010000010110000011
011000110100011110000010101110100101110100010111000000111110001110000000100001001100001011010001
011100010100110000011001011110001000000001001100010010100010000110000000001011100001100001000001
010000111001101101111000110111000010101100111100101011101111000110111001010001010011110000110000
111110110101001100000101011101110110010010000101001010110110111111100010000010010001111111001100
101101010110000101000011101111000010000011110001010000110011101010000000010110000101111011100111
010001100110001110001011000010000110011001001001011101011000010111010011111001100100110010001110
111010010110100000101101011001011110001010000010101001101100010000001011100001000101101111111101
000111011110110100011101001111010111011110000100100000011011001110001110000011010001111111000000
011001101101001101011010111001010000101110010011001111101010111100011001110111101111101110000000
000111101100011001100010001101010000011001110010100110000010111010010000100100010100011011111111
110100111010100011110110001101001100100101100111010100101111001111110000100111100111000101000011
011100001100010011110111001111000101011111111101001010101000101000100010100011000011110100110010
010010111110000010101110110010000010011101101010110001111011101111101100011000000100001100001001
110110100101011001001100000011010110111100110010110001111110101101011010101011001000010100011000
111001100010110011011001001110111100111110000010111111001010100011111111011000110101000010111101
110110000010110111001110111100000110001111101011000101010010010111100000101001111001111010110001
101111011000111010010110110101001110101000100110110111000110110101001010110000110010100001001010
001110111111010111010111100000000110101110101110011001101011110100000001110110111010011101010110
110000110010111111100001111100000010010100001000001111100110100011110010110010110001001000101110
111110000000000000001111011111010011101001101011111100100111010101100110001011111010000011110110
101011011010100010111001010000110010110111011101001110101101111010001110111010001101100110110100
110000101100110100010101000010101011010010001111110000011101001001010100010110001101101110000010
111000110101010000011001101000110101101000001100111110011100111000000001101001010110001111001010
000111100001100100011110010010110000101100000001101101110111110100011000000100110000110000011000
101000101000110001111111001000101011010010011100111111110000101100110111000111011110111101010110
001100001100001000000011000000110011000110001000000111111110101100100101110111000111111110000000
011000101000000011010100101101100000000010111100001100000001010101101111110110010110110000101111
010011001010011000010100100111111100100111100001110010100100010100010010101101011110010011110001
011010110100110000010101000111011111101101011000010011001000001110100010111000100010110011000111
100110001111110110111110111011001011101111001010000111110011101010001111010001001000000000101001
010101111100101010101111110011001000000000101010100101001101100010101110100101001011010101111011
000010110100010000011010010000111101111110001110100110001010110101011111011110111010111100101000
110110101000011100011011111101100100011100001101110011111000011001010100100000101010001001011000
100010111010101000000001111001010101011100100101101001100111110000110010111011110100110110111000
101011101100110111011001110111001111010100001110001111001011111011110000100000101101111010101100
001011010110101101110011111111011001111001101100101100010100110001001111111010001000100111101010
010001001100000010101111100101100000101001110000010110011111111101010010000011001001010011110111
100011101000101111010001110111101110010001101111110101000100111100000100101010011011010001110001
011001110000011110000001011100001110100010011110000110111110111111110000111100011111001111100000
001000111000100101101100000101110010111110100001101001110000000000111001011100101001110011111010
010111100010100110100000101100000001101011010010011100001001010010110000000111100010010010010110
101010110100111011001000101001100011011000100010000110011111001110101100001110011001111110000110
100001101111000111010101111101010100110010011000010000011100101100101100100110010010111010101000
011101110101011000001000011101011000011011010001101100110101110011101011000011111000111000010001
010011110101100001111110100111101100001000010111001000100010000011101001010000111000110000010010
110001010111010001010111010111110111110000110100110000000010010111001110000111000011010110100010
101011001001010010011100011010001011010101011110100001111001010100111110111000010000100100101110
010110110001100001100010001000000001110000101001101011000000110010111000110011101011000001100000
111001111011010000101001011111100011100010011000100001010011010011101111010010001111100001100110
011011010011000111001001000111011010001110110101100110111000111111110011011111011101100101010001
011111101000101001001011010101100000110001100000011111101110010010100111100101101010101011111001
100111111101000011000011110101110110000010010011001101111111010000000010000001000101100100011001
001010000110111001001001001110110001011011111101110000101000101010110000000001111010111100001100
010101101101100110110110000000101010101001000110100100001101100011100100101100011000110011110001
111000000111000111001000111011111101110000001010010101011000001110111111000100011111010111111011
010011000100000011100111101010010100110101100010001110011111010110100011011101000000011001010101
111001000000100110011110001111000101101110011001000111001101110111111111101000100000100100111100
111010110111111010011110110000010010010000110000101000111100101010001101001011100111010000100111
000100110010101111101000011001001001000000100110110001110010000101110001010010100101011111010110
111000111110111101011111011010000100110100110111100011101100000000111111100100011110101101100100
000000000000110010111111001111001101100011000011111001101111101001110010110000111110010110011111
010100111111111100100010111101001011011000010001100001110010110111101100101010110010010000110011
010010011001111111000110100000101010011101111011111110010110110000110111110110100011001001110010
100010100111100000010011110101111000010100001001010000100010111010111101101101000010100000010010
100001111110010000111011010010101000111110101101001001011100000111010110100000011001100001000010
111110111100101000110101111100001001111111011111101010110101111101010001110011001011101011101110
001000010101011101000100101001110101111010100011100000101011010101101111100010011110011001010101
110001010110101110000011000010011101110110100010100100111001010001000110100001100101000011000100
001000101100100010010011000101110101101000000000110101100011100011001001000001101101001010111100
110001010011111101100101110100110110100000111100011011000000110001100001101001010100010111001100
001000111000100110101101000110100000110100001001101011110100001101111010010000011100110101011000
110000100101001001000011000100100111100111100000100011001001110101110100101010110111001111101011
100001101000110000001110001110101011101110100101010111011011001000010010101011001011000110010001
011011101001110101111100011101100001111000110111010110011001111101011111101101001100000001001000
010100010100111001010101111110000011110010001101011001101111000011010100100101001001101101000111
001100010000010001110100101100101110000001011010110100100011000011011011011001011100010010010100
011001110100011111110110110100110101001001110101001111000000011110010100110101011100001000111001
111000010010100011011010001011000110000010010101110100000111110100100110011011111100010111101000
100010010011000010100000110001110100011011001001000111100010001110011011111010101111101110100110
011100011001001001100011000011000000101101001100011100100010111111100110100111010001100101110101
000011110001010010101010001110110000011111001101011011110010110000001111101000010000000000011000
001000101000011101111001010001110110110101111100011011011111110001101110011011100101101111000001
101110100100111101111111110010100100001001001010011001101111000111101010010010110000110110100000
101111111101000110000100011010000001001001000100011001111101101100010001100011000111011101111001
001000010000001110100111111000101101001011100011011101001011001111000001001000001001000100000101
011101011001101101010010010010101011101011011000111001000110111110011100011000111101001111010001
001110011010001100011011000000011100111101001010010011011000111100011111110101111101110100110001
001011100110011101011001100100011010111001010111000011111000100110111111011110011111100100001111
111101001011111001101001001000001011111110101111110010011111100000101101111000100100111110000100
001011111010101100100011111000100110000100111001101100011010100111101111111001000110010111010000
111001110000110111100011101010101101100100001001000000110111000110010011101100011010010111001100
100101001010111010101011111101001000010100010011100101011011011000001111101000001111100011000011
110010110001110000101001101001110010101110100001001111001100111101011011111111011110001011100100
111100101101001111001001000100010110100000001111111001101001101110001101111110100110011101000000
100010101110111010001000101111111010001101101001011011100111100100000111101000111011010000101100
001110000010001101111011011000100101001011100101001000010001000001101111100010000100011001101100
001100001111101011110110111110111001110111101110011001100010001000010001100010111101010110010001
001100111100010011101110101100100011101111010001010111110110001001110100010011001111111110011000
111010110000110001011111010100010001001111111101111100100111011110001111011001110001101000111000
000010000100100111000010010111001111010000100110110001001100100111010100100010010001011011101111
100111100100011100111000111100110011110010100010001011011111010001001010111111111001000100010111
010011101101001101101011011001000111100110010011110100110001001011101101100100000101111101011000
111011100010011000011000100101111111011001000011011010111100010001101100011011100000110010010111
010111010100110101101011101111100111111001000101000100011001001110000100010010111000110010000100
111010111111010101110111001101010111001010001001001101111100010100011110001011101101011010001100
111111110010010000011001111110000011010010010000001110111000000010000110001110111111000100001100
011011000100111101100010100010101000010001000000100001000100111110110101001101110110111100100101
101111001100000111111010001111110101111001010011110100011101100011110011100010111000100111011111
001111110101001101001100100010001100100100010101101010011101001001011001001011110100010100011101
101101111011100011111010111101111000101011111110011011101000000001000110100000101000001100010101
001111010010111110111001010000001001010000001011011100100001111111011110000001111011110001010111
000001000010001101011011111100001000100110111100100100001001010010101111111010101000101011000111
011001101000011000000010101110010101110011100011010010011100100000101001100001011001111011000101
101001110101111101010010000000010000001001000011010111011111010011011110100000100010101001111110
001100001010011111100100100001011000110110000011001110101110001011010001000111111010110110101001
110010001101111101101101011100000000111000110110001000111001101001111000100001000011100101111010
010011001000111010111111111010100101001000000011010000111000111100011001100111110111110010111001
001011001000110001010100000000000011101001101001011111100101011100010001101001110010111101010100
011001101000110100101010011110000011110011100010001001110010100100010101110011001001001110111101
110010110111010100001111010001010101111101101011101101111011011101101110101100001001000101000001
111110100110110111100101111000111001100000101000000111001001101011100110011000010001100000101010
101110111010101100101010011011111100110101010011001111101110001111010010110101111100011110110001
101110111000011110010100010011000110011100000111110100001110100000110000000000010000010010111000
110110111100101100100001000100000010110100011000010111101101011001011111010011111111011110000101
111101000011001001000010111111000100000101000001101110000110111011111010001010010111000100001011
111110111100111110001100011011111101000111101010110111000011111010110110010010100110010010111110
001010100111101011110111010011110100111011111100101010001010010100001001110001010101100010111000
101101110110010010110100111110111001111011010010101100110000101110100101011010111100000101111010
101101101000100110000110100011011100100110000010011000101110101000100000000011111010111011001001
011111001001000001001011110010010001110111110111100110111011000011100001011000110001000100100100
110111111000100111110010011110000011111101000100001111110010100101101010110101011011101101001001
111101101010111000100001110100100010001101001111000011001100101111111000110111011010101110110000
011111010111100111011010010001101111101001100101110100011010111000110111110100011001111010001101
001110100101110001011111001011000110100000101101111110010100001101011110011000111111100000101010
000111111101111111000000100100111111100111100010100001111010101000111111001101111110000101000101
101011001110001100110100101011100111100101111101100101001010000001001000011001001010010011001001
110100100110010110010000000011011000111001001111110101110011111000110010111001100001001111101110
100110110101010001110011101010100111000011101000110110100100111010000101101100100110001111000010
111101000001111100101001111010001101111011111100111000001000010100001010101000110000000010000001
111001011111010010010100101011101010110111011011010011000111001010101100011000100000011111011101
100101001011100101111000111000110011011101101111001100101011110001010110100000000100000110110110
101000110110000110011010011010111001000110110111100011110100000011011101010000100110001011010110
010000000100100001000101000001110001101110110000010000101001110000100001010011010100100110111111
101100110101001001010000100010101111111011100111110111010001111001010011111101000111101110001111
111010100010111011010100011110101010111110100100100000000111110111011111001111111110001110001011
011111110111111111110001001011010000001110111011000100000000100101100001001100110001111110001101
111101100011110011000110101011011010100111000100100100111011001110011011011001000100011100010111
110001000101111010001011000011100101001111001101000100010001001101101111011010010010100000010111
101011011000001110100111000100011101110010100100100010110000001101001110101100101010111010100111
110010101101000100011111011101010101111011000001010111101101100100110110000110100110011001101010
100101100011111110010110010011110100110000011010011110100101101101111100001001001101111110100011
011101000101001010000111110110010101101011000000111011001011000100010010111100010101011000010010
110111110111001111001111100111111100110011010000100100001000011010111011110100000101000110100001
101001001010111011100000100101100101110011110011111000100010010011111110000000010011100101111100
111000111110110100001110000110000011101010010110010010100000111010000101110110010001011010100100
111000000100010010001000010001000101000010001110101111101101010001001100001011100000000111001111
101000100011001001110011101111110110011000000101000011101111110000011110111001110011100000100110
110111001100100110100011110000000001000001110011000011110000010111110100001011001100101011111111
000010010101011010101001001100000111101101101001011001000000010010000010000111111010001010101100
111100011111111001100111000000000101111000010001000001001101111110010110101101100001001100001111
000111010101010011011100110000001010101101001111110001101000110110111011101101001001000000111111
101111011000110101110111010111100000010101111011010010110100011000111011111110100101000101001111
100111101100011001100111100100010010011001001110110001001110101101011010001101001001011100011101
110111001001111110110010101111001010110001011110100000001011101011001101110101111100101101100011
001101101110011111000010101011101011101001100010100110110100101010101000010110111010000001011101
001000101111110010000001010101111001100110101111011001111110001100101010000010011001100100001100
100001001000110111000011001010111011110001111110010011011000101011010000001001111111101010010100
011110000000011111110111011111100111101111001101011010101011001111101000001111101000000100111001
101101011011010010010110010110101000010110111010110111000001100011110000110110001010011010010000
001001011100000110001111011101101100000010010111011010111100110011101100011100100101000101100100
110100001100000010001101000101111001100000101101100100111110000010000101110001101010001110110010
011110101101110111001010110011001110110001011011001101111110011010101001010000010001010001101110
110000001010100111101011111101011000010010011111001010111111001011010010101110011101001111000011
010010011011001111001100111110101100001110000110001110000000011010010000111101100000111101001000
110011100011111010000000111100111110101001111010010001001011101100101001010100101101111010110100
001110000110001001011011100000011000001010010011111100100000000010101011011110010100101011000101
000111010111011100111111011011011011111001010011010011100101110101010001111011100111001110000111
000010100010101111010011000011111100000110001001010000100000001100110001110010011110001011010100
101000100011100110101110010111001100100000011000011111010001101111001011011110110100101100101111
001111001001111101001100011011110010101011111101000100001110111000010111000001100011011001110011
111111001000111110100011111100011010011011101101011111100101010110110001011100010110110111011001
000101011111111010001011101001111111001001000010011001110101101100011000010100001000010110111011
011110001111101011111000111111001100101110001100011011101011001001110110011110011010110010000101
000100011101000001110111110000001111100111000101110100100111011101000000000110101011010101010110
101001011011101111110100000000011010000000001010011011111001010010100001100011110111000011110011
101101100001011010010101010110101010001011111110110010000100011110010000000010110011010111000100
100001111011111100110111101101001001001111010000000110110011100101100010101101011110011110010111
011001000000000000001011111110011011110101111011101010011001001010101001000101000001010101010011
101111010110010001100000001111101010111001101000100100000110110101001101001010101001011110011100
111111101100010010011101011000001111101000001100001010000101001101010000001010100100001101101010
001101111011001000000110110100111100100011101001101010100010111110101111011000001001100011000101
001001011110110001000101001001011110111010111010111000010001110100110101000110001101010100000010
010011001110100011001010100011101001010101001101100011101000011011001111011001011101100000001101
000000110010101001100111101111000010000110100011111010101000101101000110110100001100010011010110
111001011010101010001100111001101001111001100101100001100111100000011000100010011011100110100111
100010111001110010000100000011100011001011011111101010001111101010011101101001111011101100000010
111111110111010011010000111101000110000010001100111110100011010000011110101001110000101100001011
000111100000111001000000110100101110100001011010000000010111100110001010000100000110001011111001
101110101101110001001100101000010111100011100000111110001011101100100011000010010101001100110111
011111000001101011101001000110010100001101100000011011010001100111100111101010100110001110011111
111000001011101100001100101001011001011101111101000001000001000101010001011110000110011110101101
101101010101110111111000011100110100110111011001011110101010111011010111111110010000101110011100
001001011110001011110010111110000111010110101011001000010000101010110000000000110001101110110111
101110110101011110100001010110001111111010100111000011101111111100110011110101011010011011101100
101111111111011010100100000010110111001000110001100100111010100111001010111011111000001101100011
100101001001111011000011111101010110110101100111011100000000001100100100110000000010001111001111
001011010001101111011001010101000110000110001011000111111100010001101110110001010101100000011111
111100010010001111001001101100101001011000001110000011100010010100011011101100001100010110110110
001100010101110101111000111100101101111111111111100000110011000001010001110011101010111100001001
101101010110011000100001000101010011001001110110000000001011101110110100110010001011011011111000
111101000001001000100101110000001001001010000101010010011000001011000100010010101001111000101000
111000001010000110010111111111100001000001100101101100010000100101101110001011010000010101100101
001101010001110010000000011110110101110110010111110010010011110111000100101110101111011101101001
101100110010110101000111011011011011010101000100000010000010101011000011000110110010000011101100
000111011111000001001010101101001110010011010110100111011010111100010001010101010111100111001111
000000010100110000111011101001000111011110101111111110101011100001000000001001110010010001100010
001011111010110011100010111101110111000001110111101101101010010111100000010100100100010011101101
110111011011110001110000011110100101111010100000101010010000100111111100011001000110001011101101
001111100001110011110101000101110110100010100000101110110101011000100111110011010101101001101101
010010001100010100111101100010000001000011100000001101000000010110010001001110110010100100101011
100010001111001111111000001011101100101100101110010100100001010010011100111100111000011011001010
000111001100111011100101011111100010100001111011011110100101100111011010100100111000011011111101
010001010101010100010101101001011001010111101001100111001111001110110011110010001100110110000111
001011101111111011101000001010100011110011100100011001000000101100111001010000000011101001110000
111101001100010011110010111100001000100011010000010011001100001000001000111011110110000000001011
100010001111011010110100101000010011010111010001110101011110100011000100101111111011111100110011
001110000001110110101110000010010011000001100011110110101000111001110000011001111111001100110111
111011101110101000101111001110111111111001100010000110011111100100000101011011110111100001111011
000010110000110101001110100010110100100100101111100100101001011011011000011101110000111001101001
111101010101000100111001010100011001011110011100001001100011011001011010011100000110100001110011
110011100101000110001100110011110110110010011100011111110111111010110011010010011011011101111000
010110000101110100001010100010100101011010001011110001010011011011001101110011110000000111001111
110111000000001010010100110011100011011011001110101001100011000010001011101001100100000010111011
011100010000100011110001100011111011001111011100100110110001110010110100010010010111101101000001
111001111101000011100100100110111000101000011111011111010101100111110000010100111001101001111010
111001010111010101100001100010110010111000101000111111011100011011101010011000111001110001011001
001000111010100001000000010111100110100110001110101101110000111010011001010001001010000001100000
001010000100010001000111100010110100000101100001111111100101000010011010011010010111011110011001
110001110011011011111001010101101011111100100001011110011110111011101001001111100000000001011000
001000001100110011101001011000111010010001110100001011111011111011111000001110110000101000011010
001000000010101010101000100010101101001100000110111000011010001001110001001010101111110101001010
100000100011001110011011101011000100100110111100010110000011111010101111110011010000011101001110
110111011000101111001101001100011011101000110101100001011110110000001001000111101010010111110011
010111100000100111000110110000100010110001111110010111110001011100101100010110100001010000100100
001000101000011011100000001111001011110010100001011011101100010110000100111110001101011111101000
111100110111011110001101010000011000001011010001111100000100001111011101011100010110100111000001
011010000000001110000101111110000010100001110110001101010010010110100000100110001110001010011110
110011110011101110000100001001010010011111010010001001101101101110011011100011100111110101100010
010001000000101111110100100100111000101110001101010111110000111010000010000110111110001010011001
110100111110001010010110111111011010001111110110101000110111110110000001100010101100001100010000
010110100101011111010101000101100011111111101111001000111110011011110011111100001000110010100110
100101000111110100000011001111100001011001100100101101110110000011011110110010001000010000110010
001011010010010011110011001001100101011011110000110111001011100100011100101101111011100111110101
011001101101100000110001010110001010001100101110010000100001011011011110000011010011000010010111
001101111010000100111011001001111000000011010111010000001011000001001001100100011110001001000011
111000001111011010010011110111111010010110101100000000101010101000011110100100111110100101010111
010000111011001011010001101111001000010011000100100100101100000111100000011000011010000011001001
000100001111010111001100100101001010101110001000100110010011010011100101010000110111100011000110
100010101000111111001010001000110001011101101001001001011000001000111011111011001100000101000011
010000110110111010100000100101001100000100010111001001000111011011000100111000000100111110100100
100001101111010011010010010001001001010010001100000101011101100000000000111010110111000011010001
110010011111010111111011101110010110111000100110111100111110000000100010001111001100111011010101
110011100101010011010110100010001011010011000010011001010111001101110001101100011001001111001001
110101000100110001011101111000101111101001011111110001100110011101110010001010011101000111100101
011100010101000110101111100010011000110111000000101010011100000010101110001100101000110111001011
110101010101111001001101011101011110110110101000110101011100100101011110000000110010000110011110
111000111011010000001001100110000010001000001011111100000110011000010011011110010011111110011010
001110100000111011111011000100001111000111010011110111010001000111100100000100111010101010010000
100101011100100101001101011000011111011101011101000001110100111111011011011011101101010010110000
100100011100100001001101011011110110001000011100101000111101101010110101001011111111000000011010
000010110001101110111000100110110110100111110011100001101011110001111111110000011001110100100101
001010110101011001010111001010000011000100111011110110110011101110010110100011100000100001000100
010001001110110010010000101100100010000111001000101101101111110110111000111100000100111010010001
011101000111000011001111010101110001010111110100100110110110101100011000100001001010010101000000
000001100110100101000001000010001000101100111101011101000101101101111111111111011101010100011011
001101011000100101100100001111111110010100010111111010110000100011011111010001110011001100111001
100000001111111110110010000100111101100111001110100101101000011000010011001001000110110101000111
001011000111010110001110110101011101111010011000010100100100011110111011110010011001000100111000
111011000010000111001010010110011011100000001000010001101001101010110010001100101101100010000111
000111000001010000000010110100001010011000101110100111010010010101011100011001011010010111011000
010111100101000001010111101010111111100000010100011100011010111101111010001011010000100101011101
110111111001011011101110010101111101111101110000101110000010110010110010100100110110011001101000
001011001100110001101100011100111110110000111110011101101111001100101010100000111011011100101111
101111011000011011101101110110010101111010000000101100000100010110101011000110100110000010010011
010000001100111000010101000110110100001110001101010010101001000111101000101011001010111110010010
011101111011101001011011010011110110010000101100111100000001010110110110010001011101001011101001
101000010110011010001100101010101101101111000100110011011111110000100000001011101011101011010011
101000101000001000010010111010001110110010100100111000101000111011111100100011111111011001101100
000000000000100010110111101101110101111000101011011101101111001010101100010110011110111001011100
011101011000011101000101000000111110010110111101001101011010111100101111000100000000101100111000
000101110001001110101111100001010100100010000010111010110011100001100000111110111110101110001000
110010000110011101011101011101000111011000100010111101111000010100011100010100111010110111111101
000101110011111100001011000001100001000010001001001110100011111111001100100011111010101110001010
000001111001110101111111001101110110011101001010001101111011011011011101100110101101101110110111
001100110101101010010000001111011111111010011010100100111001000100010100100111000001010110010000
010100111100011001111100010011001010111110111100011100110101000111111011001101110111111100110011
111101011001100101001010110000001100111011100011010100110111000010111010101001001111110100010000
011101001110010100100100100101100100111111010111100011111000001011010000011010001100001001000010
101010011101100110110101101100010101100001000110011000101011011111111010101010110100101000000111
110110000100100010110001101000111101100101101111010000100000100111111110100110011111001010010111
101110010001010010100001000101111100111100101001011001001010111010111001100111011000100101000110
100101010001001001110011100001111111001101111101110100111100001111010000110011101110010001110010
100000101001011111001011110011100001011011000111011101100111100110001110010111000101110001010100
100100011010100011010101001111111011111101111110100001100001111001000110111111110001110010100100
001000011110010001101101111110101110000110001010000111001101011101011001000100110000100000101011
100010000111010110101011010001001010000010001101011001001101010110101111111001100010001101110010
101010011100101100001111000011111101100101101010001010001101100101110011010001011110100001111110
010111111001000010000110001000110001011100111101011100101001000111101011100100100110110110111011
111110001010011010000011110001000010100111110111000101011001100010110000000010011000011101100000
011110100110101111010010110000010101010000111000010001101011110010110011101010110110000011011010
001100010101011100011011110101100110001110001000000111110110001000101011011111101110000010000010
101111011011110010000011111110101010000000001010101011110001010001000010101110100001110011000110
110011010000111000001000100101010001100111000000011001110011010101011100010111101001001111011010
000010111111100101100100110000101111111011100001001010010011101000111011110000100010110101011110
111110101011001010000110111111010001010011101011001111100001101000001001000101101001100010010011
100001110010010100011100111100011000110111001111111101101010011100010010100000011111000011000111
010101001001111101101011101111011001100011100110001111011001011100000001001111000000100011100000
111010001000111011000000101011010100111101010101011001000100111001001100011110100101011100001101
110110111010001000101101010000000001110100000011101101000110000010101110000100010001110101000100
101110101011100101101100111000001101001111011000101110111001100001011110011100101000111011000011
101000010010011111111110100111010010101111110101111001100010011111110010011111001001000001001100
100001010110000110001010010011101000001011101100101010000011001101000101111010111000010110010011
111011001010100011011101000001011110000110011100010000110101001101010101111000111100100011101000
001011000110100010011111101001010011110111010000000000011110011001110100001011110110101000011101
000110010000101101001110110000100111100011101011110101100000111110100110111011011101001110010001
101110000000111111000000100111010001100111010000101100110010011000000111110001100110101101110100
101000101111101000010001011000110011011101010111010110101100011001101110010100111001110111100000
010101001100111010000010111011001000101011111000101101001001011111100010010011000101110001111110
011110111110111011101111111011101100110110111101001111000000101000100001001010001111011101011011
010111001011101110011000011000101010011011011011111111100001100010110111001000111010001110010010
110000000111101111100001000111110100000011010011000000000101011101001001101010100110011110010011
110010101100011101000110011001101111000010000101010010011010001000000010010011000110001000001000
111100001010110011100010010111001101000101101101010001010110100001100000100110100110100110011000
111110101010101001000010110000010001001000110110001010101001101001001011100111000101010100001001
101101100100010111111000110101010101100100011010011101010000100100000001101000111111111011100010
001000101100011001011100111111110100101110110001000111100000011110111111111110100110001010011011
101001100101101101001011010011111011101100001101110111100111100110011110001110100101000010100111
101010110100001101110111110000100101100111001110101011011001011101000010110101110011100001101111
010001101010000111100000001100111010000111110111001110101101011111110001011100011001011001011001
100100011110000001111101101010110101110010100100010111100111101011101000010111110011001100001001
000100011100001111010110001110000110111011110011110010001001100100001011101111010111010010001111
001000010100011010011101011100100101011010111111101010011011011101011000011101111000100010110101
000111111111100010110010100010001000000101101100001010001100010111001010100000110000010100111000
000111110100111111011111111001010011001011111111101010011110101100010011100010000100101100011101
101100101110011110111011110011010111100110011001000000011111001111001101011100001100000001101111
010011010110000001100111100101100010010100111010101101001000011010000110110100111010100110010001
110011110101001010011011101100000001101011110000111100010011010010010111011111010001001000111101
001000001011111000100010010011011011100010111000010111011111011000001000101010000011010001010010
100001110001101001001101010000110111010111110101010100010010101100110000101010010011010111000101
110001100010111011001111101100010111101001111000110001110011001110010001001000111000010110010010
100001111110010011000011110010110000001100101011010000000000001100111101100011100110001110111010
110000110011110001001100011111101001111010011010101011100000100110110100111101110011001111011001
100010010000000100010100110010011001000110111110110100100011001111011010100001111100011100000001
110111101110100100101010110000100010001011101101001111001011101010100001000110000111101111111110
111110111010000100110001111101110011111011010001110111011101101101000000010110110101010100100110
000111000100111111111111001101101110010110111111000100101111010011010001000101001100011101011000
111011010001001101100100010000010001011000101001100101110100011000000110101110010010001011011001
010011011001000100111010100110010101101101011111101001111101100100010110110111101010000000101011
010000011110111010011111110101101101110001111111001000111110111011100100001011110000001110110110
101011100011000000111011101001100101110111011100110111000111100010110100110111010111001100011100
100010001101011111110010010100010100101100000110000001001000011011110111111110101000010111001010
011010000010011110100010000101011011110111110001000001110101101000100101101100000100101101110100
010111100101100111101100101001010010101001111010110100010011001110000011011100000000110000110111
110001100101100011101000100101101000111000110000011101010111100000000101110011000000000000010010
111000010000100101000100010110010100110111101011010111001010001100100000101000110001111111100111
000001110110100011110000001101011110010000110110111100111011111101000011100100101101001101101110
010011001011000000011110000010111011001100011100111110110101000110101100111000011110010100110001
000100011001110100110000110111010111011101100101001110100000010010101011100001110101010111001000
101101010000110111011010101101101010010001110101110101000011011000011101111011110001010100010010
011011110011110110101000001100100010001110100110110011111010011100101001000001011000111000110110
000100111010101010101000101011100100010011011110101100100101010111101001100101011010111110011010
111111000100110011111110111001100110010000100011011110000100001101111100100110000001001001000110
101001011101101001010001011110101001110010100101010111100101100000010000000110011110011110110001
001000000111110101111110011000000101011000000000101110011001000011010110001111010001101101000100
111110011010011010010110001111001000100111110000000000000101000110101110100110001000101001001001
110100110111101101011111011010100000100010010101000010010110111110110111010110000111000110101100
111010011100000010110111000100101000111010000010001111101100001101001010110000101110001000111001
111101010100101101100001011100110010111010011000111100001101100001101000101110011011010001100000
001111101110011001101011110001111100001001010110110110100111111011111111011000010000100100111011
010101011011001110111011110110100001111000000010101111000101000101011011001010011010101110000101
010100001110101100000010101101010001101100011011000100111101100000001011100101010100111010001111
011111101101110010001111010101010000100101000001000100100111001011110101000000110000001101101000
111100100011000101110110101110110000000000000011101010000100000010011110100001101101001001101100
011001010101101110001011100001111010110010001100100100101110111011111011111000111111100000010101
110010000101100100000011011100101010010101100001110111000110101010011011010000110100101000100100
001101111010110000110011100111101111110011000011000010111000011010111110000000000110110010101101
001101101001000100111101011001111100101000000101110010010111110111001100101101110111110100101010
111010001110000100110010100000101100110110011100000110011000100101101001011111100000100100111110
110011010100010010000110000001111100010011010110100110000110110101011001110110100001101100010101
101110010000000001101111100110110101001110111011100001110111010011101100100001100000110010111001
001111000101010001011010100101010111011100011111100000000010101011101000011011110111001111011010
101000110100001010011110001001011100110000101100001100011100111011001101100000110110110000010111
100100000010010111111100000100101010110100111111100101010000101001011110001100101010001110101000
100001011011100000100011001001101001001111111001111111000001111001011011010010010101111110001100
011100001100001001001100001100010000100110101001100100110011000110000101110100101000100111101111
111000101011100010100100001111001011100101101000111000000100010011101010110111100100111101110010
111011001010101101000100011010000010010101110011000010101001111000110011000010010011101100011110
101011111010101011101001011011100110000000101111001111001100100001110110111111011000111011111000
001110110011000110111010001100011111010100101110001000000000111110111010100010010101111011110111
100110101011011100011000100101011101111100101111001011011100111111000111001001100010111100001110
000101110010001001111000001111100100100111101100000111110010110110101100111111001010011001001111
001110100110000101011101100100101101011101101100000100001000001000100111110010000010111001000111
010011010110001111001110110010000100100010010101001101110000110101111111111111100100111100111000
000010111110110011000011000001100001010010011100001100001110100101000111111000101101111111111001
110001010010011110000001111100011001010111010000001111110011100000100101111110010000011001111110
000101100110001111111111101110001100100100011011101000000000011100000100110110111100001010100011
100110111110011100000100000100100101101100011100000010110000000110111000100100110111000101100101
111111000011100011100001111001001111101001011111100010111100010000100111001000110110100110011110
110101100100101101111000001111001011111110110101101010011101000110110001000001001111111111000000
010011101101010011101110001011001101001110111110110000000010101000000110100010010010100010101101
010011110001110011001011110001001111111101101010001001100001010011001000000111110010010010110011
101101010110011111101001110001101100000011111110111111110011101100100100111000101001000101110110
000011010011111100011110001001110010110110001110100000100010101100101001100000100000001011011011
011011000101000010011011011010110011000001001100101111101111111011001001001011110000010010111100
110011100001000110010000100000000100101101010100001011000001111010111010001000110010001110000010
000011100110111101110010011100110100010111001110011000010101000000000010010001000101110001001010
001100101001000111101100010100000100110111011100111001100010111111011000111001111001111110010110
001010100110110100100111000100101110001011010011110001101010111110101001011011101100001110010100
011100000010110001010100011010100010111110001100011000011011101111111000110100100011010000101000
101100011010100100011010100111011101001000011111110001000110111101110010111100010000011101100101
010010110010000000011001100001010101101100100011011111000001110011101001000111100111110011110100
000110100001010010110010001010011001110011001010110011011001101000111011011010011100111010101001
100110000110001101011110101100000111010010100011001111011000000100101100010001001100111100111000
100100000111101010011011100011011111100011001111001101011001110111010100000101011001001111001000
111001001101001110101100000101011100000110000111000101100010000011111111010101001011001100101001
000001111100100101011110101100100110001011100001111101011100111100010010100111011111001011111011
001010010010111010110110010101101110010001101101110110101111101111010000111100100111101010011011
100101110001110001100111010000111101100100100101001110110110110010100001000011001001111100100001
011010100101111100010111111100011001111010110111000110000011100001111110010001111111010101011010
011000100100011111101000100110100010000100001111100000010101011101110101010110000010111111110100
110001110101101110000100001010000011101110111000000100111111100111001110111010000000001111011111
011011111110001101000111111011011001000101011100100011110010001011111100011011111100110101000011
011001011010000101101011001110101100110111110000010110100101100000010111101111111110100000010100
100100110110000010011010101110111011011110111010110011111001101111011111010011101100100101111111
110100101111001001100010000010000100000101000000001101010001001111011011011101000011001000000001
110010000111100001101110001010000011010011010000011010101000111000100000000001110101110110011001
100111001101000001010111101100100100111110011101101101100100011111010011000100001001100011011001
001011100101000001001101011010100001101101101001010010010001111001111000001111111110010001111101
000011101000001011101101100001111101001101010000100010010000011101001111111100110110111010011000
000111010100100000101001001100001011010101110000000110100101001100000011001111001011000110000000
010111010100111010110001010101101001111000110001011011111100111111011100111100111110100001101011
101110100100010000101101001010101011001010010111010011000011000101111001111001100010010110010010
101010100011101011110110101011011100010111101100100001100011101100010010001010011110110100101110
010111100000011001100101011100110011011001110110100001101001010001100100111010100000111110111000
000111010011111100101101110110110011111110110100101011100111111111000100111011100011010110110110
110100100110011001001111001000100001100101010011110110011101111000101010100000000001101001110101
001110010101000011100001001010111101011011110010010111111100111011010111000000111011011011000100
011000101011101100010100100111101010001011101100011010110000010110100110110010010010010111010011
100010100000100001111011001011101110111001001000010010101000001111001111000100100011001011111110
101001100111011000100101001001011010000100010110010100001001000111110100011110110001111000111010
111110001110001011010110010100001010011000011010010001100110101100010100000111000110110100110111
000101111010111100000101001111001011101110101001011001000101100011001011101101111111011111110011
101101011101001110101101011010100110111101110010000101111011110111010010010101101010101011110100
001100101111100010011100001000000111110000100011000101101110111000100011011111110111000001110011
000000110010111011110001001000010111110001110110011111000101101001100011001001100101110111100010
111011000111000000100110010011011110000100001010100111100011001000010011101101001101110011111000
010111101110100100000011010111011011000111100010010110100000111100110010010000001001101000011001
101010011000001001101101110111101111001001010011111111000100000011010000100011001001101101110100
100010111001010010000010101100001011110101110100010110010010110010000010110000110100101000110010
010010111011110011111011110100010000010111000111110010001000011000110001010111001010001101111110
000100111110110100110010010100001111100110000110001001011110101100100101001001100110010010110101
111001010100100001000100111000101101010000000000011010100100110110100010101011010001111011100100
111001101010101000001000010010001000101101000110001001001101110110000001110100111100001100100001
110000111000011110100100000010000010110111001001010100011001011001000001101101000010101001001011
001110011011010111011111011101111001101101000011011000101000011011010010100110010100101000100100
101110101000111001010101011111000110000010101111000001011000110110010000111010111101000110000000
110000101000010011000001110110000100111000011110111111111111110111010001111100101001111110010110
001100111101010111010001011111111110100011001011100110100001011110100011010111011011000110110011
100110011010011101110010100101010010000111011111100110000111010101100001100110001010011110001001
110101110100100000110111001000111010100110101101101111111100001111111101100111101011000110111001
011010000100011010110001101101011100010110010101111100100100101101001101001110000100011001100111
100011001100000110010010111011011101001000101001001110100110110101110000100101101011100101000101
001100101001001000011110010001001101010001100111101000010010000000100101010111110101010011101001
111100001110000010100111011101101011011100111000101011100111011001110000001110001001001010000001
110100100010101101011001010011011010000100100111100001100000010110110001111000111111010101100110
100100011010010100110001101001111111101010001010011001110100111001010111010010011110100101100011
111011111001011101010110110110001001110100011100001110100110001101000101111001100011000111111010
000101101001100100111011101111001111010011111101010001110101011010101110011001100101110111001100
101000010000110001001011001000010001101010100111111000100101010111000101101100111100110101100110
011100100011001000000000010110010001001001010010111110011100011111010001111001100101101011000010
111101101010100011100001000001001111010101111101010000010001101101111000001010010000000000001001
101001100101001100010110110010110100010000111111010011001100111111111101001001110101001100110100
011000010001011010100010011101110101010000111101011101000010011100010101011100011100100101100000
111101001010110110110011111110101011100011110001100111000111111010101110111111100010010101100110
001000011111100101010011111001110100011100011101000110001011010100110000100111100010101000111110
110101000110001110010010100001111111001011111100101110001111100100001000111011111001001101101110
110001000100001111100101100111101011001000010111000100000101110001000000000100001001011100110110
011001100011101111111101010111100001010000100101100110100100000011100110110110000001010111100000
010110001011110000011110010101110000010110111010100101000000110010000100100010110001101001010101
011100001001010111000101111111000000011001010010010111101100001000100010100010101111101011000111
001001000010110001011110111111000000001100101101100000001010110010010111111100010011001000110111
100000101010010100110111010110101100110101110110111111111001001011101111100011000000001111000010
010110010001010011010110011111100101001011001100000111111001001100011101001111100100100010110001
011011110110101101101000110100100011011101100100101001011100110000111001010100100101110000011100
101111011111011011010110100011110111010111001100011100100101100001100010100000100110111010110100
111000111100110001010110011001011101010110001011110110010101011010011011101110000001101111111011
000010110101100010010011000000001011100100101010000011010101101010001101110100111100111001101101
000111101110001011110001111000101000011101000111101100100010101011010111110010101010110001001100
101001110111101011010010101100000000100100011100010100001110110001010100000000111001111001000011
011100100000101111100100001010110001000110000110101010110001011110101100100010011001011011111110
100100000001010110110101011111100100000000101001101101101100001110011000111011001100110100011110
000101001011111110100110111100001011011100111011111101011100000110011110001101000010110100001011
101111010010000110101001011011000110100101011100110101000010111101010001100110111011100001010011
111001101011110000110000000010010010010100100110011100011101111010011110011001100111101010000011
001011001110001111011000110111011100000101000010110010001011100001001101001111001010111010000100
011100011111000111100001001111001101111000100000101111011101010000110110001111100110101011011000
101011111101110000011001101001001011000101110111010101101101100100011111010101101101011110011011
000010110000000101110001110100011110000111010100111011011011111101100101010111110100010011100010
001011100010011010101010110111000101011101000011011111101101001011100100000010111101000011011010
011001010111000111101010000000101111000010001001010010001111101000111011001011001001010100001111
101100111111010011100000001000110001101000011111010011010101111011011100011011000001010110010001
100110000001001101010111101101101110000110001011101010011101011101111001010000101001010010111111
110000010100110101000110100000010001011101101000000100100010101101000101010101100011100011000000
001101001011100000110010001000000000111000010001111000001110111001101000110000011101010100101110
100001101011110111000001100010010100001000010100111010000100011100001011100011011001101100101011
011000011011110111010110000111010000110100000100101101000111101101101011000101011001011110010010
101001100100100110001001000111101100010110100010000101001110100110010110011111100100010111101100
001111001011011001101111100100100010000111010111111111110000000011100100011101101000110111001010
100001010101101111010010101110110110111101100110111100010011101010100010111100110000010101111011
010111110010101100011111111110011001111110111000010001010111111111000110101011000011101111111111
001100001110110000101100111111000100111101011111100101011010011001001001100000110001000111101001
010011111101001010111110101111000010011000011111101000110011011011001110010101101010110100100111
100110000100101001100001110100001100011100110000100110010010000010101011100100000111111011001010
010110000110110111010000011101111111011101010101010011010111000000000011110110111101100110011001
011010110100011000001001011110010001011010110110100110000001101101011110100000010011110000011000
010111100011000111111111011101111000000110011100010110110011000101101101010000110010000010111011
000000011110011011011010110000111001010110000111111001111101110010001000110001111100101011101111
011100101101001011101111110001110100001010000000010111011110110100100010100011110001011110000000
011100111011100111100110010111010011010011110110000011111101010101001001011101111000010000010100
000000011101001110010011100110011101101110100000011000100001111111111000011000100000001001011101
010010110111010110111000010001011111100101011100000001101011010101111100010110001000111100110010
100010010010101011001001010011111010000011100101101011011100010111001100110011111010110001111010
100111010011010111001100010101011100111110101101000110101010001110111101000001111001011011100110
010101000001010110000100111110001100101100111100000011001110011001110110100010110110011001101110
010111000000010000001000011001000001011111111110100110101010100110110000100010100011110000100111
011011010101010111011001110110101010111111001101011010110011010110001100110100010001100110110000
000000001011011110001011111101110011101011001010111100111000110100010111000100100000001000101011
100111110111100110000001110111001100001111000101100000100000001010111010000011010100011000001110
101100011100011000100001011111101010010001000100111000110010010000101010011010111001010010001001
000101000111101111001111001001111101100011100101001110011001100011111011000001000011101010001010
101001010010011011000011100100110101111100101010000110001000011101101100001110000000001000110001
101011011001111100001111000110000001101001110111011101110011011000010001110110010101100111011110
100010110100001100010011011011101000111001000101110101001000101110111111011111101001111111110111
000001110111110111000100001111100011101101001111100100010000001111011100001111100111011100011100
110000001110111011001110111011111100101010001101011011100111011000100001000101100001101100010110
011001101101010111101011111100101010101000000010011100101110100010111100010111010000111001111011
111110111010000100011000010111110111110010101001011011000011000001001001111110110101010001011110
011010110100100011011010011000101000011001100101000000101001110101001100000100000011111011011000
100011100110100010010101101001010000101101000100111101110110110000101000000011100011110111000001
111010001011010101111010000101101010010100001110101100100001010011010001011010110011110001000101
000100000111111100011010001000010010101001010111010101100010110101010011111010101100001011000111
010010001101011000111000001010001001111110101011100101000100100101111001001010110100110100001011
010001100110011001010010100010000111011100101110110110000100010110001111101011101001000010011100
001110100011001001010110111110110101010001110101111010001111000110101011111101011010001101011010
111110000010100100001000001110111000111000111000011011010100011011010000100010100101001100111000
110010011000010100011010100111100100011100100010001111110100100110010001100101011110101011110000
110011010110011100111001010111110110000001011010001110100110010101010010011101011001110010011101
010000101101011100101100111111011010000011111111111010101000011011101011100000110101010110000101
