100110101110010010100111101100010001110011010100011101011011010000111100011000110101001100001001
110001011110101000001100011110100000001110101110010101010010001100001101001001100000000001110110
101010001011010010110001100111100100111010100010111000110101000111000011011010111011000100101101
101111111011001100100000001011001101100010111001101111101000100000111110001011111101101001100001
111010000110100011110100011101011100101101011101100100110111110101110111011100100100011110011011
100011001010001101100100000011011010101101001001101110100001110100110010100101101010100101110101
001000110111101010110111100100100101010110101011101010010110010101100000010110110001110101000100
111000011100100110000000011010000010010110101101000010101010001010011011001100101010110011010111
111000010101011000100111110000100000101110000001000011101001110101111101001110100001100001100111
100101000100011001011101010001110110100101011011110100111000110110011010100000001110000000101001
001110011100000111111101100011111110010101111101010001011001101111111011011111111011110100100001
000000100011110011001000000111111011010111011111110110011001101101010111000110101010001111001110
110101010011000101011100111010100100101011100100011110001000110001001000110001111010010111010000
001101101100111001110000100011000010110010110010010111000010111001110001001000001010101111100010
000111111110101110000011101111001011111111000000010110011111011111101000101011000010110001100010
100001000001000010111001010100000110100010011100000000000010011100010111011001010011111100101111
110000001000111111100000101001100011110110111010001101001010010101000101010100111111100000011000
001000101111110001110001101011110101100101100010110001001111000100010010101001000001000000100101
011000010000111010010010001011010111101011001010101110100100011001101100100001000100001010001100
101110001011100101010101110100010001010101010010011110111100110011111011110111010101001011100011
101111000010001110001100110000001011111000101111011100100111111000110101011111100110000111001110
100010001100011000111101110010010100101011001000110001011010011100011010100001000111001001100001
001101111001000110111010000111001100110101111110100111101110010100010110010100100000101100010110
011011110000100111001100101100000010011101100010101011110101110110111001100001001010110110111100
010011110100100010001001011000100010000100010111100000111001101011110000110011110001001111000110
000000011000010000010001010101100001110000011111001000010001011000100110010111110011111010101011
000111011010100000000111000000011000111010101010000001100000010001101011000100000000110110001111
101111110011110001000111010111010100000000001100101111011111111111101010011001100110001000001111
101101001110100110100000001100001101000110111100010101011001101000101100000111101001010001110101
100110011101110010111100101000001011101011000110000100110100011000000001111101101111001111110010
101011010100100000001111111110000100101101101111101111101010010011101100010010100111111000110010
010101101111110101100111101110101010000101011101101111110101111111100010001001011110010100101000
011010111001100010100111010010110001101101001110111010101100010101110011001100010000000000111010
001000001000100000011011111010111111100111101000000011100000111001101101101101110011110000011011
010010101000001010001010101010001111010000000101111101100111111100101000101010011111101001100000
110010000011001110011100111110100011001100000011101000100101111101001100001001000101101110000111
000001011101001101100100110101100010000110101101000000010011010111111100110111101111010011001100
001010000100101101111110000110101100000011010011010010111000011110111011010011010000010110011100
001111011100001010000010000110001100000111010110000000100110000101010100011100010001010010000001
101010101101100111110100101101010110111011100100111100100001000010000001011110010000000011100010
011010111011101110001000001010110010011011000100100000011111100011000111000100100110111100100010
000110011011000100010101011010011100010011001110111011101000111010111010000011000101001011000111
110011111101100010011011011101010001011111011011001001011011000000011001100011100000000011110101
001011100011111111000011101111010111001011001001110110011011011111111011110110111001000110010101
010110010111000100101010011001110011110011001111000110010101010010000101101010100000001011110001
010000010011011111101000011011001100011010010011100111010010010000100110110010110011110110011111
011100111010010000111100001101100000011000001100100010111101100100101111101011010101101010011100
001111000101010110100101001110110111010100111011000101010001110100010011110010110011110001000010
110011000000111010110110111011010000000001011100101011010010011101111101101011111101101101010011
111101011110000110101101100010000111010001110010010110001110110110000001111011110010010100010000
001110010111010011111101111111111010000100101101000101000011001010001111101101011011000011100110
001010110100111100000010001000001100111110100010110101100111111101010001101100101000011100111000
010010111111101000101110010101011010011100001001010011101101101101000000110010010011001000001100
001011111001111110010100010010101111011000111110000001010100000100100111111010101001101101011001
001001101100100110011111101011011001001010010110001111000011011110000101010111010001000001010110
010010001011111010010110011111100011010011001101011000001101110010110100011010001001100011001010
011010110110011001101100011011101111100101111101111011011010110111010110100000111101011001100100
001000001101010111010110100011100100101100000000010100000101011111000110111111001110010100100100
011001000101100001111010111110111010011011111011100111110001101100010000101011111110001011101111
011001110110110011001101011001000010011111010000111110001011000010010010001110100111111111010101
100010111001110001101100101101111000101111101110000000010110111001101011101100011100011001101100
111100011100100100011010111010000110010001100000010110111111000000010100100001000011001011010101
100000010111010011110010111111111001111101000000010001100000101111110101000110010110111010010001
011010011110100001010000101010000100110100111011000111001101110110101110101101100111000101011010
110011011111110101110110010101110110110001000000101110001101001110001001110000011110100100001101
111001110011000000011100001110111110000011101000001110110110100111011010000010000101000110001011
110100101110101110110101101101000110111011101000011110111000111110011001100010111100000110000000
101110100011101010111000111001001001011110000001011100110001010101101011000100111111110101010100
110011101100001111100100001101110101001101001001000110000111010001101110000000001000001001001011
000010011111001100110111110010100100100011100000100011101110101111001000000101000110011110010110
000110110111001101001101100001001001011111100110010011000101101010110101101001111101101011111111
001110110000111001000111000111111101010110111000100001001100110110010110000101100100001001010100
100110000011001101110001000110011010011110100011011100010111011011101111011001101111110011011100
111010101000101010001000100011110111101101000010111011100010101110011101101100011111100010110011
010100010100100000010001010111011001010110010111101000001000100000111110000000001010110110111011
100001110110011001011111000111001011000100110000010101010100010111011111011111001010110001010100
000111100010110010111001100111110101011000001010101111100111111101111000110110101111010100110101
000110101111100110110000110000001100110010000110001001011001111111001000101001000110110011111010
100011000100110111111100000010111111010000100000001000000001000100001000000001011101000100001011
111110011000100101111110110100000010010001100001011000011100101100111111011110011010101010001100
110011100001011011001001100011101011011010100100000110100010011001110001011110001011000011001110
100111011000101011010000101000010001001001111010110111111011111010011110011111010011110000101011
000001101011011000000001000010110010001100110101010101000000010111101101011110010100010010000011
100011100000101011111000110111011111101100010101010101001011101110000010011001010010010100010101
010101011110001100101000001110101110110101001010100101110101000011110110100100010000010010101001
110101000011101111011010100001011000001010111011100101001011110100110010110001011101000000100000
010101110010000000010011110101100010001111111111110000100010000101011100001010000110001101000010
010000101000011000111010100000001011000111000000111011110110010000000111010100001001100000110011
111101001010101010101111011100110001000010111001010010100101010011010101110010111111111101001100
100110001000111011100010110000011100000100001111001011110100111101111001110001110101010011101111
011100010101101001011101100000110101101110101111110100011001111001000110011111110011110010110110
111011111010001011111100110011111111010011001101100100010000001011001101001011101011000101010011
101111000111010010110101101110101000101000101100100001000001100001001000111111001001000100010111
000101010111111001010101100101101101100111111101010100101010001100011011100110011000101010101111
001101001100000011001001101000001011100111100111111011011000111101011110000110011011001101001001
010100110111011110001101010101010000011110101011000011100001001111100001111000011110010111000000
100011111100111100001100101110101101111100011010010101011111111110000001101001101110010101010101
010100001001110100101100100110011101110011100010000001110010101010101001110000110010000011100011
100111100010110110100000011000110101010000100111010001011010100001100001100010000010010010010111
111010111010001011110100100010001101110110100110001110001111111100101001110101000000000010010100
001100000111111110110101101000101110011010001010110100011110100010110001010111001110100111010110
110100011100110011000100111101100110111110000010011111100001100110000000001111100010001011110100
100100000101001011101101010111101001001100111010101001111101000100010001100110001111100011101010
111101101110111011011001011111000101110101100011110101011010110010110110000001001110101001011010
010011000111000010011011000100110110010001110011101100100110110101000100111000011101100100000011
000001101111010011010000011110000101110000111110011010111110010110100110001000011101001111011000
000111001110011111011110111001100101001111001100110011101101101111100000101010100011101100101010
001011011110111000110101111101100101110111010101111100001111101001100001101101010000001111011011
101101010000111000011000001101000001000010010100011001001011001111000111011101001110011000001000
010010101101000011111110010100000001110111110000110010100000010010011110110110011100000011001100
101110111101111001001011110000101011001001100011000001011111111110000011010110111101101100011100
100010111010101010100110110001001001101000110010011011011011010111100001010001011010111111011111
000100101001101001110101100111110001000010000100111100011001110011111001111001100011010110100001
111011000001101101101100001001000100011010101110111011100101101101011010001010110000100111110100
100101110000000011100111001101000111111101101100011001011011001111111101001000110011000100100110
110110111001111001111100100001111110101101100010011000101001010101010100011000011011000001101101
010101101101000000100110110100111001100001001101111110000001110000100101000100111101001011100000
100001111011011001101000110010101010111001010001111011001101101110001011011011010101100100010000
010110111000011011011001001111001000001010000110001001100100011011010010101100111001101110100010
110111000110111000111001011111000111000011100001001111010111110000110101001011001011110000010001
010111001111111011001111010101010001100011111011110100010001100110111110101011110101010100100101
101111100010100111100011011011110000100010111110011100100001100100011010001111100001010001101000
010000100001011001101101001011110011111100101001100100111000000100011100100000011100110000010101
111000101111010011000100000010010100100111111110000110011110001100101001101011110110110110000010
100101101111010110000000111110001110011010111101000010000111010000111111101010000000011010001100
100010000001111001010110101010111010101101011001101101011100100011001101001110011000101101110110
111001101101101111111010010100001101011010011100001000100001100011010000101011111001001011010110
011101011111001100100010000101100010000101010000001010010101000100010011011000001001000101011000
000011000011001000011001100000010001010110001110110100110010011001001000010011000000110001111011
010101000011111100100111110000101110100101111011001010001101100011001101010101010000101011111100
101110101000000011001011010001010000000110001100010101110001001010001101000111100101011000010101
110110011010101000011011010110001110000000001000111001011010000010011010011001001111100010000011
001010010101011010010101001000100000011110111010011011010010101001000100100101100101010000100011
010101011011110010000111000011001101100001010111010000101001111001001110011001011000011100010011
001110101111111110110110011001001000100110010011000000010010011101010000010110001111110001111101
110001010011110011001111110110010101110101100010111110101111000101001100101011110111101101100100
010010000011001011101000111100110101101111111111000110010111000000011010011010110010100000111110
101000010010000100001001110110101110010101001011000111111010111111000011011010010100101110110000
111111001001011101111101101111001010011111101101111000001100111010001111111000010011111010110100
110001100110000001001000010110000110111110001100011101000011101110100000000010100111101111101011
101110001001110111101110100000001110101100101111101111011101001010010100101000101001110011001110
110110110011101101000000001111111011110010001011000011011110011101110111101101000100110000100000
011010101100001001111001101001011001001011000000000011110100110101010010010011101000010110011100
001000110110010011101001011111010010111110100010110000110000110011101000001011000101101110100010
111010100000000111111001001001101010100000010110111000100001100010110000000001011101111010011101
011100011011000100100100001011010010111110010001011101101010011111000100101100001011101100101100
010010101000001011101110011001100101011111100111011100100000001101110010111001101000010100001001
001110010011011011110001111010110100101100101011000011101110000110110001011100010110110011010000
111010011010001001001110101000100100010000001001001011110000101001001100110100101110010101011100
001111001001000111101111100010110011010001000011011110011101001100100111100000100111010011101110
111111011001111100111010011011101001110110010000101000010110000100000011011111100011000010110100
010101111011101011100100100110110100001010110011110001000000010101010000001000100000011101110011
110101011110011110010111100001011010111011010010110010101011001000011100001010111000010111010000
110111100010011010011100010100101111111000001100000111010000000011011101111101011110110010011110
001001011111110100011110100011011101010011111000000111111000001000011011111111011000000100010110
001001010100000101001001101001111010111000001000110100111100100110010110110111110011001101000100
101100111101100011011101100000000101001101010111011000110101001101000010100010100000011101011111
110110011010110101011110110101000100101001110100010001010011110100101101000011110001011000100000
011001101000110110111101010011111010001001011101100110011001100011111001000001000010001011101100
110011011100101000011100111100010010100000111101010101001111101001110010111011010010010001100010
010010010010100010111101001111110010100100011111001110000100001011000000001111110111111000100100
100011110010110101111001000001111110011001100010100011000000101011111000011000010100101111101101
111100110010000000000011010000110100001011010110110000111111101000010100101010100101110010011001
001001101100011011000101110010100001010010110110010101011011001100101110001010101101010100100011
101011100000011110011001000000110010000111001011000110010001101011101011111000011101010110101101
001011011101011001101100111100101111110100010100001001000110010010101111111001000101011100100000
000011011011100000101100011111110000011000101101001010100101011101001110000000011100011010101111
111011000010101101011111100100011110010010010100101010011110010101010000000100010110011101001010
100010000101011010100100011001011100111010101010000010001111110100000111011010010100001110001111
101100110000001101110100100011010110011001011111101111000101100101011001110011010000001010000000
100110000000010111001010101001111001011001000100010011110001001011110011110100111000100010100110
001000010101000000010100011010001100011000101011001100011100100101111011111101011001100000000111
111100111000011001001010000111111100010100100111010010010000011001010001010101000110000110110111
101111110111111101001010000101101010000000100011110111010111111000001001100111100110110010011001
001111011101001110111111011111010011011000011011111000111000111000110101100011110111000100001111
010000111110001000010101011111111001101010100100110010000110110100101011111010100111010010001100
011000111011111010110111000000101011011011010100001111100000111010111100111000100010101000111010
011110011001001110011100000010101111000010010110101000010101011111100000110110111000001100101001
000100000110010100001011011110000100010100001011001010100110100001000010110110111011001000011101
001000111011011100010111111111111010000000111000101001010111011000010100111011101111001111001010
100110101001000110000100101001000000011111010111110100010111111100010001011110101110101101010111
101100111000001101101101001110110101011110000101001111101111100110010101100110010100000110010110
110110010101000101110000110010011111100101100100011011011011010010110001011001001000000101110010
011111111011010110010001011111100011000011101101000010110001100000010110100101001101111100000000
011010110010010001110110110001001001010101011101110001000100101010100110111001100111101001111000
011111111000110000001011010001101001010010000000001010110111010100010110110101010001000101110100
110011001010100101001111011011010011010000010111000010011010110011011000010011011000011000000101
100000111011000011010010101000010011011100101000000110010100111001000100011011000100001001100001
011010110111011110110101101010011010100010100011111111000011010110110100000011000100101000010101
001001010010101011101011010010001010111010100000100111110001110101011100010001000011001001111100
100101111100011000110100110000101101100011010111001110111101001101100110100111010110100110100101
101100001001000011110001110110010111110110010101111110111011000011110111000001101011100010111000
101001011110010001111011110001010100100110100100011010011011100111110110101111101111101100100000
110010000010000111110001100111110101010101111101101001100000100111100010010011110011001011100111
001000010011001011010011000000110111010000111111100011000011000101011011000000111011100101001001
100011101110111111000100111111000100110100010001000101001001010111010001111001111001110000111011
011110100111100010110001100110000010101000111100001000110100111000001111010111001010000101100010
010001000000101000111110111101111110010011100010101111001110011001000001100010111100100010100011
101000011010110000001000011000111001011000111100010011100011001101011101111010001100010010110001
011111110011000000100101010011001001001010001011100000100010001011110110111000011011100100000101
101110011111011000100000000101110010111100001110100011101000111001011000011010100110101010111100
101010011100011000011100100010011001011101101010110011011010000001111011000010101101001001001110
010010010001100011011000101011110011100110110010111110010001001001111110110010010100111001101111
011101101010111011010010100100001011001101000001001000101011011001000110111001100101001101101101
011011000111010110000101111011001110011001111001000011011111011011001010111001100001000100001110
100100000101011010110101010001000000001101110011101001110111110011001111100000100101111111011011
001111111110000100010010101100101000010011010001010001001000010000010110111100010111110010010101
111100111111111110010001010101010001100010100011000001010011110101101010010011101000101010000001
111110101101011110000110101100011001101000011111011010011110011100100010101001000010101000110010
000001101001000110011100000000100000000011100100110010001001110101011001000000011111110100101001
000100001000011101001011111000101100111010001101010110000011111010010111101011111100011011110111
111001101110010011000011011000011001011110111100001100011001011110000110011101001010001011101011
100000000100111010011110101111011101110000110001001100111101001010100010101101010000000000010000
101110100010110000000010110101110101111100001110000010100110010011011101100011001000110110111101
101010100000000111001011001001110011010110010111110011011110011001011100110010100100100011100101
001011101001110100001001010011010010011111010010011111111100001010000100110100100111101100110110
011000010101001100110010000111000100100011000110101000111001010011111110011110001000001100001110
110100100110100001011101011100111011010011110010100011100011001000011000000011011001111010010101
011101010110000110101010001111000101000101100000110000001111000111011101010000011011110011111100
101001011111010111110000011100011000110011000110000000001011010000101111010010110101111101100010
001001110001010000001011011100011010110000010100000000101111100000101010001010010001001001001011
101101110011001100100010110101110010110010111101000001011001010110110010010010011001110010001000
010001111101011111000010111000010011100001100111111011000010001011100110001000011110111011010100
110011011001111110000101001001011110110000010100001010101111101000111111111000000001110011101000
111011110111110011100011111010100101011010110100011001110001100010111110000001111101001111001010
000001011100011000110000001010011101001001000111010001010011101111000110000110000011010000000000
001101110011101011000000011001100001000011100001100010101111111010011101110011001101111110101001
101111001100001100101001011100110101000011101000001000000001100010001000111000011010101010010000
110010101110101101010001101110101000100011000001010011100000000011000111110100000101010010100100
001011101101001110110001001001110010100100000001001001111101101101100010000100010101001101010010
000011000000011111110110011101101100101011001100110011010111101010110011110000000010110001110001
011100000000011001011110110100000000000110010111101010000111100100000101001001000001100101000110
001011000100011100110100100100010101101110000100001100101011011001010111110110100000100110111000
100100101101110100110011101001001011011000101100111110011100111111001001000001010000100110101010
111010011000011000011100100001110100101001000100110100001001001110010001101110000100110010010010
110110001001111011111101000010100101000110101101001000000110111010100000100010110110100010100100
101000100011100101011100000001110011001001000000011001010000111111110110100101000101011110000110
001001101101101111100100000100001001000111100110000011100001101101100001011101101000000100101001
111001001000011111001000100100001100110111101010000011110111101100111001010101011010000000011010
101110011110101011011111001101010100111000010101001111101111111010011100111111011111110100110110
010011010111010000101011001100110111001010110110011110011101010100100011100011000001101100110001
110001110010110100101111110100011010100111111001101101011011001110011000000111100111001000000011
101011000000010011001011010100111110100111100001100101000101001100000100000110100101001010001101
101011001011000011100010111001001010000111100110000101001110001011111000001110011100111100110110
111101110010010000100011000001100101000001100101110110100000010111010100001000110010111100110011
001111101000111110010011110001100001010110100001110101111001001000010010111100110000000001010011
001111100111000011111111100011110010110011101101110011101111110100001111010000110100100010010111
110101111110111101001110000000010000100111011101101001010011101100101010001101100100100001001101
010101101110011000000010001100011101110111010011010010010010100000001101010100110010110111011001
010001100001000111110000011001000000010001000101110010001101111010011101011011011110010010001010
010110100001111100000100110001010010010110000001011101001011000101110110001111001000110101110110
111010101000010011010111010000101010001011001110110110001010111010011000000111010110010111110111
100111000100001100001111010001110010100100110000010111111000001011100010011101001110110111010000
111111101010001001100110010000101011111101100001001011111110111110010101111010110110011100101010
110111101100101101011011010011010110010101111100001010000011100001101111100110001101111101101010
010111111011101101000100101000100111110011100100000101000110111001001011011111010101111001010101
000010101001010100011100011010101100100000000111101111100100010110111101001100110101001010111011
110011010101100111100010101001110010101001101000100000101101101111110110000001111001011011100011
101001111000010010001101011111110010110010111101111000101000000001001100001101000010101001110101
001011111110000111001010101001001010010011101101111001110011110101100101010001001101000010110001
001000100001101001110010111011010101100100100111101011010011011010101100000110001011101101001111
110100000101001101111100010001001100111100101000101101101001011000011101111111110100100111010110
010111111100100111100001000111010001100011110100100100111101101001001000010111111101100000100111
011101001100000010101101000011111101101001001001001011001100010000011101101011001110010001100100
000000110111111011001010101000101010001100110000010000100011001011010111010100110011101010000111
011001110000010001000101010011010101010001011110001110001110100010001010011001011111001000110101
001101100000010110100101110111111110111111001000100110100010101110011110011010000100010001011001
010111011010001100011101010110111011111101000111011000010110000010011011010110111100010111100001
100111010011111011010110010000010101010000100100011011010010001101010100011111100110100110001001
110000010101011000110111101101100100110010111000100110111111111010010110100001100001010000110111
110000110111010010000110110000001101011001010111110000010101010110110000100100100011111000011010
110111010001011111010000101011101001110101110010110100000111101011011101111101101111000000001101
101101010010011110010101011100101001001110100100010010110101100101100001110100111111011001111101
101110001010010011100000011011000000010001110001111001001010100001111000101101101010011101010110
011101110000101001101100000111100111100000000011010110111111000011000010010100111000010100101100
000010010001010110000000101111101000010100110010110111111110001010001010011011111011111011000001
100001100010011011010110010110010100011001001101011010001000110100010010011010000001010010110101
100100101011110100110010001000011111110011101111001001110101001001110001100110001001111111001111
011010101110000010000011101101000010110100110010100000100000111100001010100100100111011000110000
000001001010111110001111000010011011000011111100011100010111111110010010000101001101101010001101
000010011101111010011011100000000010100000110001110101110111110001010000001110010001011110101010
110100110000111110111110101100101101101111110001010000111001011010110001000010010010101000001111
100011000001000000101110010000011000001010010010100001010001111101000101010110010111011101110010
001110010110000001110101011110100101001000010000110001111000000110101100010011100100000001001111
100000101111000000110001011100100111011100011001101100011010011110010100100111000101101110011111
111000100110011010110110101010100100000001000011011101001000011110110000001101100101001100001000
011101110010100000001000111111110000000101000000011000100011111010100010110001000110100101010001
000001010001111000010001100100010110110110010010111001100101110001110110001111001011011010011000
110101100110110101100110010000010001000100110100001111010000111000001001000101010101100010011001
010001010101011100000110010111111101001011011101110011011010011010011001110100101010010100011000
011101010010010110101111010000011000011100000110010100101101110011101001110110110011110010001111
000011000001110111001010111101000011010110110011000101000000010111010111001001110011110101011000
010011010110001100011110110000011100110110010110101100101000100010100011101111001111110010010011
000001010000101111100101000111010110110001101111001010101001110100000010111111110000101001000011
001101111001001100001100110101111100001000010111110011101101100000001111101011111000111110110010
101110101010001111001111000110111101000101111110111000001011010010111111110100011001001101110111
111000111101111010110001000001000000010100111100010001100001100011010101111111101000001001111001
010100100110001101000000110000000101000100011101010100000001010110110010101110101000010010000001
010101000011110111000110101100011011110000001000000000101010101010110110101010100000100110000111
111010110110110100001101100110101000100011111110000111010101110111111111011001110000000011100001
010001011011100100001100011110000101000000110011010101100011110010001000001000001101101100100100
010110000011110000100111010010100111010000011010001001110010011101100001101011101111000000000000
000011011010010111001101000100011000011011110100010111010001110011111110100011100101011010100011
011101001111001000101010111000001101101111001101010100100001011010000110100011100111101001001000
110011100010001101110101010011111010001011001111101111001010000000110111011001011111111111101100
011110011100101000101010100001000010110010000001000110001010010101111100001101101011010100110000
011110100111001011110001110001010111101000000001000001110100010110100100011011001001101000011100
010010111000011111010011110101011010101111110011100000111110101100000101001101100100001101011010
001111100101010110010101000000100010101101101010111100110011001100110000001101100001110010110111
000111101100001110010000110111011011010100101000100101110000100101000111011110110101010100100111
001110111110111011111001100110001101010100110010110110011111011001010001111001101100100110101101
100010111111000010100011000111001100111010110001100111100110011111101111000111111000010010101010
010100001101110111011100100011011110010100011100100101000010001000000001100001110100011010111101
010011010001011101111011101111101010001101010101111001111010010011011111110111111100111010110001
111101010101011100001110001101001110101001100010100111100001000110110001101110011101110011010001
001001110011110110011110110111101000011000010111100001110010010011001010111101100001101000100101
101100111110010000010001000001110010001110001101010000101011010110111000001101010000010000110111
110101011001110011010001111000111110010000101000011000010000111100011110101100110111100101001110
101100101001011000000101101011110111110100001000000000010001110100001001010001111010111111010100
101101111011011100001010010111001011111001111110100100001001110011100011000011010110011110000011
100101100001101111001111010000001000011000110011110100001010000100001011011111001000111010101100
000011011101111010011000011001100001101101001101110001100011111111010000101011111101000110000101
001001101101100000001100000011111110101001100000000100111110001100001010011111000111010111011100
101111111110011001100111011001111110110010011001110010000110010111111111101000101010100011001011
101111000100100000000100100011111100101000101010010101101010000110101000001001101011010000001000
111111000100100001100010111100100111010011101101111100110100010011010000010100001101100010000101
001111001000010010111100001010101111000010111111000110110001001111010011111111111111111001111011
110111101101010000001001110110001101011110001001101110010100110011010111001100010000001100101110
010010010101011111011001001110100111001110010000101011101110111110001100010010010101100010011100
000010011011001110001110100100111110110000101000111110101000110001000100001000111011000110001000
110000010110010101100110110011000010100111110101011001111100000111010110111010011101100011001010
011001111011000001011001111100010111010001100011001110010101011100011110001101101010111111001011
010001011011000001101110111100100011101101100001001000001101101100001110011110110011011010110101
000011100010001110100110000011011001101001111010110011000100101111000000000100011110111100100000
101011010111010111111101111101011100011010110100111001101110110000111001011001001110010010111000
001000111000011010000000101011100011101111011101100010100001001100000100100100000000110110001111
010011101000100001111000010001110011111000011000010001100110000010011111001101010011011100100110
111010001001001111010000101011111111100100001110110000001110101110111011001101110001011001001110
111010110100100010101101100111110011001100110111001001111000111001100010001011101111000001000001
011101010110110110100101111110101100110000101101011001110010110100100011011100111000111110011110
100011011100010101111111110001110111111011011010111110101010011100000001001001110000110110001001
011111000000111110111000101011100011111100101100010100000010110001110000011111100011100000110011
111111011111111101101100101101000001010011101101111110111001110000001000001001011100110101101001
010001001011010011001011010001110001010010111110111111101101000011010011011101000011100110100101
100110011001001001111001010111001110110010100001111010101101010000010010110110111000010000000001
010101111010011101001110001001101110111010101110101000101100110111001000100010110011111111010111
011101011100000110100111100100011011110110101011100000010000111000010011001111100010010001101001
001111100100110011101101000000001011101010100110110111100001111101010110111111100011111001111000
010101111010110101100110001011011100100011101001101001111000011111100000011001000011101001101110
101010111001100000111010010011011100000101100001000001111101101000011110110000110111100001110011
010011110110000000101110001101010000100111111000110110101101110001010110100110110000110000010100
010100000000000011101011001000110100101010010001010100111101000001010111001110100011001111110110
010001101001101011100110100010011110100011001001001010010011110100000010100100010111010001110000
111011111111110100001100010110100011100101101011011111101111111110110010010110001110111011000101
101111101000011110100101011010000100100000110100110110101001001111010100011100100100101100010000
111001000110011011100110110110001000111110010010100001010001001011110101000011101010110011001001
101010010011110111011100101001001111001110111001110011100110111110010101101001100100000001110011
101010111111101011111100011000100101110000111111101101010100110011101100110110101100101010010010
001101011001010011001111110000000110101100000000011011000001001001100101010111111101001111010001
111010001101001101110110001001110101010110101110000010010111100101000111010010001101101000011110
001001010011101011011011011111010100111011100001100101010000101111111100101110110111000101100000
000011100011101001111001010011001111001101110101000101111101000110100110001110001001010111110011
011001100101100001100101010011000000100010000011101011100001010001110011101110110011001001111110
111010010100001010111100100010100110000010000011011000101001010000001000100110010010000000110111
011011010010110100110110111100111011011010111110011100101010000011011010111111000110011001101011
110101000011010011101101010010101111100110011100101000100101110010000011011111100101010101011000
111101101000110110111001111100001010000100110111101010100000100000110101010100101110010100101100
011001010001100010010011111011001001001101111010110101001010000000111100011100111010111000110000
000011110001010001011100110001000011111000110111111011010100011010001001011100111110001110011100
101000100010001110001000001100100000110111101010010110010101111101011010010111000011110101100000
101111101110010100101000011101110011000111100001111011111000111001000010001001101110001100000010
010000010001100101111000010111100111100010011001110000011100001100000001011010111011111110111100
001011010101110101001010101001110001010001001000011111100110100000111001100011011110110100000110
111001001100001001101110001101101001010100101011111100000100101111000100100000011100101010000001
100011000111110111001010110001110001100010111110101111111100010110011110010111001110100110100000
000100001111111100010100101100111000101000011110101100111101110101101111110000100001000101010010
111011111100101011000101101100011001111001011011100011010010100110110110000100001000000101111111
000101011001001111100000010110011100101101101001001001000011000010010000101111000111001001111111
111100110110000100011100011110110011101011111111100101011101110010101011001011000000111111110100
110100010111001011110100110111110101110001000001100111100100011011000100111101100111011111001110
001001011100001011110101110000100101110110110110000100100000101110111100110010111000110100110100
011100000101111111111001101011000110000011000000010101000111010001111000110100011010100001101000
110001000001001000001110101010011101111111100100011110011111000111000011010010011000000110001000
111000110010100011011111010001100001110101100110011001110111110000110100000010000010101100100011
110111011110111100010100010111101111110111010011001010010011100111101110011100101001000100111111
101011000101010011001100011100100001001101010000010001101110000010111011110010010110101110100000
101001000110011011111101101100101011101111010000111011100011110001011111111001110111000111011001
110110101100000011010011001101000110010111101001011000001011010000101010010001010110000110001000
011100111011110010000110100011100000010111100000011001110111000110101011011110110011110000000101
001001000110110101000001101111010110100101100111000010110000100111001010001111101111010011111111
000001110011001011101111001110100000001010101010011010001111010100001110001100011010001101110011
110110011100100110111001100101101111011001011010011111100111100110111010111101000000001000011110
100111101011100011110000101010111001111011110101101110010100100100101011110111000101011100010110
100100101100100001011101000111001100000011000011011011010001011001111110101001011110001010001011
010010011010001001001110000110110010100110010001000010111011011011100100010100110011011100011110
001010011101001110101101101010101111000100011000111001011001111010101000001011101010010001010100
111010100110000111000111011000111010110001111000010111100010100010111110111100010101110101101111
110110011010100010101000001111001110001010111100111001010111011110110000101000111100010100111110
100111101011000111110000001000010000101000111001011110001011000101110111110010101011100110011111
000100110101011010001111101011000010010111111101100100100010000110011100100111101000110000101111
110001000000001011111000111001001001011001010000101000001000001001110011111010110101111101000100
000001100010001011111011000010000100101010001110000001010000111110001000010110101011001110001111
011110111000000000100101110010000110000101000011000111110011100111111001100110010100100011110001
101110010110000111011000000111111110111111100111110101011101011000111100001101101000110100111111
110111111111001011011111011111011110000000111000101000100111111001110101011111011111000001010010
100101100011011011110011000010111100101001001011100101111100110000000111000100001001110110001110
000000101110101100111010101111011001111111011101101101010101101000001011101111011100110001100111
001101110000110000010000000001010111101110000100110011110010101100110001111110010001111101111100
000001010000010111111111010100110100000011101010100111010000001010110001001101101000010111000110
111011100011101101010011000010111011001110111101110110100001110111010001100111000100100110110101
101000110001100010001000110011110000011010010100101001100111000110011110000101101111000011111010
011100001111111000001100000011111000101001000010111111110010111101001010000011010010101101011110
100111110101101010111100100100111011110001100011010111011101111110010111010111111101100100111111
011110111000100010011101010111010011111001010010011010000000101111001010110101011000001100001000
110100101110000001010100101101100101000100000110110101011001101110001110000111101111111001100011
010111100011101101001010001101010111101110000000111110001111111111110011010010001100100101110010
001100110000111111010010101011101100011000101100010101111111110110011101110111000010111101101100
111110011111110001010101101010010001011110100000101011111000001001101110101011110111010110010001
110001111100100000011010011011001111010111100111100110100000110101010101111110101101111010101010
110011110101010010000001001110011001011000011000000111001001011011011010001010110000111000011111
011011100010010101111010110100100100111101101011000001111010010011000000100000100000001010110001
101000000110110111010000001011111101101100001100011111110011000011101111101001101001101100000101
001101011000100001101000010000111110101110011001000001111101000110000100010100000010000110001101
101000010010000011100010000101111001100000100101010001111100001110001000111111100011101010011100
111111100100101100101110101110011000001000111000010111101110001101101110110010000110000000000001
011101000100111100001010101010100100100111110011110000110101110000111110111111001111011101001110
001011101101111101100001101111010110100010111100100110111111000101010001000110010110011011110111
110001100011100111111010000011100011000000001111001101011101011000000010001000010010010111000100
110111010110000101010010110000101000100001111101001001110000100100111000101000010101011001101000
010000010010011100101000000010101100010011111010101111011100011101110000001011101110100001001000
010010001101011001110100101111010100111000011010101000000010101101111010000100011011100100100100
001111110011110010110100000011011011001010011110101100100000100101100011110111011101011001011101
001110000001111000000000110011010011110001110101000001111110110010100101111100000100000110111010
101010011010010001011000110010110010010100110100111110111000011011111101000111111101010010110111
011011010011011100001101011110100011111100100100100001110100000010110001111001000111111100010100
010100101110010000011010111111100001101101110100001111011111011010110111011011000001100010010110
110001111110100010111111101110111110110111000010111011011001010011100010101010011001101001100101
101010110001011011111001101010100011010110011010100011000011110100111111000010010011110001011100
111110010011001001111101100100100100010010110001000100101011001100111110000101111000001101101100
101011000011110101001000111111110001001011111110100100111111000001000011010101100011000100010011
011000111000010110111001011011100010100000110001000100111010100000100100111010010001000110111101
010000100000001110000110010000011011010111110110001111011000011001010100111001110001010100101101
001001000000000000001101110000111111001000110111100110111101111000101110010000011000101011001101
000010001011001100111001000101111110010100011111110000011000000001101001110000101010100100000000
011110011011010000010011010100110011011011000010111111001001011000010000100100101011111100101000
001011101010110110001100100101100011011100001110111011010100001111110100111110001001110110000001
010111001001001000011011111110110010001110110101010101110010111101000100100001111101110001100100
110101000001100110011100110011110110100010000101001001100101010010110011101101001001000110100100
110010111011101101011101011001111100001011001110001101000000001101011010100101101011100011010111
010000011100010010000000101110101110011010101001011101101101111101110011111111000100101001001001
110100101000111111110101111001011111110011010100010001100111101110000001111100001011100000111011
001001110010000111111110101101000101111000110001011010101010001110100010010000010101110101011011
101100001001110101000011010010101110101100000001100000011111000101100111001010001001101111110100
111011011111010110010111101110101010111000010101100111100000101001100000010000011011001010011100
111011110110010001100100100001110101110110011110000001101110101101110100111101010111001100110100
000011111011100101011011010010101000011110111111011100101111001001101101101101000101111101101010
110111011011001110010100110101111011110100000001101011001001101001110000000011110000011011010010
010111111011000011110000101101010110110111011010101101010011000000011010001110111010101100100000
010001100111010001001001011000100101011110101110011011101100011010000010011111100011101110111101
001010101010010110110001011100011100100110101010100110000000011000010101000110100100111011100100
111101100010111011000110010001110000010101100001001001001001100010101001001111100010100000111101
101001110110011010101001100000001101011100010110000100110110110001001011100111100011010101010001
100010011001010110101110010100101010001111000101101010111101011010000101010011101101011110110100
010001011111111010001001011000000011111001100100011101010111101111001100010110011111110000001111
000101111010010011010110110000000000111100110011010010111101000001011011001010111001010110101100
011000100011101110000111011111011111111010011011100110000101010000010100010110011011110110000101
011101001100101110011110101011001010101001010011010110111011100000101110111001110000000010000010
100110001001001010011000011010111111101000010010111000000001101101000100001111000011000101100011
111111011100011111100101111000011111110101110000111010010110101100010101000111000111111101111011
000000010100011101110011001110000101000001101101100000011011101010001110011010111000010110111011
100101000100000001010010111111100111111011110101010111000110101010010101111000000110000010011000
100100100011010001010000110010010011111111000110101010100100111000101101110000101100011010011000
111110111100110111001110011111001101000111010011011011100100000100001011000111101110001111110001
110100101011100001000010110110011110001011011000100110101001010110111100010110110010000000100110
110011000000001101100111100000010110011100000001111001001010111101111011110110001100111100101101
101111101010110011001110011001000000100010000010110011110100111100101000101000111010011011111101
101101101001011000011101101001011000110110110100111011100110000010001111100111011011101010011000
111111010100101101101111000100011011100001010101011101011010111000101100000111100100111110000011
001011110101001101001001011100100100000101101010110111110011110001100100001011110111100110001011
001000010000101011011001010101011101111000111001100011010010100110001011010100110001011101010000
001010110001101100000111010111010011101010001001010010011000100101110110101011001010100011011101
110101011100111011111011000110110101000100100110000010011011010100101010110101011001000111111110
000001010010000010001001100100111111010000110001010001100110010110011110110000101100011010000111
100100101000011010000000110011001111000011111101001100101111101101010001111001101011111111101000
100011111000110100001110011100001111001101011010100100110011010111011010000100001111001110110111
100101001101100000000001011101000100010011010100111011101110101111110101110100001111110111011001
000100011011111010100011001011001001010111111000101000000010000100100010101011000101000010011100
100000101111001110001001011100101111111011000100011010010111101100011011001011100101100010110001
100110101001000010000010110000010111011000000011101011010111010000110101001101100101000111110011
011101111001101001101011011110010111111110110101111010100100010111100110100000001000110001111000
101011100010001101011111100010111101101110111011011000010001001101110111100010110100010111101011
100111011011001111011001000010000111100111011111011001010011000000101010100110110011000010000011
110000111110100010100110101010000000101011111011010010100110001111110110101101111000001100011110
000110010110001111100110001001010000011110011100111111011110000100100001100010010011011010111011
110111101010011111110000110001001011011101100000110101111111000000111000100010000100000000100100
010100111010100010001010010110010100110010101111111111110010101010111100011111001100010100101111
010101110110111101011010101011011011000011001100110010011001110111111011001000100101111111010010
101111100010011000000001101101001101000110111101101111011010011001100101111001111010100101010000
101101111110010010110111011110011011011101100101101001110110000001011011000100001101000010000110
100001101000001100101110000011011011100011111010000100101001011111100111010101110000101111000100
101100000101000101100110001110100111111101001010110011111000111110010111100101111111100010101011
111001110001000101001010101110001001100111000111011001011010011001101001011001001011110001100011
011110010110100110010010100101001011110011101011111100100010001101000101101011000001110111000000
010000000010100011101000000101111100101001111010100011001011110000111011010111111100101000111100
101000101101100000010001110101001110111011001111001000110110010111100111101001010111111010000101
010001011100010000101010101000001011001110011111111011001110000001010111000111110010011111010110
101001011010001000001001110011010111010111011110101011101111001100100111010101001111000100110001
001100100000001101100110001100000111000100110101100000000001010100000010001101111011110100100110
010110000101011101000110111101111110111000110001001010110101010011001101110011110100110000010100
100001011100101000111111101001111010000011101011100001000001000111000011111100011110000110011010
001011000000101000100000111100010100000110100000010111111000011000111101010001100111011000001011
010111000010100100001110000001011111100001101100000011011001001101100111111111100001111100101110
110111110011110010111010100110100011110000011011001101101101001010101001000010100101110001110111
110101011001000011101111010111110110011111010000011010000010000101101110001110011001010111001000
010000110100101101000010000011101011111100111000010000101100110100100100110011000001100100110101
010110000111010000011000100111101101010000000010001011100111011000001000011000100111000110110010
010011100000110011010100000111011010000101110100010111100010010010000001110111110000010011111011
101011111000011100001100110000101010110000111011000110100000000110110010111011101101110100101011
110000110011110001001001100001101011110110100011111101001010111001000110011010000111110010010101
101010011001111010001110101001011011100101000111101001000101100110101111101000001000010111001010
110001110111110110000010011010000111001110110011101111101100100010010000011111001110101010101111
010111011001001001111111101101101011000011001001100010010101001111010000100111111111000101010101
011100110101011010010000100101011011100010000101110010100000000110000111110101100010110111011111
101100100001100100011011010100100010110111101011110100000111001000111001010010101101010001001101
010000011011011110111010100010100110111001101001010001011101110010101000111101011000101100110010
010000110111001101010011001001101111101110110111100110001100010010010101111110010110100000001101
001010110011111000100100010001011100011001010110010100110010000001110000110100010000010111111001
011101110110111001100111011011110100001110001011010011101110000010011110001110101101001011100011
000000110011111111001000100101110111010101110000011011110110110111010101000000110110011110101110
111101110100000011000101011011111001000011001010000110000010100001111010110100100000100100011101
110110001010001101111000101101010011000001100010110011010001111011010010001100000111100001111000
011110011110000010100111101001001000001010010000111011011000110010110100010100100111111100011111
001011101111001110110110001010001011001000000011011100111110001100000111111001101111011001001101
101011111110011001000111111100011000101110110110010100101011111000101000111100111101100011001010
010101001101101000111000001101010111000001100101001110100001101001010100011011011111010011110010
011000010011111111100000001101110001110101010000101000000011000001110111011101110010100100111100
000011101001001000110001111000011110010001000011100101100011111000000110100110110101111001010000
011001110101001111000010111010000111010010101000011011000000111111000001101101010000000101010101
111111000000111101110100000100111010101111100010000111010100111011110011111101010111011010011010
011001001001111110011010001001100010110011001111111010000011100001001111100110001110110100100101
010110010010011101100000100111001011000010101011100010100101110101100100111011010010111011111111
010110111111111001000100000011110010001110010001101001010010011001001010010101111000101000101000
000001011110110010010001011101110110010001001100100110100000001110100101101011100110110011111011
000101010111110110001000100111100010010000110011000101011010010111010111000100100011111010101011
010000010101101010010110101110111001111110100101000000010100111000100011001011010010011001111010
110100111100000100111100101100000010111001010110101101000101011001011111000010000111101101011011
101110111101010011110001000010011011000001101001000000000111001100110010101001000011101110111010
011000011111110001100110111010001111011111011110111101100101111010011001000110101111011000010010
000111001100011000001001110011001110011011010100100011010101110100001010000110111001011111011000
111100110001010001000101111101111001111001000110111111000101111111001110000000110010001001101110
010000101010010100011110010111111011001110110010101101110100001111001101100000110101100010000010
101101111001011010000001010100101011011110001001011110000011010100101001010000111101000111011001
110010000110011111111010110100010101100000010101011011111110001011101000110111101111011000110101
101011011111101111010110011111110110010100101110100110111111100001111101001011101111011001110111
100000111000000100001111111000101000110101111110110111010001011111100101110010010111000111101110
100010101010010010111011011110111001001100101011010111010001101000011001010000111111101001010111
110111111010000000000100100000111011101110001100111111010100101001101000010100010001011100100011
000000000011110100110001010101111101111110011011100101100011011110000111001110101000101011011111
001100010000001100101110001111111110111100011010010011001001110000101011110100000111000000000100
001000000010101000100001111000010110101111100010001010110110101000001111100011101110111011011001
011110100000000010110100110100110110100101110110110100100000101101001000011011101111001110011100
001011000101100001101111100100001110100011001101010001100000011011110000101001101000110101011101
101100100101110101100101010010011111100100101011100010001010111101001010000111110000111101100111
001010101101000010000100101111101100111010100111100011000001011001000011110001101011100001011101
111101101001110111000100111011111010010100100101000100000100001011101101011010101100010101001010
010011001101110110101000000101001011011001111010111000000000001100101110000011000010011000111101
110101011110010100001001001101000101000001100001001000101110100011101111111111001000011001010001
101110001110110011101101010111101110000011111000001100011010110110000100111010110110000001000011
011111100000000111110010101011110101011100101101111111000100001000001111101000000111001010001101
100101010001100110111110101101010111011000011101010111111111100000100001001000111001101111111101
001101011010111101110011101100011100001101101001011011110010000110010100001111000101101010110001
001010110110001110111111000101110000100001100101001111010100011011100110101011100101101110101101
100100001111001001111111111000101111000011101101111110001011001111010000100011110000110110111011
100010000100010010100000100011111100101110011111101001110110001101010011101110001100001000010111
010100001110101010101011110101000000011101111011001010111010101001001000110001100001000100110001
111001000011101000000011110100001100001011111001010110111001010010101100001111010110010010110111
101111111011111101100110110011010001001000010101101000101111101010001110101101001010111010111010
010010000100001011010110110100001111001011111110111011010001101000000100111001010110111111100001
110110100000110001111001111000111010001001011111110000001000101100101111110111111110101111101111
110111001101100000010110010001000010110001011010000101101001101001000001010011010001110110100110
011110111101101100010011001111001110100000110101011010101100111011111110101010000111110011000110
110010101101110001101111110000001001010000011101100000010000010000100010001101111011001001100001
001110010000111111000101100001101011111101110011001111100101001011011110111011011011101011101110
110101000010101010111000101101001010101110010011010011111010011011000000001001100101101110001110
001100100010011010010011110001101011001110100111011101011011010010010111010101100001101110111000
011000010101011101000010000110011000111000100100110111111001001111011011011101111111010010111100
101000010100000001010100100010111101111000010011100001010100010101001100011000100011101011000111
001100111011101000011011100101010011111100001101110001011001100011001000110100010111101000100111
111100000101110000001111100001000011110010011111011000011100011011011111011101100110100111110000
011111010100110011000111110001100100011111011100000110011110101000010010010011011100110111011011
001010000101101000000110110010110111110010100110101001110100110101111000000110000001111010111011
110001111010001001111110101001111111100101101011011011110100100110000010010101001111011010101011
110000110100000101010000101110110111110001010101000110001011101011001000010010110010100111000100
001000100101011110100010000011100111011100010000010001111110000011110110110000011110101011000001
000101110111110010111010010111010111011001010101001111000001111011110001110000110011100001001001
010100110110111001000010001010100100010010011011111110011100011111101110000010111000101110111110
000000010010100010010001100010110101000100100011101101110011100001100111100100011011111000101000
110010000000101101111011010111000101010011010101101001011001001000111100011001110010110101111011
100011101101010001110111100100111010000000100110111001001110001001111010011101110101110001010110
100111010000000101000011111000010101110010001010110011101010001011110110111011111001001100101000
